0.000010100000000000005	0.7333265257378556
0.000010189813457795877	0.73332652574921
0.000010280425574720605	0.7333265257607613
0.00001037184345278781	0.7333265257725237
0.00001046407425716529	0.7333265257844976
0.000010557125216736457	0.7333265257966821
0.000010651003624667081	0.7333265258090856
0.000010745716838976756	0.7333265258217065
0.00001084127228311575	0.7333265258345584
0.000010937677446546777	0.7333265258476428
0.000011034939885331955	0.7333265258609524
0.000011133067222725169	0.7333265258745055
0.00001123206714976941	0.7333265258882993
0.000011331947425899729	0.7333265259023378
0.000011432715879551343	0.7333265259166278
0.000011534380408773153	0.7333265259311768
0.000011636948981846925	0.7333265259459796
0.00001174042963791166	0.7333265259610482
0.000011844830487593838	0.7333265259763898
0.000011950159713643045	0.7333265259920043
0.000012056425571573264	0.7333265260078923
0.000012163636390310075	0.7333265260240724
0.000012271800572843288	0.7333265260405383
0.000012380926596885729	0.7333265260572929
0.00001249102301553753	0.7333265260743502
0.000012602098457956664	0.7333265260917149
0.000012714161630035213	0.7333265261093951
0.000012827221315081656	0.7333265261273813
0.000012941286374509442	0.7333265261456913
0.000013056365748531354	0.73332652616433
0.000013172468456860405	0.7333265261832999
0.000013289603599416613	0.7333265262026096
0.000013407780357040384	0.7333265262222659
0.00001352700799221203	0.7333265262422701
0.00001364729584977767	0.7333265262626314
0.000013768653357681831	0.733326526283363
0.000013891090027706203	0.7333265263044613
0.000014014615456215319	0.7333265263259288
0.000014139239324908628	0.7333265263477882
0.000014264971401579264	0.7333265263700384
0.000014391821540879791	0.7333265263926851
0.0000145197996850944	0.7333265264157336
0.000014648915864918335	0.7333265264391989
0.000014779180200244018	0.7333265264630754
0.000014910602900954138	0.7333265264873856
0.000015043194267722072	0.7333265265121238
0.000015176964692819019	0.7333265265373151
0.000015311924660928744	0.7333265265629412
0.00001544808474996913	0.733326526589032
0.000015585455631921448	0.7333265266155882
0.000015724048073666725	0.7333265266426251
0.000015863872937829552	0.7333265266701422
0.000016004941183629664	0.7333265266981477
0.000016147263867740686	0.7333265267266537
0.00001629085214515697	0.7333265267556682
0.00001643571727006765	0.7333265267852026
0.000016581870596738946	0.733326526815267
0.00001672932358040401	0.7333265268458652
0.000016878087778160652	0.7333265268770112
0.000017028174849877402	0.7333265269087071
0.000017179596559107126	0.7333265269409802
0.000017332364774009253	0.7333265269738233
0.000017486491468279893	0.7333265270072534
0.000017641988722090213	0.7333265270412888
0.000017798868723033486	0.7333265270759196
0.000017957143767080063	0.7333265271111781
0.000018116826259541358	0.7333265271470615
0.00001827792871604203	0.7333265271835891
0.00001844046376350086	0.7333265272207653
0.000018604444141120647	0.7333265272586141
0.00001876988270138641	0.7333265272971333
0.000018936792411073024	0.7333265273363327
0.000019105186352261253	0.7333265273762445
0.00001927507772336334	0.7333265274168614
0.00001944647984015738	0.7333265274582101
0.00001961940613683087	0.733326527500296
0.000019793870167033913	0.7333265275431305
0.000019969885604941226	0.7333265275867288
0.00002014746624632421	0.7333265276311127
0.000020326626009631934	0.733326527676286
0.00002050737893708229	0.7333265277222671
0.000020689739195762483	0.7333265277690653
0.00002087372107873934	0.7333265278167077
0.00002105933900617979	0.7333265278651903
0.00002124660752648083	0.7333265279145508
0.000021435541317410043	0.7333265279647854
0.00002162615518725591	0.7333265280159156
0.000021818464075988345	0.7333265280679652
0.000022012483056429924	0.7333265281209435
0.000022208227335436955	0.7333265281748659
0.00002240571225509165	0.7333265282297522
0.000022604953293904477	0.7333265282856233
0.000022805966068027227	0.7333265283424836
0.000023008766332477253	0.7333265284003685
0.00002321336998237201	0.7333265284592849
0.000023419793054175194	0.73332652851925
0.000023628051726953336	0.7333265285802872
0.000023838162323644168	0.7333265286424168
0.000024050141312335872	0.7333265287056578
0.00002426400530755768	0.7333265287700266
0.00002447977107158239	0.733326528835543
0.000024697455515739837	0.733326528902235
0.000024917075701742687	0.7333265289701149
0.000025138648843023383	0.7333265290392068
0.000025362192306083596	0.7333265291095356
0.000025587723611855248	0.7333265291811165
0.000025815260437073646	0.733326529253983
0.000026044820615663255	0.7333265293281477
0.000026276422140135128	0.7333265294036334
0.000026510083162997463	0.7333265294804708
0.000026745821998178196	0.7333265295586803
0.000026983657122460306	0.7333265296382881
0.000027223607176930292	0.7333265297193182
0.00002746569096843887	0.733326529801795
0.000027709927471075345	0.7333265298857462
0.000027956335827654613	0.7333265299711907
0.000028204935351217415	0.7333265300581678
0.000028455745526544383	0.7333265301467029
0.000028708786011682838	0.7333265302368178
0.00002896407663948794	0.7333265303285347
0.000029221637419176757	0.7333265304218972
0.00002948148853789691	0.7333265305169194
0.000029743650362308637	0.7333265306136465
0.00003000814344018095	0.7333265307120991
0.00003027498850200251	0.7333265308123093
0.00003054420646260599	0.7333265309143124
0.00003081581842280779	0.7333265310181367
0.00003108984567106147	0.7333265311238174
0.00003136630968512662	0.7333265312313827
0.00003164523213375216	0.7333265313408682
0.000031926634878374474	0.733326531452313
0.00003221053997483128	0.7333265315657479
0.000032496969675089866	0.7333265316812104
0.000032785946428991654	0.7333265317987336
0.000033077492886011257	0.7333265319183597
0.00003337163189703215	0.7333265320401217
0.000033668386516137507	0.7333265321640523
0.00003396778000241694	0.7333265322902007
0.000034269835821789865	0.7333265324186062
0.00003457457764884456	0.7333265325493018
0.00003488202936869353	0.7333265326823372
0.00003519221507884602	0.7333265328177387
0.00003550515909109624	0.7333265329555679
0.000035820885933429366	0.7333265330958552
0.00003613942035194351	0.7333265332386498
0.000036460787312789704	0.733326533383996
0.000036785012004128534	0.733326533531938
0.00003711211983810412	0.7333265336825274
0.00003744213645283636	0.7333265338357993
0.00003777508771442984	0.7333265339918119
0.00003811099971900172	0.7333265341506118
0.00003844989879472658	0.7333265343122511
0.000038791811503900416	0.7333265344767701
0.00003913676464502237	0.7333265346442387
0.00003948478525489491	0.7333265348146943
0.00003983590061074346	0.7333265349881984
0.00004019013823235371	0.733326535164793
0.00004054752588422921	0.7333265353445519
0.00004090809157776686	0.7333265355275126
0.000041271863573452946	0.7333265357137488
0.000041638870383077904	0.7333265359033068
0.00004200914077197081	0.7333265360962586
0.00004238270376125441	0.7333265362926487
0.00004275958863011947	0.7333265364925519
0.00004313982491811948	0.733326536696024
0.000043523442427486374	0.7333265369031361
0.00004391047122546579	0.7333265371139402
0.00004430094164667431	0.7333265373285165
0.00004469488429547639	0.7333265375469248
0.00004509233004838364	0.7333265377692322
0.000045493310056474615	0.7333265379955105
0.00004589785574783617	0.7333265382258316
0.00004630599883002728	0.7333265384602652
0.00004671777129256355	0.7333265386988878
0.00004713320540942521	0.7333265389417799
0.000047552333741585964	0.7333265391890059
0.000047975189139565684	0.7333265394406442
0.000048401804746004914	0.7333265396967866
0.00004883221399826228	0.7333265399575033
0.00004926645063103583	0.7333265402228685
0.00004970454867900642	0.7333265404929805
0.000050146542479505995	0.7333265407679203
0.00005059246667520818	0.7333265410477627
0.00005104235621684411	0.7333265413326171
0.00005149624636594157	0.7333265416225511
0.00005195417269758844	0.7333265419176597
0.00005241617110322154	0.7333265422180508
0.000052882277793439496	0.7333265425238019
0.00005335252930084056	0.7333265428350194
0.0000538269624828866	0.7333265431517936
0.00005430561452479123	0.7333265434742269
0.00005478852294243502	0.7333265438024174
0.00005527572558530517	0.7333265441364784
0.0000557672606394628	0.7333265444765008
0.000056263166630535555	0.7333265448225957
0.00005676348242673692	0.7333265451748792
0.000057268247241913305	0.7333265455334538
0.00005777750063861679	0.7333265458984359
0.00005829128253120673	0.7333265462699308
0.00005880963318897741	0.7333265466480641
0.00005933259323931493	0.7333265470329546
0.000059860203670881267	0.7333265474247231
0.000060392505836826514	0.7333265478234917
0.00006092954145803086	0.7333265482293745
0.0000614713526263737	0.7333265486425163
0.00006201798180803362	0.7333265490630321
0.0000625694718468159	0.7333265494910689
0.00006312586596751135	0.7333265499267437
0.00006368720777928384	0.7333265503702021
0.00006425354127908797	0.7333265508215848
0.00006482491085511825	0.7333265512810317
0.0000654013612902873	0.7333265517486858
0.00006598293776573658	0.7333265522246928
0.00006656968586437736	0.7333265527091986
0.00006716165157446298	0.7333265532023697
0.00006775888129319421	0.7333265537043432
0.00006836142183035478	0.7333265542152889
0.00006896932041198116	0.7333265547353605
0.0000695826246840636	0.7333265552647215
0.00007020138271628026	0.7333265558035356
0.00007082564300576559	0.7333265563519794
0.00007145545448091052	0.7333265569102192
0.00007209086650519839	0.7333265574784358
0.0000727319288810729	0.7333265580567941
0.00007337869185384246	0.7333265586454913
0.00007403120611561799	0.7333265592447041
0.00007468952280928557	0.7333265598546173
0.00007535369353251596	0.7333265604754307
0.00007602377034180762	0.7333265611073302
0.00007669980575656786	0.7333265617505249
0.00007738185276322817	0.7333265624051988
0.00007806996481939814	0.733326563071576
0.00007876419585805493	0.7333265637498548
0.0000794646002917701	0.7333265644402447
0.00008017123301697513	0.7333265651429762
0.00008088414941826371	0.733326565858257
0.0000816034053727324	0.7333265665863201
0.00008232905725436045	0.7333265673273826
0.00008306116193842862	0.733326568081691
0.00008379977680597661	0.7333265688494647
0.00008454495974830009	0.7333265696309587
0.00008529676917148897	0.7333265704264174
0.00008605526400100475	0.7333265712360788
0.0000868205036862985	0.7333265720602086
0.00008759254820547151	0.7333265728990584
0.00008837145806997497	0.7333265737528973
0.00008915729432935409	0.733326574621983
0.00008995011857603167	0.7333265755066003
0.00009074999295013684	0.7333265764070127
0.00009155698014437491	0.7333265773235147
0.00009237114340894069	0.7333265782563897
0.00009319254655647702	0.7333265792059293
0.00009402125396707504	0.7333265801724301
0.00009485733059332145	0.7333265811561979
0.00009570084196538803	0.7333265821575355
0.000096551854196169	0.7333265831767625
0.00009741043398646233	0.7333265842142022
0.00009827664863019706	0.733326585270168
0.00009915056601970873	0.7333265863450029
0.0001000322546510602	0.7333265874390316
0.00010092178362940978	0.7333265885526113
0.00010181922267442802	0.7333265896860797
0.0001027246421257625	0.7333265908397987
0.00010363811294855064	0.7333265920141252
0.00010455970673898118	0.7333265932094287
0.00010548949572990696	0.7333265944260849
0.00010642755279650574	0.7333265956644782
0.00010737395146199158	0.7333265969249975
0.00010832876590337868	0.73332659820803
0.00010929207095729373	0.7333265995139768
0.00011026394212584308	0.7333266008432644
0.00011124445558252881	0.7333266021962926
0.00011223368817822053	0.7333266035734873
0.00011323171744717812	0.7333266049752863
0.00011423862161312825	0.73332660640213
0.00011525447959539671	0.7333266078544624
0.00011627937101509239	0.7333266093327377
0.0001173133762013495	0.7333266108374167
0.0001183565761976219	0.7333266123689843
0.00011940905276803665	0.733326613927908
0.00012047088840380194	0.733326615514675
0.00012154216632967185	0.733326617129795
0.00012262297051047075	0.7333266187737616
0.00012371338565767362	0.7333266204470993
0.00012481349723604513	0.7333266221503263
0.00012592339147033866	0.7333266238839823
0.00012704315535205495	0.7333266256486067
0.00012817287664625975	0.7333266274447581
0.00012931264389846216	0.733326629272985
0.00013046254644155596	0.7333266311338843
0.0001316226744028206	0.7333266330280214
0.00013279311871098475	0.7333266349559903
0.00013397397110335443	0.7333266369184095
0.0001351653241330016	0.7333266389158782
0.00013636727117602015	0.7333266409490303
0.0001375799064388425	0.7333266430185073
0.0001388033249656252	0.7333266451249479
0.0001400376226456974	0.7333266472690159
0.00014128289622107598	0.7333266494513868
0.00014253924329404952	0.7333266516727479
0.00014380676233482633	0.7333266539337882
0.00014508555268925432	0.7333266562352214
0.0001463757145866055	0.7333266585777631
0.00014767734914743373	0.7333266609621522
0.00014899055839149927	0.7333266633891389
0.00015031544524576445	0.7333266658594795
0.0001516521135524623	0.7333266683739492
0.00015300066807723476	0.733326670933335
0.00015436121451734345	0.7333266735384417
0.00015573385950995463	0.733326676190089
0.00015711871064049776	0.7333266788891077
0.0001585158764510973	0.7333266816363363
0.00015992546644907912	0.7333266844326435
0.0001613475911155553	0.7333266872788988
0.0001627823619140826	0.733326690176006
0.00016422989129939773	0.7333266931248611
0.00016569029272623357	0.733326696126396
0.00016716368065820917	0.733326699181551
0.0001686501705768034	0.7333267022912797
0.00017014987899040404	0.7333267054565644
0.00017166292344344142	0.733326708678393
0.0001731894225256005	0.733326711957773
0.0001747294958811148	0.733326715295738
0.00017628326421814607	0.7333267186933312
0.00017785084931824262	0.7333267221516192
0.00017943237404588691	0.733326725671683
0.0001810279623581229	0.733326729254633
0.0001826377393142738	0.733326732901582
0.00018426183108574305	0.7333267366136811
0.0001859003649659024	0.7333267403920921
0.00018755346938007097	0.733326744238007
0.00018922127389557985	0.7333267481526178
0.00019090390923192692	0.7333267521371619
0.00019260150727102283	0.7333267561928789
0.00019431420106752852	0.7333267603210573
0.00019604212485928305	0.7333267645229754
0.0001977854140778239	0.7333267687999511
0.00019954420535900388	0.7333267731533388
0.00020131863655369945	0.7333267775844857
0.00020310884673861414	0.7333267820948008
0.00020491497622718153	0.7333267866856759
0.00020673716658055994	0.7333267913585664
0.00020857556061873076	0.7333267961149355
0.00021043030243168926	0.7333268009562703
0.00021230153739074087	0.7333268058840932
0.00021418941215989393	0.7333268108999395
0.00021609407470735386	0.7333268160053895
0.00021801567431712328	0.7333268212020444
0.00021995436160069949	0.73332682649153
0.0002219102885088823	0.733326831875511
0.00022388360834368055	0.7333268373556613
0.00022587447577033034	0.7333268429337084
0.00022788304682941623	0.733326848611401
0.00022990947894910025	0.7333268543905288
0.00023195393095746324	0.7333268602728878
0.00023401656309495226	0.7333268662603211
0.00023609753702693917	0.7333268723547212
0.00023819701585639248	0.7333268785579918
0.00024031516413666187	0.733326884872071
0.00024245214788437482	0.733326891298945
0.00024460813459244727	0.7333268978406294
0.0002467832932432142	0.7333269044991686
0.00024897779432167267	0.7333269112766645
0.0002511918098288429	0.7333269181752264
0.0002534255132952524	0.7333269251970156
0.0002556790797945336	0.7333269323442491
0.0002579526859571493	0.7333269396191496
0.0002602465099842329	0.7333269470240191
0.0002625607316615589	0.7333269545611574
0.00026489553237363245	0.7333269622329456
0.0002672510951179052	0.7333269700417794
0.0002696276045191208	0.7333269779901093
0.0002720252468437822	0.7333269860804242
0.00027444421001475455	0.7333269943152627
0.00027688468362599037	0.7333270026972047
0.000279346858957393	0.7333270112288809
0.0002818309289898073	0.7333270199129682
0.00028433708842014367	0.7333270287521766
0.0002868655336766411	0.7333270377492995
0.00028941646293426115	0.733327046907132
0.0002919900761302198	0.7333270562285682
0.00029458657497965894	0.7333270657165112
0.00029720616299145757	0.733327075373948
0.0002998490454841815	0.7333270852039052
0.0003025154296021742	0.7333270952094605
0.0003052055243317955	0.7333271053937498
0.0003079195405178001	0.7333271157599712
0.00031065769087986204	0.7333271263113712
0.0003134201900292483	0.7333271370512577
0.00031620725448564105	0.733327147982998
0.00031901910269410645	0.7333271591100228
0.00032185595504221476	0.7333271704358153
0.0003247180338773172	0.7333271819639312
0.00032760556352397116	0.7333271936979755
0.00033051877030152094	0.7333272056416394
0.0003334578825418403	0.7333272177986595
0.00033642313060722374	0.7333272301728496
0.0003394147469084465	0.7333272427680844
0.0003424329659229774	0.733327255588319
0.00034547802421335775	0.7333272686375704
0.000348550160445743	0.7333272819199291
0.0003516496154086082	0.7333272954395562
0.0003547766320316223	0.7333273092006957
0.000357931455404685	0.7333273232076584
0.0003611143327971412	0.7333273374648434
0.00036432551367715743	0.733327351976705
0.00036756524973127655	0.7333273667478066
0.0003708337948841455	0.7333273817827715
0.0003741314053184138	0.7333273970863122
0.0003774583394948177	0.7333274126632419
0.00038081485817243366	0.7333274285184184
0.0003842012244291183	0.7333274446568255
0.00038761770368212726	0.733327461083528
0.00039106456370891814	0.7333274778036695
0.00039454207466813984	0.7333274948224985
0.0003980505091208035	0.733327512145337
0.0004015901420516501	0.7333275297776322
0.0004051612508906994	0.7333275477248941
0.0004087641155349959	0.7333275659927591
0.00041239901837054806	0.7333275845869625
0.00041606624429445726	0.7333276035133154
0.0004197660807372524	0.7333276227777656
0.00042349881768541457	0.733327642386345
0.00042726474770410713	0.7333276623451979
0.0004310641659601062	0.7333276826605947
0.00043489737024493503	0.7333277033388925
0.00043876466099820606	0.7333277243865758
0.00044266634133116476	0.7333277458102507
0.00044660271705045226	0.7333277676166197
0.00045057409668206977	0.7333277898125297
0.0004545807914955617	0.7333278124049358
0.00045862311552841405	0.7333278354009262
0.0004627013856106639	0.7333278588077036
0.00046681592138973706	0.7333278826326035
0.0004709670453554977	0.733327906883099
0.00047515508286552613	0.7333279315667917
0.00047938036217061935	0.7333279566914211
0.0004836432144405185	0.7333279822648601
0.0004879439737898672	0.7333280082951331
0.0004922829773043947	0.7333280347903991
0.0004966605650673411	0.7333280617589515
0.0005010770801861089	0.7333280892092586
0.0005055328688191558	0.7333281171499254
0.0005100282802031285	0.7333281455896966
0.00051456366668023	0.7333281745375075
0.0005191393837258419	0.7333282040024238
0.0005237557899763805	0.7333282339936754
0.0005284132472574095	0.7333282645206758
0.0005331121206119974	0.7333282955929877
0.0005378527783293295	0.7333283272203535
0.0005426355919735754	0.733328359412689
0.0005474609364130068	0.7333283921800908
0.0005523291898493853	0.733328425532826
0.0005572407338476003	0.7333284594813434
0.0005621959533655773	0.7333284940362983
0.0005671952367844495	0.7333285292085164
0.0005722389759390005	0.7333285650090247
0.0005773275661483724	0.7333286014490412
0.0005824614062470522	0.7333286385399985
0.0005876408986161313	0.7333286762935172
0.0005928664492148437	0.7333287147214377
0.0005981384676123829	0.7333287538357985
0.0006034573670200064	0.7333287936488669
0.0006088235643234188	0.7333288341731219
0.0006142374801154485	0.7333288754212745
0.0006196995387290126	0.7333289174062392
0.0006252101682703755	0.7333289601411885
0.0006307698006527024	0.7333290036395177
0.0006363788716299141	0.7333290479148559
0.0006420378208308373	0.7333290929810939
0.000647747091793664	0.7333291388523531
0.000653507132000715	0.7333291855430143
0.0006593183929135125	0.7333292330676984
0.000665181330008164	0.7333292814413318
0.0006710964028110646	0.7333293306790537
0.0006770640749349102	0.7333293807963146
0.0006830848141150363	0.7333294318088112
0.0006891590922460787	0.7333294837325435
0.0006952873854189591	0.7333295365837845
0.0007014701739581995	0.733329590379104
0.0007077079424595722	0.7333296451353655
0.0007140011798280775	0.7333297008697269
0.0007203503793162654	0.7333297575996632
0.000726756038562896	0.7333298153429594
0.0007332186596319426	0.7333298741177128
0.0007397387490519425	0.7333299339423469
0.0007463168178557005	0.7333299948356101
0.0007529533816203381	0.7333300568166015
0.0007596489605077068	0.7333301199047397
0.0007664040793051568	0.7333301841198043
0.0007732192674666682	0.7333302494819146
0.0007800950591543487	0.7333303160115742
0.0007870319932803026	0.7333303837296281
0.0007940306135488659	0.7333304526573076
0.0008010914684992232	0.7333305228162147
0.000808215111548401	0.7333305942283315
0.0008154021010346432	0.7333306669160553
0.000822653000261172	0.7333307409021685
0.0008299683775403415	0.7333308162098539
0.0008373488062381767	0.7333308928627232
0.0008447948648193158	0.733330970884801
0.0008523071368923482	0.7333310503005415
0.000859886211255557	0.7333311311348369
0.0008675326819430673	0.7333312134130241
0.0008752471482714081	0.733331297160891
0.0008830302148864814	0.7333313824046923
0.0008908824918109562	0.733331469171139
0.0008988045944920802	0.7333315574874362
0.0009067971438499177	0.7333316473812522
0.000914860766326015	0.7333317388807727
0.0009229960939325031	0.733331832014672
0.0009312037643016288	0.7333319268121381
0.0009394844207357349	0.7333320233028898
0.000947838712257679	0.7333321215171712
0.0009562672936617047	0.7333322214857482
0.0009647708255647609	0.7333323232399727
0.0009733499744582806	0.7333324268117233
0.0009820054127604224	0.7333325322334656
0.0009907378188687675	0.7333326395382461
0.0009995478772134956	0.7333327487596838
0.001008436278311028	0.7333328599320146
0.0010174037188181492	0.7333329730900834
0.0010264509015866083	0.7333330882693564
0.0010355785357182114	0.7333332055059291
0.0010447873366203945	0.7333333248365398
0.0010540780260622983	0.7333334462985891
0.001063451332231339	0.7333335699301445
0.001072907989790283	0.733333695769955
0.001082448739934826	0.7333338238574475
0.0010920743304516916	0.7333339542327699
0.001101785515777235	0.7333340869367883
0.0011115830570565788	0.7333342220110773
0.0011214677222032687	0.7333343594979733
0.0011314402859594615	0.7333344994405646
0.0011415015299566466	0.7333346418826975
0.0011516522427769133	0.7333347868690185
0.0011618932200147527	0.7333349344449651
0.0011722252643394176	0.733335084656776
0.001182649185557835	0.7333352375515237
0.0011931658006780759	0.733335393177125
0.0012037759339733904	0.7333355515823409
0.0012144804170468179	0.7333357128168211
0.0012252800888963584	0.7333358769310744
0.0012361757959807374	0.7333360439765386
0.0012471683922857478	0.7333362140055544
0.001258258739391185	0.7333363870714014
0.0012694477065383729	0.7333365632283093
0.0012807361706982999	0.7333367425314707
0.0012921250166403465	0.733336925037084
0.0013036151370016365	0.7333371108023137
0.001315207432357	0.7333372998853798
0.0013269028112895568	0.7333374923455236
0.001338702190461931	0.7333376882430528
0.0013506064946881	0.7333378876393372
0.0013626166570058736	0.7333380905968655
0.0013747336187500284	0.7333382971792162
0.0013869583296260862	0.7333385074511303
0.0013992917477847514	0.7333387214784571
0.0014117348398970068	0.7333389393282883
0.0014242885812298847	0.733339161068859
0.001436953955722899	0.7333393867696393
0.0014497319560651707	0.733339616501344
0.0014626235837732302	0.7333398503359435
0.0014756298492695152	0.7333400883467033
0.0014887517719615643	0.7333403306081778
0.001501990380321922	0.7333405771962697
0.0015153467119687404	0.7333408281882233
0.00152882181374711	0.733341083662663
0.0015424167418111097	0.7333413436996351
0.0015561325617065864	0.7333416083805867
0.0015699703484546672	0.7333418777884372
0.0015839311866360257	0.7333421520075751
0.0015980161704758785	0.7333424311239002
0.001612226403929757	0.7333427152248418
0.0016265630007700294	0.7333430043993872
0.001641027084673198	0.733343298738127
0.001655619789307968	0.7333435983332444
0.0016703422584241105	0.7333439032785926
0.0016851956459420958	0.73334421366967
0.0017001811160435437	0.7333445296036997
0.0017152998432624677	0.7333448511796448
0.0017305530125773325	0.7333451784982042
0.00174594181950393	0.7333455116619064
0.0017614674701890865	0.7333458507750897
0.0017771311815051902	0.7333461959439586
0.0017929341811455724	0.7333465472766199
0.001808877707720732	0.7333469048830807
0.001824963010855414	0.7333472688753445
0.0018411913512865515	0.7333476393673982
0.001857564000962088	0.733348016475267
0.001874082243140658	0.7333484003170283
0.0018907473724921753	0.7333487910128851
0.0019075606951993041	0.7333491886851707
0.0019245235290598353	0.7333495934584116
0.0019416372035899719	0.7333500054593488
0.0019589030601285403	0.7333504248169881
0.001976322451942112	0.7333508516626238
0.0019938967443310783	0.7333512861298984
0.002011627314736655	0.7333517283548463
0.0020295155528488474	0.7333521784759133
0.002047562860715368	0.7333526366340205
0.002065770652851534	0.733353102972605
0.002084140356351123	0.7333535776376557
0.0021026734109982357	0.7333540607777682
0.0021213712693801375	0.7333545525441761
0.0021402353970011146	0.7333550530908266
0.002159267272397332	0.7333555625743946
0.0021784683872527267	0.7333560811543618
0.002197840246515913	0.7333566089930459
0.0022173843685181454	0.7333571462556525
0.002237102285092319	0.7333576931103412
0.002256995541693033	0.7333582497282708
0.002277065697517718	0.7333588162836263
0.0022973143256288524	0.7333593929537381
0.0023177430130772426	0.7333599799190512
0.002338353361026422	0.7333605773632751
0.002359146984878145	0.7333611854733373
0.0023801255143990003	0.7333618044395434
0.002401290593848144	0.7333624344555685
0.0024226438821061866	0.7333630757185349
0.002444187052805196	0.7333637284290849
0.002465921794459885	0.7333643927914437
0.002487849810599951	0.7333650690134521
0.0025099728199035956	0.7333657573066684
0.002532292556332229	0.7333664578864151
0.0025548107692663848	0.7333671709718524
0.0025775292236428172	0.7333678967860413
0.0026004497000928464	0.7333686355560162
0.0026235739950819163	0.7333693875128544
0.0026469039210503973	0.7333701528917436
0.002670441306555644	0.7333709319320699
0.0026941879964153185	0.733371724877474
0.002718145851851974	0.7333725319759342
0.00274231675063894	0.7333733534798441
0.0027667025872474996	0.7333741896461015
0.0027913052729953715	0.7333750407361539
0.002816126736196517	0.7333759070161209
0.0028411689223122832	0.7333767887568519
0.0028664337941038736	0.7333776862340294
0.0028919233317861942	0.7333785997282154
0.002917639533183056	0.7333795295249919
0.0029435844138837623	0.7333804759150023
0.002969760007401083	0.733381439194074
0.0029961683653306486	0.7333824196632923
0.003022811557511736	0.7333834176291036
0.0030496916721895065	0.7333844334034035
0.003076810816178679	0.7333854673036194
0.003104171115028657	0.7333865196528523
0.0031317747131901215	0.733387590779931
0.0031596237741831224	0.7333886810195339
0.0031877204807666333	0.7333897907123018
0.0032160670351096435	0.7333909202049135
0.003244665658963757	0.733392069850231
0.00327351859383733	0.7333932400073763
0.003302628101171153	0.7333944310418516
0.0033319964625157105	0.7333956433256679
0.003361625979709986	0.7333968772374475
0.003391518975061889	0.7333981331625303
0.0034216777915302703	0.7333994114931054
0.0034521047929085584	0.7334007126283345
0.003482802364010026	0.7334020369744821
0.0035137729108547203	0.7334033849449978
0.0035450188608580234	0.7334047569607105
0.003576542663020922	0.7334061534498983
0.0036083467881219515	0.7334075748484566
0.003640433728910852	0.7334090216000198
0.003672806000303942	0.7334104941560922
0.0037054661395812447	0.7334119929762047
0.003738416706585339	0.7334135185280308
0.003771660283922004	0.7334150712875512
0.003805199477162641	0.7334166517392144
0.0038390369150484885	0.7334182603760244
0.003873175249696657	0.7334198976997629
0.003907617156808012	0.7334215642211026
0.003942365335876867	0.7334232604597818
0.003977422510402583	0.7334249869447458
0.004012791428103021	0.7334267442143245
0.004048474861129913	0.7334285328163971
0.004084475606286125	0.7334303533085512
0.004120796485244886	0.7334322062582648
0.004157440344770922	0.7334340922430607
0.004194410056943593	0.7334360118507135
0.004231708519382002	0.733437965679403
0.0042693386554720995	0.7334399543378975
0.004307303414595815	0.7334419784457747
0.0043456057723622364	0.7334440386335545
0.00438424873084081	0.733446135542942
0.004423235318796654	0.733448269827015
0.004462568591927941	0.7334504421503721
0.004502251633105401	0.7334526531894164
0.004542287552613947	0.7334549036324968
0.004582679488396467	0.733457194180157
0.004623430606299748	0.7334595255453232
0.004664544100322628	0.7334618984535349
0.004706023192866327	0.7334643136431606
0.004747871134987014	0.7334667718656305
0.004790091206650617	0.7334692738856502
0.004832686716989919	0.733471820481447
0.004875661004563888	0.7334744124450011
0.004919017437619376	0.7334770505822813
0.004962759414355102	0.7334797357134981
0.005006890363188002	0.7334824686733458
0.005051413743021938	0.7334852503112405
0.0050963330435188125	0.7334880814916327
0.005141651785372064	0.7334909630941994
0.005187373520582622	0.7334938960141347
0.005233501832737307	0.7334968811624538
0.005280040337289705	0.7334999194662207
0.005326992681843534	0.7335030118688497
0.0053743625464385564	0.7335061593303923
0.005422153643838985	0.7335093628278215
0.005470369719824501	0.7335126233553223
0.00551901455348384	0.7335159419245935
0.005568091957510986	0.733519319565156
0.005617605778504001	0.7335227573246558
0.005667559897266533	0.7335262562691901
0.005717958229111956	0.733529817483606
0.0057688047241702695	0.7335334420718443
0.00582010336769769	0.7335371311572709
0.005871858180389016	0.7335408858829808
0.00592407321869275	0.7335447074121941
0.005976752575129064	0.7335485969285567
0.006029900378610528	0.7335525556365103
0.0060835207947657465	0.7335565847616579
0.0061376180262658515	0.7335606855511179
0.006192196313153898	0.7335648592739088
0.0062472599331771855	0.7335691072213062
0.0063028132021225635	0.7335734307072355
0.006358860474154658	0.7335778310686659
0.006415406142157172	0.7335823096660266
0.0064724546380771795	0.7335868678835599
0.006530010433272496	0.733591507129747
0.006588078038862133	0.73359622883778
0.006646662006079887	0.7336010344658966
0.00670576692663103	0.7336059254978708
0.006765397433052218	0.7336109034434454
0.006825558199074574	0.7336159698387331
0.006886253939990011	0.7336211262467128
0.006947489413020799	0.7336263742576976
0.00700926941769245	0.7336317154897207
0.007071598796209865	0.7336371515891054
0.007134482433836875	0.7336426842308974
0.007197925259279139	0.7336483151193584
0.0072619322450704436	0.7336540459884653
0.007326508407962436	0.7336598786024155
0.007391658809317852	0.7336658147561443
0.007457388555507182	0.7336718562758324
0.007523702798308917	0.7336780050194591
0.007590606735313341	0.7336842628773217
0.007658105610329895	0.7336906317725719
0.007726204713798182	0.7336971136618112
0.007794909383202643	0.7337037105356043
0.007864225003490861	0.7337104244191056
0.007934157007495647	0.7337172573725765
0.008004710876360855	0.7337242114920358
0.008075892139970982	0.7337312889098284
0.008147706377384576	0.7337384917952505
0.008220159217271553	0.7337458223551467
0.008293256338354309	0.7337532828345738
0.008367003469852845	0.7337608755173979
0.008441406391933798	0.7337686027269769
0.008516470936163485	0.7337764668268064
0.00859220298596496	0.7337844702211681
0.008668608477079178	0.7337926153558598
0.008745693398030186	0.7338009047188123
0.008823463790594512	0.7338093408408559
0.008901925750274715	0.7338179262963973
0.008981085426777129	0.7338266637041608
0.009060949024493859	0.7338355557278746
0.009141522802989107	0.7338446050895242
0.009222813077489737	0.7338538145461857
0.009304826219380273	0.7338631868882869
0.009387568656702285	0.7338727249672445
0.009471046874658193	0.7338824316834099
0.009555267416119574	0.733892309986698
0.009640236882139963	0.7339023628775749
0.009725961932472276	0.7339125934077245
0.009812449286090737	0.7339230046810123
0.009899705721717524	0.7339335998542716
0.009987738078354071	0.7339443821381432
0.010076553255817099	0.7339553547980278
0.010166158215279395	0.7339665211548654
0.010256559979815458	0.733977884586095
0.010347765634951902	0.7339894485265763
0.010439782329222836	0.7340012164694618
0.010532617274730148	0.7340131919671571
0.010626277747708777	0.7340253786322422
0.010720771089097	0.7340377801385357
0.010816104705111844	0.7340504002218938
0.010912286067829506	0.7340632426813556
0.01100932271577105	0.7340763113800927
0.011107222254493242	0.7340896102463426
0.01120599235718467	0.734103143274574
0.011305640765267133	0.7341169145264134
0.011406175289002451	0.7341309281317705
0.011507603808104555	0.7341451882898684
0.011609934272357122	0.7341596992703411
0.011713174702236658	0.7341744654143421
0.011817333189541125	0.7341894911356561
0.011922417898024156	0.7342047809217422
0.012028437064034954	0.7342203393349781
0.012135398997163777	0.7342361710137687
0.012243312080893277	0.7342522806738025
0.012352184773255566	0.7342686731089604
0.012462025607495143	0.7342853531928992
0.012572843192737703	0.7343023258799097
0.012684646214664948	0.734319596206364
0.012797443436195294	0.7343371692918838
0.01291124369817073	0.7343550503405923
0.013026055920049741	0.7343732446423866
0.013141889100606393	0.7343917575741283
0.013258752318635636	0.7344105946011505
0.013376654733664926	0.734429761278396
0.013495605586672062	0.734449263251817
0.013615614200809532	0.7344691062595659
0.013736689982135217	0.7344892961336317
0.013858842420349633	0.7345098388009722
0.013982081089539704	0.7345307402849701
0.014106415648929206	0.7345520067068063
0.014231855843635767	0.7345736442869486
0.014358411505434723	0.7345956593464766
0.0144860925535297	0.7346180583085784
0.014614908995330064	0.7346408476999571
0.014744870927235271	0.7346640341523555
0.014875988535426259	0.7346876244039223
0.015008272096663736	0.7347116253008558
0.015141731979093718	0.7347360437987809
0.015276378643060142	0.7347608869643488
0.015412222641924735	0.7347861619767145
0.015549274622894151	0.7348118761290389
0.015687545327854536	0.7348380368301263
0.01582704559421337	0.7348646516059241
0.015967786355748952	0.7348917281011919
0.01610977864346734	0.7349192740808853
0.016253033586466948	0.7349472974320195
0.016397562412810814	0.7349758061651012
0.01654337645040669	0.7350048084157107
0.016690487127894806	0.7350343124462092
0.016838905975543706	0.7350643266474401
0.016988644626153935	0.7350948595402726
0.017139714815969806	0.7351259197771701
0.01729212838559925	0.7351575161440412
0.01744589728094192	0.7351896575617828
0.017601033554125404	0.7352223530880353
0.017757549364449895	0.7352556119185811
0.017915456979341212	0.7352894433895669
0.0180747687753123	0.7353238569786661
0.018235497238933255	0.7353588623070271
0.01839765496781007	0.7353944691408599
0.018561254671571915	0.7354306873932385
0.018726309172867342	0.7354675271257507
0.01889283140836932	0.7355049985500919
0.01906083442978915	0.7355431120299251
0.019230331404899444	0.7355818780825689
0.019401335618566252	0.7356213073804866
0.019573860473790197	0.7356614107531201
0.01974791949275705	0.7357021991887761
0.019923526317897566	0.7357436838357796
0.020100694712956738	0.7357858760047858
0.020279438564072563	0.7358287871697723
0.020459771880864498	0.7358724289704973
0.020641708797531366	0.7359168132132997
0.020825263573959283	0.7359619518733989
0.021010450596839272	0.7360078570960028
0.021197284380794885	0.7360545411984852
0.0213857795695198	0.7361020166713828
0.02157595093692565	0.7361502961803841
0.021767813388299865	0.7361993925677907
0.021961381961473996	0.7362493188538975
0.02215667182800232	0.7363000882387294
0.022353698294350983	0.7363517141033558
0.02255247680309765	0.7364042100113897
0.02275302293414197	0.7364575897107094
0.02295535240592655	0.736511867134259
0.023159481076669056	0.736567056402081
0.023365424945605087	0.736623171822245
0.023573200154242212	0.7366802278922917
0.02378282298762505	0.7367382393004446
0.023994309875611783	0.7367972209269922
0.02420767739416174	0.7368571878453589
0.024422942266634697	0.7369181553230965
0.024640121365101592	0.7369801388233523
0.024859231711666933	0.7370431540055002
0.025080290479802935	0.7371072167264906
0.02530331499569563	0.7371723430416718
0.02552832273960274	0.7372385492054964
0.025755331347223825	0.737305851672474
0.02598435861108252	0.7373742670981082
0.02621542248192109	0.7374438123391698
0.026448541070107325	0.73751450445489
0.026683732647054127	0.7375863607068803
0.026921015646651433	0.7376593985600517
0.027160408666711117	0.7377336356828709
0.027401930470424638	0.7378090899475584
0.027645599987833665	0.7378857794305704
0.02789143631731375	0.7379637224124183
0.028139458727071333	0.7380429373780737
0.028389686656653784	0.7381234430164817
0.02864213971847316	0.7382052582208886
0.028896837699343342	0.7382884020880869
0.02915380056203091	0.7383728939185579
0.029413048446819745	0.738458753215534
0.02967460167308971	0.7385459996847166
0.02993848074090908	0.7386346532334589
0.030204706332641402	0.7387247339697286
0.030473299314566493	0.7388162622016394
0.030744280738516035	0.7389092584357675
0.03101767184352328	0.7390037433763681
0.03129349405748814	0.7390997379237239
0.03157176899885621	0.7391972631726649
0.03185251847831362	0.7392963404110959
0.03213576450049628	0.73939699111785
0.03242152926571444	0.7394992369609638
0.032709835171693104	0.7396030997954036
0.03300070481532704	0.7397086016605668
0.03329416099445239	0.7398157647782203
0.03359022670963301	0.7399246115494942
0.033888925165963646	0.7400351645519146
0.03419027977488853	0.7401474465368669
0.03449431415603616	0.7402614804256754
0.03480105213907095	0.7403772893067161
0.03511051776556049	0.7404948964315959
0.03542273529086033	0.7406143252110569
0.03573772918601486	0.7407355992113852
0.0360555241396751	0.7408587421497226
0.036376145060034254	0.7409837778897865
0.03669961707677939	0.7411107304370534
0.03702596554306164	0.7412396239339014
0.03735521603748275	0.7413704826543578
0.037687394366100385	0.7415033309986815
0.03802252656445057	0.7416381934876382
0.038360638899588066	0.7417750947568815
0.03870175787214565	0.7419140595503685
0.039045910218410605	0.742055112714323
0.03939312291242077	0.7421982791904688
0.03974342316807849	0.742343584009114
0.040096838441283415	0.7424910522820627
0.040453396432084884	0.7426407091951862
0.04081312508685248	0.7427925800008692
0.041176052600466986	0.7429466900101228
0.041542207418529625	0.743103064584445
0.04191161823959215	0.7432617291275432
0.04228431401740592	0.7434227090770207
0.04266032396319104	0.7435860298952494
0.0430396775479264	0.7437517170610461
0.04342240450465894	0.7439197960602386
0.043808534830834626	0.744090292376172
0.04419809879064938	0.7442632314814233
0.04459112691742084	0.744438638826398
0.04498765001598213	0.7446165398301596
0.04538769916509558	0.7447969598674928
0.04579130571988933	0.744979924255628
0.0461985013143142	0.7451654582319616
0.04660931786362368	0.7453535869241866
0.04702378756687515	0.7455443352979543
0.047441942909453326	0.7457377280741241
0.047863816665617016	0.7459337896096933
0.04828944190106719	0.7461325437909728
0.04871885197553925	0.7463340140863506
0.04915208054541739	0.7465382239206366
0.049589161566372365	0.7467451971958835
0.05003012929602335	0.7469549583839632
0.050475018296622404	0.7471675320659285
0.05092386343776404	0.7473829424532202
0.05137669989911754	0.7476012132156996
0.05183356317318493	0.7478223675130979
0.052294489068082504	0.7480464280813031
0.05275951371034715	0.7482734172937529
0.053228673547768536	0.7485033571888128
0.05370200535224505	0.7487362694863108
0.054179546222666596	0.7489721755876573
0.054661333587822034	0.7492110965740867
0.05514740520933253	0.749453053196747
0.05563779918461186	0.749698065863635
0.0561325539498517	0.7499461545835386
0.056631708283034925	0.7501973388029807
0.05713530130697418	0.7504516369533663
0.057643372492378976	0.7507090655265576
0.05815596166094898	0.7509696382627706
0.058673108988494926	0.7512333682953194
0.05919485500808818	0.7515002737795441
0.059721240613236866	0.7517703776718985
0.06025230706109173	0.7520437008725377
0.060788095975679496	0.7523202599731705
0.06132864935116495	0.7526000690129228
0.061874009555143154	0.7528831409198249
0.06242421933195922	0.7531694880386146
0.06297932180605945	0.7534591222315394
0.06353936048537046	0.7537520548457541
0.06410437926471002	0.7540482966550802
0.06467442242922714	0.7543478578023028
0.06524953465787266	0.7546507477539023
0.065829761026902	0.7549569752567624
0.06641514701340714	0.7552665483076592
0.06700573849888193	0.7555794741227103
0.06760158177281776	0.7558957591106673
0.06820272353633135	0.7562154088493688
0.06880921090582591	0.7565384280636149
0.06942109141668311	0.756864820602637
0.07003841302698972	0.7571945894230088
0.07066122412129562	0.757527736566302
0.07128957351440678	0.7578642631423367
0.07192351045521105	0.7582041693098721
0.07256308463053779	0.758547454259842
0.07320834616905308	0.7588941161988414
0.07385934564518773	0.7592441523348581
0.07451613408310206	0.7595975588560747
0.0751787629606848	0.7599543309193704
0.07584728421358732	0.7603144626393823
0.07652175023929522	0.7606779470655981
0.07720221390123416	0.7610447761779278
0.07788872853291415	0.7614149408686005
0.0785813479421087	0.7617884309316671
0.07928012641507319	0.7621652350527095
0.07998511872079925	0.76254534079614
0.080696380115307	0.7629287345967612
0.08141396634597703	0.76331540175049
0.08213793365591851	0.7637053264067702
0.08286833878837851	0.7640984915552151
0.08360523899118898	0.764494879029764
0.08434869202125322	0.7648944694901586
0.08509875614907396	0.7652972424285581
0.08585549016331911	0.765703176155578
0.08661895337543088	0.7661122478032546
0.08738920562427314	0.7665244333204027
0.0881663072808227	0.7669397074691214
0.08895031925290049	0.7673580438293226
0.08974130298994502	0.7677794147936067
0.09053932048782974	0.768203791573492
0.0913444342937209	0.7686311441982845
0.09215670751098116	0.7690614415178639
0.09297620380411424	0.7694946512122824
0.09380298740375595	0.7699307397913435
0.094637123111708	0.7703696726041077
0.09547867630601653	0.7708114138444003
0.0963277129460975	0.7712559265622583
0.09718429957790516	0.7717031726694439
0.09804850333914888	0.7721531129537185
0.09892039196455492	0.7726057070875636
0.09980003379117469	0.7730609136405817
0.10068749776374222	0.7735186900950206
0.10158285344007648	0.7739789928582076
0.10248617099653454	0.7744417772779332
0.10339752123351056	0.7749069976586552
0.10431697558098618	0.7753746072786138
0.10524460610412854	0.7758445584073025
0.10618048550893808	0.7763168023201191
0.1071246871479484	0.7767912893213524
0.10807728502597397	0.7772679687579706
0.10903835380591187	0.777746789039164
0.11000796881459313	0.7782276976520202
0.11098620604868611	0.7787106411771789
0.11197314218065439	0.7791955652936802
0.11296885456476465	0.7796824147890542
0.11397342124315103	0.7801711335513923
0.11498692095193054	0.78066166454101
0.11600943312737544	0.7811539497489673
0.11704103791213888	0.7816479300762855
0.11808181616153561	0.7821435451474172
0.11913184944988078	0.7826407298064324
0.12019122007688188	0.783139423574873
0.12126001107409073	0.7836395685281033
0.12233830621141074	0.7841410969366709
0.12342619000366194	0.7846439526867903
0.12452374771720665	0.7851481519176003
0.1256310653766307	0.7856536087286701
0.12674822977148784	0.7861601709467477
0.1278753284631	0.7866677899500949
0.1290124497914222	0.7871765591237827
0.1301596828819654	0.7876862410963844
0.1313171176527816	0.7881967964176858
0.1324848448215129	0.7887081754923299
0.1336629559125	0.789220319302838
0.13485154326395732	0.7897331647130708
0.1360507000352096	0.7902466462756095
0.13726052021399288	0.7907606976565246
0.13848109862382274	0.7912752526214244
0.13971253093142438	0.7917902453616856
0.14095491365423296	0.7923056104222876
0.14220834416795627	0.7928212825393272
0.1434729207142087	0.7933371965286264
0.14474874240821056	0.7938532872656292
0.14603590924655566	0.794369489747959
0.14733452211505071	0.7948857392189838
0.14864468279662052	0.7954019713139666
0.14996649397928738	0.7959181221859845
0.1513000592642187	0.7964341285795805
0.1526454831738464	0.7969499278529667
0.15400287116006103	0.7974654579615378
0.15537232961247463	0.7979806574208407
0.15675396586676169	0.7984954652747145
0.1581478882130696	0.7990098210719472
0.1595542059045083	0.7995236648524234
0.1609730291657124	0.8000369355607685
0.16240446920147958	0.8005495651789158
0.16384863820548862	0.8010614927699338
0.16530564936909056	0.8015726591772604
0.16677561689018267	0.8020830058162677
0.16825865598215792	0.8025924746970033
0.16975488288293453	0.8031010084478233
0.17126441486406846	0.8036085503393178
0.17278737023994262	0.8041150443082397
0.17432386837704242	0.8046204349806154
0.17587402970330923	0.8051246676951322
0.17743797571758133	0.8056276885250235
0.1790158289991159	0.8061294442996717
0.18060771321719563	0.8066298826251688
0.18221375314082383	0.8071289519041482
0.18383407464850116	0.8076266013547737
0.18546880473809388	0.8081227810286838
0.18711807153678686	0.8086174418279545
0.1887820043111249	0.8091105355212482
0.19046073347714676	0.8096020147589806
0.19215439061060427	0.8100918330873578
0.19386310845727758	0.8105799449616359
0.19558702094337702	0.8110663057581623
0.1973262631860422	0.8115508717858223
0.19908097150393136	0.8120336002956291
0.2008512834279046	0.8125144494907591
0.20263733771180584	0.8129933785345503
0.20443927434333528	0.8134703475568866
0.2062572345550238	0.8139453176618211
0.2080913608353015	0.8144182509323706
0.20994179693966455	0.8148891104355922
0.21180868790194515	0.8153578602240977
0.2136921800456759	0.8158244653415898
0.21559242099556147	0.8162888918222645
0.2175095596890461	0.8167511066926808
0.21944374638798975	0.8172110779726125
0.2213951326904442	0.8176687746710067
0.2233638715425338	0.8181241667872801
0.22535011725044587	0.818577225308288
0.2273540254925219	0.8190279222014691
0.22937575333146193	0.8194762304135975
0.2314154592266338	0.8199221238623483
0.2334733030464916	0.8203655774284435
0.23554944608110875	0.8208065669471742
0.23764405105481637	0.8212450691948425
0.23975728213896055	0.8216810618739474
0.24188930496476654	0.8221145235873486
0.24404028663632357	0.8225454338084937
0.24621039574368087	0.8229737728273565
0.24839980237606007	0.8233995216641938
0.2506086781351898	0.823822661907205
0.2528371961487516	0.8242431754028873
0.2550855310839528	0.8246610436855036
0.2573538591612153	0.8250762488205376
0.2596423581679857	0.8254888047190935
0.26195120747267336	0.8258987347630095
0.2642805880387056	0.8263059696458813
0.2666306824387142	0.8267104911298152
0.26900167486884236	0.8271122918546784
0.2713937511631841	0.8275113642510797
0.27380709880834875	0.827907700712904
0.2762419069581541	0.8283012939589367
0.27869836644845536	0.8286921372275963
0.2811766698120986	0.8290802243653641
0.28367701129401474	0.8294655498712483
0.2861995868664424	0.8298481089168109
0.2887445942442865	0.8302278973535282
0.29131223290061825	0.830604911710146
0.2939027040823055	0.8309791491853566
0.2965162108257901	0.8313506076353877
0.29915295797299746	0.8317192855656579
0.3018131521873953	0.8320851821090934
0.3044970019701901	0.8324482970059592
0.30720471767666724	0.8328086305793455
0.30993651153268226	0.8331661837033473
0.31269259765129026	0.8335209577633422
0.31547319204953145	0.8338729545871212
0.31827851266536067	0.8342221763634337
0.32110877937472737	0.8345686255171951
0.3239642140088127	0.8349123045744474
0.3268450403714121	0.8352532162618731
0.32975148425648076	0.8355913653704644
0.3326837734658269	0.8359267674378407
0.33564213782696994	0.8362594483294733
0.3386268092111526	0.8365894083759031
0.3416380215515127	0.8369166368965423
0.34467601086142247	0.8372411356606388
0.34774101525298207	0.837562912485135
0.3508332749556868	0.83788197607006
0.35395303233525377	0.8381983346689037
0.3571005319126165	0.8385119953314092
0.3602760203830941	0.838822963135468
0.363479746635722	0.8391312510109814
0.36671196177276444	0.8394369114883911
0.3699729191293902	0.8397399239346697
0.37326287429353305	0.8400403288336651
0.37658208512592267	0.8403381017465517
0.37993081178029287	0.8406332487547334
0.38330931672377677	0.8409257844901118
0.3867178647574734	0.8412157232671656
0.39015672303720655	0.8415030789321322
0.3936261610944625	0.8417878651444635
0.3971264508575129	0.8420700955624363
0.400657866672733	0.8423497839403628
0.40422068532609895	0.842626944176264
0.4078151860648872	0.8429015903332318
0.411441650619556	0.8431737366461861
0.4151003632258316	0.8434433975168458
0.4187916106469843	0.8437105874960511
0.422515682196302	0.8439753212397106
0.42627286975977124	0.8442376134232643
0.43006346781894894	0.844497478629675
0.4338877734740483	0.8447549314094621
0.437746086467223	0.8450099860905819
0.44163870920605786	0.8452626550057946
0.4455659467872767	0.8455129517120089
0.44952810702064866	0.8457608943043209
0.4535255004531205	0.8460065019821571
0.4575584403931501	0.8462497931527534
0.4616272429352684	0.8464907854518182
0.46573222698485256	0.8467294960373232
0.4698737142831181	0.8469659398238499
0.47405202943234237	0.847200128821622
0.47826749992129974	0.8474320791254917
0.4825204561509353	0.8476618071319046
0.4868112314602587	0.8478893293276362
0.49114016215246786	0.8481146622609979
0.49550758752131413	0.84833782252465
0.49991384987768844	0.8485588267443457
0.5043592945764578	0.8487776915706728
0.5088442700435271	0.8489944336732395
0.5133691278031534	0.8492090697351184
0.517934222505496	0.8494216164484593
0.5225399119544105	0.8496320905104328
0.5271865571354982	0.849840508618076
0.5318745222443932	0.8500468874654167
0.5366041747153137	0.8502512437391196
0.5413758852498576	0.8504535941148357
0.5461900278460547	0.8506539552533898
0.5510469798276872	0.850852343797001
0.5559471218738552	0.8510487763659287
0.560890838048822	0.8512432695546513
0.5658785158321081	0.8514358399285671
0.5709105461488683	0.8516265040205144
0.5759873234005287	0.8518152783277705
0.5811092454956961	0.8520021793085691
0.5862767138813525	0.8521872233795362
0.5914901335743115	0.8523704269123735
0.5967499131929701	0.8525518062316695
0.6020564649893323	0.8527313776123313
0.6074102048813176	0.8529091572769077
0.6128115524853672	0.8530851613943234
0.6182609311493245	0.8532594060774429
0.6237587679856242	0.8534319073819815
0.6293054939047611	0.8536026813051367
0.6349015436490706	0.8537717437844762
0.6405473558268004	0.8539391106964683
0.6462433729464845	0.854104797854051
0.6519900414516333	0.8542688210033956
0.657787811755717	0.8544311958133612
0.6636371382774755	0.8545919378575096
0.6695384794765319	0.854751062575899
0.6754922978893219	0.8549085847907012
0.6814990601653547	0.855064518088827
0.6875592371037793	0.8552188795269845
0.6936733036902937	0.855371684062371
0.6998417391343641	0.8555229463175132
0.7060650269067932	0.8556726809093943
0.7123436547776099	0.8558209482157136
0.7186781148542957	0.8559677498809044
0.7250689036203646	0.8561129619016237
0.7315165219742663	0.8562567161920652
0.7380214752686544	0.8563990236435461
0.7445842733499912	0.8565398932206107
0.7512054305985051	0.8566793338335147
0.7578854659685152	0.8568173599389541
0.7646249030290962	0.8569539882807119
0.771424270005125	0.8570892362235566
0.7782840998186713	0.8572231223059569
0.7852049301307765	0.8573556571461893
0.792187303383591	0.8574868487261106
0.7992317668428849	0.8576167097041818
0.806338872640952	0.8577452545377074
0.8135091778198738	0.8578724972995861
0.8207432443751886	0.8579984517157473
0.8280416392999365	0.8581231312237859
0.8354049346290939	0.8582465491180988
0.8428337074844195	0.8583687187913602
0.8503285401196761	0.8584896542560735
0.857890019966278	0.8586093711228434
0.8655187396793218	0.8587278799239823
0.8732152971840471	0.8588451642633143
0.8809802957226971	0.8589612556545327
0.8888143439017947	0.8590761806890402
0.8967180557398547	0.8591899483317069
0.9046920507154972	0.8593025685098047
0.9127369538160134	0.8594140521085414
0.9208533955863389	0.8595244103670469
0.9290420121784854	0.8596336546299421
0.9373034454013964	0.8597417962435283
0.9456383427712464	0.8598488465101717
0.9540473575622029	0.8599548166662236
0.9625311488576165	0.8600597178711921
0.9710903816016894	0.8601635629312212
0.9797257266515883	0.8602663610847897
0.9884378608300193	0.8603681231421515
0.9972274669782883	0.8604688598485418
1.006095234009807	0.8605685818627111
1.0150418569641029	0.8606672997570238
1.02406803706128	0.8607650240170979
1.0331744817569934	0.8608617650408966
1.0423619047978916	0.8609575331400641
1.0516310262775541	0.8610523385373561
1.0609825726929432	0.8611461913679179
1.0704172770013305	0.8612391016775762
1.0799358786777595	0.8613310794234833
1.0895391237729963	0.8614221344723442
1.0992277649720001	0.8615122766005369
1.1090025616529293	0.8616015154932636
1.118864279946645	0.8616898607448102
1.1288136927967756	0.8617773218571625
1.1388515800202812	0.861863908240245
1.1489787283685895	0.8619496292105132
1.1591959315892537	0.8620344939914897
1.1695039904881586	0.8621185117120956
1.1799037129923005	0.8622016914070144
1.1903959142130953	0.8622840420156894
1.2009814165102792	0.862365572381987
1.2116610495563578	0.8624462912512301
1.2224356504016285	0.862526207272224
1.2333060635398005	0.862605328994548
1.2442731409741694	0.8626836648684657
1.2553377422844114	0.8627612232437952
1.2665007346939388	0.8628380123744271
1.2777629931378869	0.8629140404247608
1.289125400331683	0.8629893154844194
1.3005888468402254	0.8630638455960876
1.3121542311476997	0.863137638789341
1.3238224597279826	0.8632107030978181
1.3355944471157062	0.8632830465101489
1.3474711159779293	0.8633546768354595
1.3594533971864482	0.8634256015436207
1.3715422298907733	0.8634958277316952
1.3837385615917193	0.8635653621760806
1.396043348215686	0.8636342113380324
1.408457554189565	0.8637023812046888
1.4209821525163453	0.8637698768922217
1.4336181248513693	0.8638367019177419
1.446366461579264	0.8639028580170556
1.4592281618915848	0.8639683642198233
1.4722042338651093	0.8640332849365736
1.4852956945408669	0.8640975769737376
1.4985035700038434	0.8641612252810045
1.5118288954633983	0.8642242502365441
1.525272715334419	0.8642866796340514
1.53883608331916	0.8643485056696065
1.552520062489851	0.8644097268705924
1.5663257253719973	0.8644703502404624
1.5802541540284614	0.8645303829283839
1.594306440144265	0.8645898315389198
1.6084836851121447	0.8646487023827742
1.622787000118897	0.8647070016550026
1.6372175062324485	0.8647647355158429
1.6517763344897427	0.8648219101146364
1.6664646259853808	0.864878531587367
1.6812835319610495	0.8649346060439956
1.6962342138957731	0.8649901395543472
1.7113178435969258	0.8650451346034062
1.7265356032920989	0.8650995990719846
1.7418886857217373	0.8651535409846063
1.757378294232646	0.8652069663832748
1.7730056428722971	0.8652598812419748
1.788771956483976	0.8653122915029762
1.804678470802802	0.8653642031275794
1.8207264325525614	0.8654156221446211
1.8369170995434414	0.8654665546406205
1.8532517407706093	0.8655170063264412
1.8697316365136616	0.8655669724423258
1.8863580784369944	0.8656164296339016
1.9031323696910145	0.8656652738658737
1.9200558250143054	0.865713989907898
1.9371297708366462	0.8657621058485648
1.9543555453829993	0.8658097034028065
1.9717344987783874	0.8658568489742744
1.989267993153704	0.8659035537450468
2.006957402752499	0.8659498233828791
2.02480411403866	0.8659956624481988
2.042809525805107	0.8660410752234156
2.0609750492834182	0.8660860658846288
2.0793021082544243	0.8661306382292624
2.0977921391598318	0.8661747924839325
2.116446591214777	0.866218531865146
2.135266926521443	0.8662618607914653
2.1542546201836266	0.8663047836298431
2.1734111604223814	0.8663473046915572
2.19273804869265	0.8663894282301787
2.2122367998009334	0.8664311584432788
2.231908942024046	0.8664724994722787
2.2517560172288684	0.8665134554052103
2.2717795809932237	0.8665540302772723
2.291981202727788	0.8665942280733441
2.312362465799088	0.8666340527293519
2.3329249676536272	0.8666735081341368
2.3536703199430624	0.8667125981302192
2.3746001486505524	0.8667513265164082
2.395716094218166	0.8667896970483678
2.4170198116754884	0.8668277134394566
2.4385129707693247	0.8668653793616841
2.46019725609456	0.8669026984460664
2.4820743672262253	0.8669396742808011
2.5041460188526696	0.866976310410142
2.5264139409099893	0.8670126103292088
2.5488798787176	0.8670485774752514
2.571545593115021	0.8670842152132078
2.5944128605999164	0.8671195268143568
2.6174834734672987	0.8671545154238369
2.640759239950041	0.8671891840196082
2.664241984360567	0.8672235353909742
2.68793354723387	0.8672575728646311
2.711835785471756	0.8672913097076265
2.73595057248837	0.8673247512543698
2.760279798357066	0.8673578982458945
2.7848253699585057	0.8673907540854888
2.8095892111301537	0.8674233179367008
2.8345732628170475	0.8674555515946628
2.8597794832239116	0.8674874550304793
2.8852098479686723	0.867519074991688
2.9108663502372636	0.8675504254010797
2.9367510009398887	0.8675815107039468
2.9628658288685914	0.8676123213733798
2.9892128808563068	0.8676428110867473
3.015794221937269	0.8676730109902322
3.042611935508853	0.8677029504120364
3.0696681234949024	0.8677326317513365
3.096964906510432	0.8677620558798137
3.1245044240278745	0.8677912244576521
3.152288834544756	0.8678201344487049
3.1803203157528537	0.8678487852639769
3.208601064708921	0.8678771796717544
3.2371332980068446	0.8679053204023195
3.2659192519514195	0.8679332101416637
3.294961182733585	0.8679608515282784
3.3242613666072955	0.8679882471533799
3.353822100067919	0.8680153995627382
3.3836457000322073	0.8680423112590265
3.4137345040199394	0.868068984707017
3.4440908703370785	0.8680954223367362
3.4747171782606596	0.8681216265496995
3.5056158282252508	0.8681475997248499
3.5367892420110776	0.8681733442292138
3.568239862933882	0.8681988624267463
3.599970156036373	0.868224156695486
3.631982608281486	0.8682492294503339
3.6642797287472515	0.8682740831681922
3.6968640488235005	0.8682987203946902
3.7297381224102484	0.8683231436141234
3.7629045261178473	0.8683473541433769
3.796365859468981	0.8683713676693285
3.830124745102358	0.8683952338946797
3.8641838289783164	0.8684187826652626
3.8985457805861885	0.868442067547526
3.9332132931535106	0.8684652218386896
3.9681890838571623	0.8684881730603478
4.003475894036276	0.8685109263267388
4.039076489407156	0.8685334837610729
4.074993660279995	0.8685558470047027
4.111230221777619	0.8685780176476839
4.147789014056116	0.8685999972903846
4.184672902527414	0.8686217875223456
4.221884778083925	0.8686433898487136
4.25942755732506	0.8686648056053163
4.297304182785892	0.8686860359564749
4.335517623167747	0.8687070821662681
4.37407087357088	0.8687279460498579
4.4129669557292655	0.8687486300578284
4.452208918247381	0.8687691368104783
4.4917998368392125	0.8687894686392322
4.531742814569259	0.8688096274886286
4.5720409820958	0.8688296150303956
4.61269749791625	0.8688494327920315
4.653715548614688	0.8688690822380128
4.695098349111677	0.8688885648278456
4.736849142916173	0.8689078837883579
4.778971202379808	0.8689270388079352
4.821467828953345	0.8689460312545984
4.86434235344541	0.8689648624929311
4.907598136283621	0.8689835338900515
4.951238567777899	0.8690020468083443
4.9952670683862666	0.8690204026063375
5.039687088982863	0.8690386026457529
5.084502111128483	0.869056648281425
5.1297156473434296	0.8690745408670835
5.1753312413827866	0.8690922817548841
5.22135246851424	0.8691098722932279
5.267782935798229	0.8691273138253303
5.314626282370717	0.8691446076916215
5.361886179728403	0.8691617552265641
5.409566332016454	0.8691787577562262
5.457670476318892	0.8691956166018011
5.5062023829514315	0.8692123330725406
5.55516585575706	0.8692289084670458
5.6045647324041	0.86924534406925
5.654402884687071	0.8692616411477606
5.7046842188301214	0.869277800951407
5.755412675793159	0.8692938247056168
5.806592231580811	0.8693097136063294
5.858226897553972	0.8693254688162381
5.91032072074428	0.8693410914556171
5.962877784171284	0.869356582595268
6.0159022071624335	0.8693719432414804
6.069398145676017	0.869387174322568
6.123369792626811	0.8694022766736856
6.177821378214803	0.8694172510204415
6.232757170256658	0.8694320979742338
6.288181474520298	0.8694468180596173
6.344098635062351	0.8694614118392993
6.400513034568591	0.8694758802621202
6.457429094697529	0.8694902254058653
6.5148512764268816	0.8695044514990005
6.572784080403292	0.8695185708774649
6.631232047295055	0.8695325908399808
6.690199758147963	0.8695465095327627
6.749691834744448	0.8695603171793846
6.809712939965732	0.8695740050577337
6.87026777815739	0.8695875730008773
6.931361095497972	0.8696010208149025
6.992997680371087	0.8696143465312298
7.055182363740668	0.8696275562443251
7.1179200195295795	0.8696407024836191
7.181215565001713	0.8696537532837826
7.245073961147292	0.8696666888611457
7.309500213071795	0.8696795126053394
7.374499370388208	0.8696922273372946
7.440076527612767	0.8697048349156259
7.506236824564346	0.8697173367002397
7.572985446767201	0.8697297337591975
7.64032762585751	0.8697420269101326
7.708268639993311	0.8697542166431892
7.776813814268291	0.8697663029493451
7.845968521129111	0.8697782853539388
7.915738180796454	0.8697901653594987
7.986128261689948	0.8698019549018965
8.057144280856653	0.8698136676135696
8.12879180440358	0.8698252934441374
8.201076447933916	0.8698368220771368
8.274003876987107	0.8698482526277964
8.34757980748303	0.869859586883035
8.421810006169867	0.869870826693752
8.496700291076218	0.8698819736361915
8.572256531966985	0.8698930290661779
8.64848465080354	0.8699039941978025
8.725390622207833	0.8699148701531991
8.802980473930623	0.8699256579911303
8.88126028732403	0.8699363587180121
8.960236197818062	0.8699469732852341
9.039914395401622	0.8699575025691363
9.120301125107533	0.8699679473217897
9.201402687502137	0.8699783080632651
9.283225439179065	0.8699885848362358
9.36577579325741	0.8699987766145281
9.449060219884489	0.8700088797076095
9.53308524674283	0.8700188826592649
9.617857459561918	0.870028746175936
9.70338350263432	0.8700385913016885
9.7896700793364	0.8700483718871734
9.876723952653844	0.8700581968987263
9.964551945711582	0.8700678743266039
10.053160942308724	0.8700774504028661
10.142557887457947	0.870086940438432
10.232749787929967	0.8700963507707593
10.323743712802656	0.8701056844940195
10.415546794015052	0.8701149432112287
10.508166226926477	0.8701241276732954
10.601609270880346	0.8701332380669511
10.69588324977327	0.8701422742598791
10.790995552629042	0.8701512361548205
10.886953634177706	0.8701601204415425
10.983765015439987	0.8701689217078342
11.08143728431662	0.8701776515434443
11.179978096183232	0.8701863123742749
11.279395174490196	0.8701949064113291
11.379696311368122	0.8702034356130828
11.480889368238527	0.8702119017052635
11.58298227642995	0.8702203062030344
11.685983037799723	0.8702286504229575
11.78989972536098	0.8702369335247546
11.894740483915562	0.8702451507116127
12.000513530692317	0.8702533023492197
12.107227155991092	0.8702613891569476
12.214889723832664	0.870269411843939
12.323509672614117	0.8702773711018866
12.433095515770413	0.8702852676015385
12.543655842441472	0.8702931019911216
12.655199318145538	0.8703008748963666
12.767734685458295	0.8703085869213877
12.881270764698028	0.8703162386522255
12.995816454617103	0.8703238306575458
13.111380733099248	0.8703313634941368
13.227972657863388	0.8703388377094697
13.345601367173508	0.8703462538470725
13.464276080554813	0.8703536124513602
13.58400609951651	0.8703609140751422
13.704800808280647	0.8703681592861084
13.826669674517836	0.8703753486788876
13.949622250089101	0.8703824828794173
14.073668171794719	0.8703895625523337
14.198817162129457	0.8703965883831337
14.32507903004453	0.8704035609952577
14.452463671716579	0.8704104806551415
14.580981071323123	0.8704173463295927
14.710641301825271	0.8704241570350203
14.841454525757149	0.8704309795228722
14.973430996022342	0.8704377683395642
15.106581056697683	0.8704443621709114
15.240915143843786	0.8704509070640665
15.376443786323229	0.87045745698459
15.51317760662556	0.8704640544929674
15.651127321700068	0.8704704391630346
15.790303743795675	0.87047678565382
15.930717781308289	0.8704831358249275
16.07238043963599	0.8704894986812859
16.21530282204138	0.8704956763088919
16.359496130522047	0.8705018108233714
16.504971666688448	0.870507953155256
16.651740832649658	0.8705140523597726
16.79981513190721	0.8705201031684763
16.949206170256517	0.8705261067912612
17.099925656696733	0.8705320640019726
17.251985404348247	0.8705379754300044
17.405397331378786	0.8705438416457492
17.56017346193745	0.8705496632102276
17.716325927097046	0.8705554406993032
17.87386696580512	0.8705611747486671
18.032808925842982	0.8705668661009152
18.193164264793698	0.8705725155448137
18.354945551018425	0.8705781230439029
18.51816546464139	0.8705836840331618
18.682836798543953	0.8705891920027597
18.848972459367044	0.8705946539084665
19.016585468523008	0.8706000769062513
19.18568896321596	0.8706054621304967
19.356296197471657	0.8706108092371263
19.52842054317625	0.8706161178891415
19.70207549112423	0.8706213879179913
19.877274652076064	0.8706266192836309
20.0540317578247	0.8706318120289931
20.23236066227207	0.8706369662493012
20.412275342514867	0.8706420820728356
20.593789899939885	0.87064715965112
20.776918561329556	0.8706521991499596
20.96167567997671	0.8706572007470901
21.148075736809854	0.8706621651259123
21.336133341527862	0.8706670930988087
21.52586323374533	0.8706719836295069
21.717280284147716	0.8706768368729904
21.91039949565677	0.8706816529909306
22.105236004606695	0.8706864321521224
22.301805081930215	0.8706911745298961
22.50012213435573	0.8706958803036884
22.700202705614775	0.8707005496547849
22.90206247766017	0.8707051827662156
23.105717271895436	0.8707097798177111
23.31118305041452	0.8707143409776182
23.518475917253202	0.8707188663947719
23.72761211965097	0.8707233561790055
23.938608049324746	0.8707278103688433
24.151480243753497	0.8707322288715622
24.366245387474308	0.8707366113432662
24.58292031339037	0.8707409569144107
24.801522004089975	0.8707452634735415
25.02206759317787	0.8707495253110951
25.244574366618046	0.8707537220256729
25.469059764088446	0.870757897025185
25.695541380348146	0.870762093545073
25.924036966616068	0.8707662987508691
26.15456443196263	0.8707704444696119
26.387141844713074	0.870774546935181
26.62178743386395	0.8707786110050525
26.858519590511722	0.8707826381970352
27.097356869294103	0.8707866285726976
27.33831798984465	0.8707905811881862
27.581421838259608	0.8707944942882099
27.826687468578488	0.8707983702240377
28.074134104277363	0.8708022207416743
28.3237811397754	0.8708061424147451
28.575648141955327	0.870809969197447
28.829754851696634	0.870813689367457
29.08612118542324	0.8708174833966138
29.344767236664097	0.8708212623245641
29.605713277628436	0.8708250090168896
29.868979760794527	0.870828719043431
30.134587320512537	0.8708323941996764
30.402556774622184	0.870836036185908
30.67290912608398	0.8708396463302115
30.94566556462578	0.8708432256121136
31.22084746840343	0.8708467747086167
31.498476405676186	0.8708502940151992
31.77857413649758	0.8708537836314968
32.06116261442048	0.8708572433082153
32.34626398821825	0.8708606723445925
32.633900603620226	0.8708640694489761
32.92409500506359	0.8708674326147775
33.21686993746014	0.8708707593828527
33.51224834797886	0.8708740491601598
33.81025338784486	0.8708773180511741
34.11090841415347	0.8708805855088562
34.41423699170134	0.8708838478565748
34.72026289483321	0.8708870880957144
35.02901010930516	0.8708903064397219
35.34050283416496	0.8708935007271427
35.65476548364824	0.8708966717828626
35.9718226890926	0.8708998190603053
36.29169930086759	0.8709029424063321
36.614420390322934	0.8709060424994479
36.94001125175336	0.8709091204086682
37.26849740438092	0.870912177489368
37.59990459435564	0.8709152156933966
37.934258796772866	0.8709182341693322
38.27158621770967	0.8709212327191134
38.61191329627859	0.870924210668415
38.955266706699696	0.8709271670572808
39.30167336039175	0.8709301009007226
39.65116040808093	0.8709330113931097
40.003755241929376	0.870935897985022
40.359485497681604	0.870938760361192
40.71837905683102	0.8709415983333882
41.080464048805055	0.8709444115998226
41.44576885316963	0.8709471991322496
41.81432210185403	0.8709499568823429
42.18615268139441	0.8709526630676492
42.56128973519844	0.8709553454170419
42.93976266582922	0.8709581354013117
43.32160113730964	0.8709608334391841
43.70683507744788	0.8709635059823468
44.09549468018248	0.8709661575818861
44.48761040794956	0.8709687817237353
44.88321299406972	0.8709713832713181
45.28233344515745	0.8709739635723291
45.68500304355112	0.8709765244200637
46.091253349764614	0.8709790687581871
46.50111620496153	0.8709815986885462
46.91462373345016	0.8709841136192793
47.33180834520199	0.8709866115529563
47.7527027383916	0.8709890904010729
48.17733990195926	0.870991547981824
48.60575311819717	0.8709939824028149
49.03797596535735	0.8709963928234125
49.474042320284134	0.870998779621126
49.913986361068694	0.8710011439601211
50.357842569728454	0.8710034860925495
50.80564573490948	0.8710057921021107
51.257430954612886	0.8710080845473323
51.71323363894634	0.8710103659104173
52.17308951289878	0.8710126383145788
52.637034619141055	0.8710149036490746
53.10510532085067	0.8710171618139748
53.577338304561515	0.8710194031939923
54.05377058304002	0.8710216264991416
54.534439498185336	0.8710238321634074
55.0193827239569	0.8710260206052435
55.50863826932651	0.8710281922185685
56.002244481258046	0.8710303473677748
56.50024004771276	0.8710324863877553
57.00266400068127	0.8710346095831036
57.5095557192435	0.8710367172301682
58.020954932654355	0.8710388095785913
58.536901723458335	0.8710408868528101
59.05743653063081	0.8710429492542882
59.58260015274727	0.8710449969633345
60.11243375118175	0.8710470301405318
60.646978853332136	0.8710490489296017
61.1862773558759	0.871051053457047
61.73037152805298	0.8710530438356633
62.279304014979544	0.8710550201658734
62.83311784099012	0.8710569825371125
63.391856413009414	0.8710589310290686
63.955563523955256	0.8710608657130311
64.5242833561701	0.871062786653263
65.0980604848848	0.8710646939078851
65.67693988171187	0.8710665875303983
66.26096691817011	0.8710684675699673
66.8501873692414	0.8710703340727253
67.4446474169576	0.8710721870820682
68.04439365402112	0.871074026639879
68.64947308745589	0.8710758527862483
69.25993314229243	0.8710776655601778
69.87582166528466	0.8710794649997993
70.4971869286596	0.8710812511424321
71.1240776339018	0.8710830240241886
71.75654291556941	0.871084783680205
72.39463234514616	0.8710865301452136
73.03839593492634	0.8710882634507525
73.68788414193423	0.871089983783453
74.34314787187978	0.8710916913112265
75.00423848314745	0.8710933856746147
75.6712077908226	0.8710950668877259
76.34410807075169	0.8710967349587326
77.0229920636404	0.871098389888934
77.70791297918703	0.8711000316686502
78.39892450025253	0.8711016602771074
79.09608078706903	0.871103275681361
79.79943648148372	0.8711048778345017
80.50904671124269	0.8711064670744686
81.22496709431063	0.8711080435550201
81.94725374323102	0.8711096069268812
82.67596326952378	0.8711111572589952
83.41115278812184	0.871112694781985
84.15287992184884	0.8711142201188613
84.90120280593419	0.8711157348428148
85.65618009257078	0.8711172429656211
86.4178709555115	0.8711187549064733
87.18633509470675	0.8711202903433779
87.96163274098465	0.8711218754360126
88.74382466077064	0.8711234500357609
89.53297216085144	0.8711248658299541
90.32913709317893	0.8711261625053616
91.13238185971927	0.8711275735047791
91.9427694173424	0.8711289777934104
92.76036328275842	0.8711303828484381
93.58522753749382	0.8711317845339963
94.41742683291535	0.8711331791233606
95.25702639529666	0.8711345646392491
96.10409203093191	0.8711359401646419
96.95869013129156	0.8711373054229188
97.82088767822702	0.8711386605926027
98.69075224922157	0.8711400061906435
99.56835202268496	0.8711413427888954
100.45375578329805	0.8711426704656026
101.34703292740517	0.8711439890192739
102.24825346845114	0.8711453001398881
103.15748804247018	0.8711466108492412
104.07480791362154	0.8711479063255725
105.00028497977654	0.8711491620338987
105.93399177815155	0.8711504218096555
106.87600149099445	0.8711516783134794
107.82638795132168	0.8711529276477046
108.7852256487028	0.8711541682785996
109.75258973510046	0.8711553997414551
110.72855603075978	0.871156623731963
111.7132010301527	0.8711578559952954
112.70660190797106	0.871159080853324
113.7088365251766	0.8711602456961174
114.71998343510468	0.871161430360556
115.74012188961895	0.8711626098330365
116.76933184532434	0.8711637737774836
117.80769396983327	0.8711649319229673
118.8552896480898	0.8711660851284266
119.91220098874594	0.8711672317034289
120.97851083059848	0.8711683714037408
122.054302749083	0.8711695044488592
123.13966106282179	0.8711706309465564
124.23467084023382	0.8711717506172
125.33941790620369	0.8711728626484887
126.45398884880571	0.8711739654762072
127.57847102609226	0.8711750559812436
128.71295257293994	0.8711761263055617
129.85752240795918	0.871177158442885
131.01227024046077	0.8711782388613116
132.17728657748856	0.8711793443734853
133.35266273091457	0.8711804234868559
134.53849082459305	0.8711814853529449
135.7348638015829	0.8711825356008703
136.94187543143136	0.8711835762488019
138.1596203175255	0.8711846081276572
139.38819390450416	0.8711856315995514
140.62769248574006	0.8711866468166001
141.87821321088873	0.8711876538282545
143.13985409349988	0.87118865263453
144.4127140187015	0.8711896432098647
145.69689275094936	0.8711906255199553
146.99249094184836	0.8711915995283369
148.2996101380383	0.8711925652038266
149.61835278915459	0.8711935225232232
150.94882225585948	0.8711944714744262
152.29112281794028	0.8711954120588862
153.64535968248407	0.8711963442934331
155.01163899212537	0.8711972682115052
156.39006783336214	0.8711981838644359
157.78075424495105	0.8711990913220493
159.1838072263745	0.871199990673773
160.59933674638592	0.8712008820283129
162.02745375162547	0.8712017655140889
163.46827017531768	0.8712026412791942
164.9218989460462	0.8712035094906363
166.38845399660156	0.8712043703336085
167.86805027291317	0.8712052199575193
169.3608037430576	0.8712060567408516
170.8668314063502	0.8712068880713612
172.38625130251177	0.8712077145195688
173.91918252092202	0.8712085366606662
175.46574520995554	0.8712093550666987
177.02606058639503	0.871210170308926
178.60025094493454	0.8712109829527829
180.18843966776345	0.8712117935531256
181.79075123423948	0.8712126024468133
183.40731123064143	0.871213406150675
185.03824636001414	0.8712142033211895
186.68368445210135	0.8712149940712501
188.34375447336078	0.871215778519597
190.01858653707424	0.8712165567873007
191.70831191354773	0.871217328995376
193.41306304039614	0.8712180952626876
195.1329735329261	0.8712188557047978
196.86817819460717	0.8712196104321521
198.61881302764039	0.8712203595497308
200.38501524361342	0.871221103156819
202.16692327425739	0.8712218413458628
203.96467678229874	0.8712225742026943
205.77841667240165	0.8712233018067982
207.60828510221472	0.8712240242308963
209.45442549351148	0.8712247415418998
211.31698254343465	0.8712254537997542
213.19610223583265	0.8712261610592689
215.0919318527038	0.8712268633699128
217.00461998574235	0.8712275607756497
218.93431654798025	0.8712282533161096
220.8811727855401	0.8712289410266052
222.8453412894879	0.8712296239387545
224.82697600779625	0.8712303020805976
226.82623225740554	0.8712309754771942
228.84326673639993	0.8712316441513269
230.87823753629135	0.8712323081229173
232.93130415440572	0.8712329674105966
235.00262750638643	0.8712336220315285
237.09236993880901	0.871234272002013
239.2006952419008	0.8712349173378502
241.3277686623816	0.8712355580549158
243.47375691641395	0.8712361941695894
245.63882820267327	0.8712368256994911
247.82315221552602	0.8712374526642159
250.02690015833244	0.8712380750862867
252.25024475686786	0.8712386929924164
254.4933602728554	0.8712393064149367
256.7564225176277	0.8712399153940383
259.0396088659051	0.8712405199803586
261.34309826970133	0.8712411202388713
263.66707127234423	0.8712417162539053
266.0117100226289	0.8712423081361184
268.37719828909724	0.8712428960323537
270.76372147443556	0.8712434801384757
273.17146663001006	0.8712440607168677
275.60062247052554	0.871244638118503
278.05137938882035	0.8712452127987232
280.5239294707834	0.871245785309111
283.0184665104123	0.8712463561694602
285.53518602500543	0.8712469253537591
288.0742852704805	0.8712474909610469
290.63596325683807	0.8712480486962696
293.22042076376243	0.8712485973455923
295.82786035635246	0.8712491411728638
298.45848640100235	0.8712496833299326
301.11250508141734	0.8712502294063924
303.7901244147782	0.8712509143793605
306.49155426803907	0.871251295951866
309.21700637437954	0.8712518000429856
311.966694349803	0.8712523418078388
314.74083370987324	0.8712528833037742
317.5396418866104	0.8712533637040154
320.36333824553054	0.8712538461997504
323.212144102844	0.8712543411683645
326.0862827427945	0.8712548334279893
328.98597943516353	0.8712553229463862
331.9114614529298	0.871255809242872
334.8629580900759	0.8712562920303694
337.840700679564	0.8712567712513863
340.84492261146556	0.8712572470441923
343.8758593512585	0.8712577196829977
346.9337484582753	0.8712581895046392
350.0188296043263	0.8712586568359711
353.13134459248823	0.8712591219448089
356.27153737604897	0.8712595850101943
359.43965407763193	0.8712600461245394
362.6359430084904	0.8712605053031339
365.8606546879623	0.8712609625015371
369.1140418631103	0.8712614176342516
372.39635952852905	0.8712618705897401
375.7078649463369	0.8712623212435823
379.0488176663311	0.8712627694655339
382.4194795463354	0.8712632151280775
385.82011477272766	0.8712636581070686
389.25098988113814	0.871264098285865
392.7123737773459	0.8712645355552726
396.204537758352	0.8712649698134968
399.72775553364903	0.8712654016012638
403.2823032466656	0.8712658307043872
406.86845949641406	0.8712662563854646
410.4865053593309	0.8712666785476669
414.13672441129853	0.871267097101395
417.819402749877	0.8712675119599678
421.53482901672504	0.8712679230370832
425.28329442022914	0.8712683302397685
429.0650927583191	0.8712687334606897
432.8805204414997	0.8712691325657835
436.7298765160874	0.8712695273782135
440.6134626876401	0.871269917650131
444.5315833446086	0.8712703030204019
448.4845455821988	0.8712706829419635
452.4726592264321	0.8712710565543731
456.4962368584348	0.8712714224457022
460.55559383893495	0.8712717781969178
464.6510483329859	0.8712721210275667
468.7829213348939	0.8712724508128803
472.9515366933819	0.8712728013672748
477.1572211369772	0.8712731868667067
481.40030429960996	0.8712736040574354
485.6811187464557	0.8712740118263701
489.99999999999807	0.8712744045869416