0.000010100000000000005	0.873754278123329
0.000010189813457795877	0.8737542781293194
0.000010280425574720605	0.8737542781357737
0.00001037184345278781	0.8737542781422651
0.00001046407425716529	0.8737542781490155
0.000010557125216736457	0.8737542781554882
0.000010651003624667081	0.8737542781625163
0.000010745716838976756	0.8737542781695335
0.00001084127228311575	0.8737542781765689
0.000010937677446546777	0.8737542781837921
0.000011034939885331955	0.8737542781910895
0.000011133067222725169	0.8737542781989065
0.00001123206714976941	0.8737542782063721
0.000011331947425899729	0.8737542782141187
0.000011432715879551343	0.8737542782219502
0.000011534380408773153	0.8737542782301083
0.000011636948981846925	0.8737542782382386
0.00001174042963791166	0.8737542782465678
0.000011844830487593838	0.8737542782549935
0.000011950159713643045	0.8737542782637145
0.000012056425571573264	0.8737542782725127
0.000012163636390310075	0.8737542782815514
0.000012271800572843288	0.8737542782902276
0.000012380926596885729	0.8737542782998978
0.00001249102301553753	0.8737542783093101
0.000012602098457956664	0.8737542783189071
0.000012714161630035213	0.8737542783286604
0.000012827221315081656	0.8737542783383776
0.000012941286374509442	0.8737542783488811
0.000013056365748531354	0.873754278358868
0.000013172468456860405	0.8737542783693389
0.000013289603599416613	0.873754278380058
0.000013407780357040384	0.8737542783909465
0.00001352700799221203	0.873754278402011
0.00001364729584977767	0.8737542784132707
0.000013768653357681831	0.8737542784246529
0.000013891090027706203	0.8737542784363976
0.000014014615456215319	0.8737542784484615
0.000014139239324908628	0.8737542784605085
0.000014264971401579264	0.87375427847271
0.000014391821540879791	0.8737542784851019
0.0000145197996850944	0.8737542784980706
0.000014648915864918335	0.8737542785108765
0.000014779180200244018	0.8737542785240721
0.000014910602900954138	0.8737542785373901
0.000015043194267722072	0.8737542785512211
0.000015176964692819019	0.873754278565296
0.000015311924660928744	0.8737542785791762
0.00001544808474996913	0.87375427859383
0.000015585455631921448	0.8737542786083682
0.000015724048073666725	0.8737542786233449
0.000015863872937829552	0.8737542786385388
0.000016004941183629664	0.8737542786540704
0.000016147263867740686	0.8737542786698619
0.00001629085214515697	0.8737542786858495
0.00001643571727006765	0.8737542787022028
0.000016581870596738946	0.87375427871882
0.00001672932358040401	0.8737542787357495
0.000016878087778160652	0.873754278752961
0.000017028174849877402	0.8737542787704174
0.000017179596559107126	0.8737542787882455
0.000017332364774009253	0.8737542788063571
0.000017486491468279893	0.8737542788250029
0.000017641988722090213	0.8737542788437416
0.000017798868723033486	0.8737542788629057
0.000017957143767080063	0.8737542788823994
0.000018116826259541358	0.8737542789022984
0.00001827792871604203	0.8737542789224273
0.00001844046376350086	0.8737542789431184
0.000018604444141120647	0.8737542789639715
0.00001876988270138641	0.8737542789853743
0.000018936792411073024	0.8737542790070496
0.000019105186352261253	0.8737542790290572
0.00001927507772336334	0.8737542790514649
0.00001944647984015738	0.8737542790742089
0.00001961940613683087	0.873754279097533
0.000019793870167033913	0.8737542791211476
0.000019969885604941226	0.873754279145274
0.00002014746624632421	0.8737542791700239
0.000020326626009631934	0.8737542791947257
0.00002050737893708229	0.8737542792203397
0.000020689739195762483	0.8737542792460646
0.00002087372107873934	0.8737542792723204
0.00002105933900617979	0.8737542792991841
0.00002124660752648083	0.8737542793263902
0.000021435541317410043	0.8737542793543174
0.00002162615518725591	0.8737542793825992
0.000021818464075988345	0.8737542794114271
0.000022012483056429924	0.8737542794406584
0.000022208227335436955	0.8737542794704016
0.00002240571225509165	0.8737542795008562
0.000022604953293904477	0.8737542795314771
0.000022805966068027227	0.873754279563255
0.000023008766332477253	0.8737542795950871
0.00002321336998237201	0.8737542796276653
0.000023419793054175194	0.8737542796607254
0.000023628051726953336	0.8737542796946871
0.000023838162323644168	0.8737542797289836
0.000024050141312335872	0.8737542797639519
0.00002426400530755768	0.8737542797994408
0.00002447977107158239	0.8737542798357916
0.000024697455515739837	0.873754279872503
0.000024917075701742687	0.8737542799100124
0.000025138648843023383	0.8737542799482988
0.000025362192306083596	0.8737542799870742
0.000025587723611855248	0.873754280026941
0.000025815260437073646	0.8737542800669622
0.000026044820615663255	0.8737542801081863
0.000026276422140135128	0.8737542801496975
0.000026510083162997463	0.8737542801922366
0.000026745821998178196	0.8737542802353705
0.000026983657122460306	0.873754280279444
0.000027223607176930292	0.8737542803243081
0.00002746569096843887	0.8737542803698004
0.000027709927471075345	0.8737542804162942
0.000027956335827654613	0.8737542804635058
0.000028204935351217415	0.8737542805118158
0.000028455745526544383	0.8737542805605044
0.000028708786011682838	0.8737542806104858
0.00002896407663948794	0.8737542806610783
0.000029221637419176757	0.8737542807128258
0.00002948148853789691	0.8737542807653341
0.000029743650362308637	0.873754280818569
0.00003000814344018095	0.8737542808731495
0.00003027498850200251	0.8737542809285193
0.00003054420646260599	0.873754280985051
0.00003081581842280779	0.8737542810424178
0.00003108984567106147	0.8737542811008558
0.00003136630968512662	0.8737542811602977
0.00003164523213375216	0.8737542812208449
0.000031926634878374474	0.8737542812823599
0.00003221053997483128	0.87375428134506
0.000032496969675089866	0.8737542814089937
0.000032785946428991654	0.8737542814739913
0.000033077492886011257	0.8737542815401558
0.00003337163189703215	0.8737542816071259
0.000033668386516137507	0.8737542816757939
0.00003396778000241694	0.8737542817455867
0.000034269835821789865	0.8737542818165697
0.00003457457764884456	0.8737542818888875
0.00003488202936869353	0.8737542819624309
0.00003519221507884602	0.8737542820372373
0.00003550515909109624	0.8737542821134133
0.000035820885933429366	0.8737542821909152
0.00003613942035194351	0.873754282269897
0.000036460787312789704	0.8737542823503821
0.000036785012004128534	0.8737542824321418
0.00003711211983810412	0.8737542825153859
0.00003744213645283636	0.8737542826001207
0.00003777508771442984	0.8737542826863196
0.00003811099971900172	0.8737542827741511
0.00003844989879472658	0.8737542828635553
0.000038791811503900416	0.873754282954359
0.00003913676464502237	0.8737542830470614
0.00003948478525489491	0.8737542831413866
0.00003983590061074346	0.8737542832371873
0.00004019013823235371	0.8737542833348715
0.00004054752588422921	0.8737542834342789
0.00004090809157776686	0.8737542835354483
0.000041271863573452946	0.8737542836383888
0.000041638870383077904	0.8737542837430189
0.00004200914077197081	0.8737542838497333
0.00004238270376125441	0.8737542839582757
0.00004275958863011947	0.8737542840686974
0.00004313982491811948	0.873754284181103
0.000043523442427486374	0.8737542842957035
0.00004391047122546579	0.873754284412365
0.00004430094164667431	0.8737542845309654
0.00004469488429547639	0.8737542846516607
0.00004509233004838364	0.8737542847746059
0.000045493310056474615	0.8737542848996491
0.00004589785574783617	0.8737542850271407
0.00004630599883002728	0.873754285156624
0.00004671777129256355	0.87375428528872
0.00004713320540942521	0.8737542854229635
0.000047552333741585964	0.8737542855594705
0.000047975189139565684	0.8737542856987095
0.000048401804746004914	0.8737542858401557
0.00004883221399826228	0.8737542859844682
0.00004926645063103583	0.8737542861310403
0.00004970454867900642	0.8737542862803497
0.000050146542479505995	0.8737542864324471
0.00005059246667520818	0.8737542865869327
0.00005104235621684411	0.8737542867442945
0.00005149624636594157	0.873754286904815
0.00005195417269758844	0.8737542870680785
0.00005241617110322154	0.873754287234061
0.000052882277793439496	0.873754287403178
0.00005335252930084056	0.87375428757518
0.0000538269624828866	0.8737542877502825
0.00005430561452479123	0.8737542879285803
0.00005478852294243502	0.8737542881101676
0.00005527572558530517	0.8737542882945046
0.0000557672606394628	0.8737542884827759
0.000056263166630535555	0.873754288674035
0.00005676348242673692	0.8737542888687047
0.000057268247241913305	0.8737542890669184
0.00005777750063861679	0.8737542892688116
0.00005829128253120673	0.8737542894740841
0.00005880963318897741	0.8737542896833401
0.00005933259323931493	0.873754289896068
0.000059860203670881267	0.873754290112637
0.000060392505836826514	0.8737542903330204
0.00006092954145803086	0.8737542905575141
0.0000614713526263737	0.8737542907858649
0.00006201798180803362	0.8737542910185048
0.0000625694718468159	0.8737542912549628
0.00006312586596751135	0.8737542914958216
0.00006368720777928384	0.8737542917410621
0.00006425354127908797	0.8737542919905924
0.00006482491085511825	0.8737542922444806
0.0000654013612902873	0.8737542925031544
0.00006598293776573658	0.8737542927660716
0.00006656968586437736	0.8737542930341938
0.00006716165157446298	0.8737542933066674
0.00006775888129319421	0.873754293584293
0.00006836142183035478	0.8737542938667102
0.00006896932041198116	0.8737542941542343
0.0000695826246840636	0.8737542944468857
0.00007020138271628026	0.8737542947446681
0.00007082564300576559	0.8737542950478676
0.00007145545448091052	0.8737542953565732
0.00007209086650519839	0.8737542956706666
0.0000727319288810729	0.8737542959905341
0.00007337869185384246	0.8737542963158837
0.00007403120611561799	0.8737542966471279
0.00007468952280928557	0.8737542969844225
0.00007535369353251596	0.873754297327404
0.00007602377034180762	0.8737542976769784
0.00007669980575656786	0.8737542980325006
0.00007738185276322817	0.8737542983943201
0.00007806996481939814	0.8737542987629157
0.00007876419585805493	0.8737542991379602
0.0000794646002917701	0.8737542995194377
0.00008017123301697513	0.8737542999079948
0.00008088414941826371	0.8737543003035458
0.0000816034053727324	0.8737543007059101
0.00008232905725436045	0.8737543011155691
0.00008306116193842862	0.8737543015325593
0.00008379977680597661	0.8737543019570202
0.00008454495974830009	0.8737543023890127
0.00008529676917148897	0.8737543028289212
0.00008605526400100475	0.8737543032764931
0.0000868205036862985	0.8737543037321114
0.00008759254820547151	0.8737543041957604
0.00008837145806997497	0.8737543046679331
0.00008915729432935409	0.8737543051484169
0.00008995011857603167	0.8737543056375678
0.00009074999295013684	0.8737543061350849
0.00009155698014437491	0.8737543066417094
0.00009237114340894069	0.8737543071574563
0.00009319254655647702	0.8737543076825645
0.00009402125396707504	0.8737543082166795
0.00009485733059332145	0.8737543087607127
0.00009570084196538803	0.8737543093142586
0.000096551854196169	0.8737543098778457
0.00009741043398646233	0.8737543104513215
0.00009827664863019706	0.8737543110348703
0.00009915056601970873	0.8737543116291587
0.0001000322546510602	0.8737543122341996
0.00010092178362940978	0.8737543128497745
0.00010181922267442802	0.8737543134765473
0.0001027246421257625	0.8737543141144598
0.00010363811294855064	0.8737543147634107
0.00010455970673898118	0.8737543154242786
0.00010548949572990696	0.8737543160969281
0.00010642755279650574	0.8737543167814831
0.00010737395146199158	0.8737543174785614
0.00010832876590337868	0.8737543181877369
0.00010929207095729373	0.8737543189094519
0.00011026394212584308	0.8737543196445253
0.00011124445558252881	0.8737543203925725
0.00011223368817822053	0.8737543211538624
0.00011323171744717812	0.8737543219288636
0.00011423862161312825	0.8737543227177733
0.00011525447959539671	0.8737543235208667
0.00011627937101509239	0.8737543243379349
0.0001173133762013495	0.8737543251698533
0.0001183565761976219	0.8737543260165229
0.00011940905276803665	0.8737543268784006
0.00012047088840380194	0.8737543277555443
0.00012154216632967185	0.8737543286484715
0.00012262297051047075	0.8737543295572519
0.00012371338565767362	0.873754330482476
0.00012481349723604513	0.8737543314239897
0.00012592339147033866	0.8737543323824979
0.00012704315535205495	0.8737543333579822
0.00012817287664625975	0.8737543343512003
0.00012931264389846216	0.8737543353618137
0.00013046254644155596	0.873754336390544
0.0001316226744028206	0.8737543374375932
0.00013279311871098475	0.8737543385035255
0.00013397397110335443	0.8737543395885845
0.0001351653241330016	0.873754340692746
0.00013636727117602015	0.8737543418168526
0.0001375799064388425	0.873754342960909
0.0001388033249656252	0.8737543441253295
0.0001400376226456974	0.8737543453107233
0.00014128289622107598	0.8737543465172825
0.00014253924329404952	0.8737543477452813
0.00014380676233482633	0.8737543489953309
0.00014508555268925432	0.8737543502675408
0.0001463757145866055	0.873754351562548
0.00014767734914743373	0.8737543528807574
0.00014899055839149927	0.8737543542224647
0.00015031544524576445	0.8737543555884755
0.0001516521135524623	0.873754356978443
0.00015300066807723476	0.8737543583933175
0.00015436121451734345	0.8737543598335166
0.00015573385950995463	0.8737543612994692
0.00015711871064049776	0.8737543627915799
0.0001585158764510973	0.8737543643103154
0.00015992546644907912	0.8737543658562322
0.0001613475911155553	0.873754367429862
0.0001627823619140826	0.8737543690314588
0.00016422989129939773	0.8737543706617601
0.00016569029272623357	0.873754372321078
0.00016716368065820917	0.8737543740101426
0.0001686501705768034	0.8737543757292303
0.00017014987899040404	0.8737543774791728
0.00017166292344344142	0.8737543792605191
0.0001731894225256005	0.8737543810734522
0.0001747294958811148	0.8737543829187685
0.00017628326421814607	0.87375438479706
0.00017785084931824262	0.8737543867088978
0.00017943237404588691	0.8737543886548993
0.0001810279623581229	0.8737543906357416
0.0001826377393142738	0.873754392652065
0.00018426183108574305	0.8737543947041787
0.0001859003649659024	0.8737543967931101
0.00018755346938007097	0.873754398919275
0.00018922127389557985	0.8737544010833855
0.00019090390923192692	0.8737544032861695
0.00019260150727102283	0.8737544055282682
0.00019431420106752852	0.8737544078106264
0.00019604212485928305	0.8737544101335433
0.0001977854140778239	0.87375441249799
0.00019954420535900388	0.8737544149049059
0.00020131863655369945	0.8737544173545558
0.00020310884673861414	0.8737544198482063
0.00020491497622718153	0.8737544223859712
0.00020673716658055994	0.8737544249694293
0.00020857556061873076	0.8737544275989584
0.00021043030243168926	0.8737544302754832
0.00021230153739074087	0.8737544329996534
0.00021418941215989393	0.8737544357728173
0.00021609407470735386	0.8737544385952875
0.00021801567431712328	0.8737544414682311
0.00021995436160069949	0.8737544443925466
0.0002219102885088823	0.873754447369
0.00022388360834368055	0.8737544503986888
0.00022587447577033034	0.8737544534823094
0.00022788304682941623	0.8737544566210964
0.00022990947894910025	0.8737544598163958
0.00023195393095746324	0.8737544630682301
0.00023401656309495226	0.8737544663782609
0.00023609753702693917	0.873754469747708
0.00023819701585639248	0.8737544731771194
0.00024031516413666187	0.8737544766678138
0.00024245214788437482	0.873754480220867
0.00024460813459244727	0.8737544838373271
0.0002467832932432142	0.8737544875183183
0.00024897779432167267	0.8737544912652633
0.0002511918098288429	0.8737544950791851
0.0002534255132952524	0.8737544989612465
0.0002556790797945336	0.8737545029122683
0.0002579526859571493	0.8737545069343068
0.0002602465099842329	0.8737545110281032
0.0002625607316615589	0.8737545151948785
0.00026489553237363245	0.8737545194361506
0.0002672510951179052	0.8737545237531604
0.0002696276045191208	0.8737545281475143
0.0002720252468437822	0.8737545326198907
0.00027444421001475455	0.8737545371726497
0.00027688468362599037	0.8737545418065358
0.000279346858957393	0.873754546523362
0.0002818309289898073	0.8737545513241632
0.00028433708842014367	0.873754556211051
0.0002868655336766411	0.8737545611848716
0.00028941646293426115	0.873754566247556
0.0002919900761302198	0.8737545714008643
0.00029458657497965894	0.8737545766461933
0.00029720616299145757	0.8737545819854157
0.0002998490454841815	0.8737545874199217
0.0003025154296021742	0.8737545929513925
0.0003052055243317955	0.8737545985816978
0.0003079195405178001	0.873754604312672
0.00031065769087986204	0.8737546101458844
0.0003134201900292483	0.8737546160835146
0.00031620725448564105	0.8737546221269303
0.00031901910269410645	0.8737546282783569
0.00032185595504221476	0.8737546345398629
0.0003247180338773172	0.8737546409129235
0.00032760556352397116	0.873754647400191
0.00033051877030152094	0.8737546540030037
0.0003334578825418403	0.8737546607241358
0.00033642313060722374	0.873754667565126
0.0003394147469084465	0.8737546745283432
0.0003424329659229774	0.8737546816158224
0.00034547802421335775	0.8737546888299333
0.000348550160445743	0.8737546961732302
0.0003516496154086082	0.8737547036475011
0.0003547766320316223	0.8737547112552811
0.000357931455404685	0.873754718998895
0.0003611143327971412	0.8737547268809848
0.00036432551367715743	0.8737547349037773
0.00036756524973127655	0.87375474306979
0.0003708337948841455	0.8737547513818402
0.0003741314053184138	0.8737547598425863
0.0003774583394948177	0.8737547684540117
0.00038081485817243366	0.8737547772194707
0.0003842012244291183	0.8737547861414477
0.00038761770368212726	0.8737547952229051
0.00039106456370891814	0.873754804466514
0.00039454207466813984	0.873754813875147
0.0003980505091208035	0.8737548234521598
0.0004015901420516501	0.8737548332002127
0.0004051612508906994	0.8737548431222104
0.0004087641155349959	0.8737548532216558
0.00041239901837054806	0.8737548635012578
0.00041606624429445726	0.8737548739647522
0.0004197660807372524	0.8737548846149487
0.00042349881768541457	0.8737548954554397
0.00042726474770410713	0.8737549064895168
0.0004310641659601062	0.8737549177208959
0.00043489737024493503	0.8737549291527329
0.00043876466099820606	0.8737549407889698
0.00044266634133116476	0.8737549526331025
0.00044660271705045226	0.8737549646885319
0.00045057409668206977	0.8737549769594661
0.0004545807914955617	0.8737549894497365
0.00045862311552841405	0.8737550021629564
0.0004627013856106639	0.8737550151032343
0.00046681592138973706	0.8737550282750935
0.0004709670453554977	0.8737550416818455
0.00047515508286552613	0.8737550553279376
0.00047938036217061935	0.8737550692181538
0.0004836432144405185	0.8737550833565062
0.0004879439737898672	0.8737550977472359
0.0004922829773043947	0.8737551123950527
0.0004966605650673411	0.87375512730465
0.0005010770801861089	0.8737551424803646
0.0005055328688191558	0.87375515792747
0.0005100282802031285	0.873755173650302
0.00051456366668023	0.8737551896538542
0.0005191393837258419	0.8737552059437813
0.0005237557899763805	0.8737552225242471
0.0005284132472574095	0.8737552394011905
0.0005331121206119974	0.873755256579453
0.0005378527783293295	0.8737552740644983
0.0005426355919735754	0.873755291862076
0.0005474609364130068	0.8737553099777434
0.0005523291898493853	0.873755328416711
0.0005572407338476003	0.8737553471850844
0.0005621959533655773	0.8737553662889336
0.0005671952367844495	0.8737553857337581
0.0005722389759390005	0.8737554055261606
0.0005773275661483724	0.8737554256720744
0.0005824614062470522	0.87375544617799
0.0005876408986161313	0.8737554670498796
0.0005928664492148437	0.8737554882948625
0.0005981384676123829	0.8737555099192509
0.0006034573670200064	0.8737555319298771
0.0006088235643234188	0.8737555543338621
0.0006142374801154485	0.8737555771379146
0.0006196995387290126	0.8737556003493951
0.0006252101682703755	0.8737556239754308
0.0006307698006527024	0.8737556480237485
0.0006363788716299141	0.8737556725014378
0.0006420378208308373	0.8737556974165201
0.000647747091793664	0.8737557227767117
0.000653507132000715	0.8737557485898205
0.0006593183929135125	0.8737557748637638
0.000665181330008164	0.8737558016074112
0.0006710964028110646	0.8737558288287538
0.0006770640749349102	0.873755856536173
0.0006830848141150363	0.8737558847387162
0.0006891590922460787	0.8737559134449331
0.0006952873854189591	0.8737559426640513
0.0007014701739581995	0.8737559724050417
0.0007077079424595722	0.8737560026775733
0.0007140011798280775	0.8737560334904286
0.0007203503793162654	0.8737560648539516
0.000726756038562896	0.8737560967778202
0.0007332186596319426	0.873756129271838
0.0007397387490519425	0.8737561623461225
0.0007463168178557005	0.8737561960115242
0.0007529533816203381	0.8737562302783246
0.0007596489605077068	0.8737562651568797
0.0007664040793051568	0.873756300658465
0.0007732192674666682	0.8737563367946117
0.0007800950591543487	0.87375637357612
0.0007870319932803026	0.8737564110145926
0.0007940306135488659	0.8737564491220491
0.0008010914684992232	0.8737564879099808
0.000808215111548401	0.8737565273909337
0.0008154021010346432	0.8737565675770714
0.000822653000261172	0.8737566084811113
0.0008299683775403415	0.8737566501158456
0.0008373488062381767	0.8737566924941078
0.0008447948648193158	0.8737567356295792
0.0008523071368923482	0.873756779535493
0.000859886211255557	0.873756824225859
0.0008675326819430673	0.8737568697142833
0.0008752471482714081	0.8737569160154613
0.0008830302148864814	0.8737569631436443
0.0008908824918109562	0.8737570111136362
0.0008988045944920802	0.8737570599406507
0.0009067971438499177	0.8737571096396106
0.000914860766326015	0.8737571602266598
0.0009229960939325031	0.8737572117170554
0.0009312037643016288	0.8737572641274013
0.0009394844207357349	0.8737573174738614
0.000947838712257679	0.8737573717732205
0.0009562672936617047	0.8737574270428146
0.0009647708255647609	0.8737574832993257
0.0009733499744582806	0.8737575405608318
0.0009820054127604224	0.8737575988452371
0.0009907378188687675	0.8737576581708
0.0009995478772134956	0.8737577185561015
0.001008436278311028	0.8737577800198849
0.0010174037188181492	0.8737578425815389
0.0010264509015866083	0.8737579062608357
0.0010355785357182114	0.8737579710775879
0.0010447873366203945	0.873758037052468
0.0010540780260622983	0.8737581042053101
0.001063451332231339	0.873758172558086
0.001072907989790283	0.8737582421317183
0.001082448739934826	0.873758312947901
0.0010920743304516916	0.8737583850292653
0.001101785515777235	0.8737584583978941
0.0011115830570565788	0.8737585330774906
0.0011214677222032687	0.8737586090907554
0.0011314402859594615	0.8737586864619364
0.0011415015299566466	0.8737587652150582
0.0011516522427769133	0.8737588453751635
0.0011618932200147527	0.8737589269668954
0.0011722252643394176	0.8737590100159852
0.001182649185557835	0.8737590945486393
0.0011931658006780759	0.8737591805911957
0.0012037759339733904	0.8737592681704748
0.0012144804170468179	0.8737593573142239
0.0012252800888963584	0.8737594480507159
0.0012361757959807374	0.8737595404074858
0.0012471683922857478	0.8737596344140663
0.001258258739391185	0.873759730099811
0.0012694477065383729	0.8737598274946813
0.0012807361706982999	0.8737599266291567
0.0012921250166403465	0.8737600275345953
0.0013036151370016365	0.8737601302422782
0.001315207432357	0.8737602347845219
0.0013269028112895568	0.8737603411939147
0.001338702190461931	0.873760449504314
0.0013506064946881	0.8737605597491117
0.0013626166570058736	0.8737606719631574
0.0013747336187500284	0.8737607861815843
0.0013869583296260862	0.8737609024402943
0.0013992917477847514	0.8737610207749856
0.0014117348398970068	0.873761141223784
0.0014242885812298847	0.8737612638241752
0.001436953955722899	0.8737613886140403
0.0014497319560651707	0.8737615156330196
0.0014626235837732302	0.8737616449206187
0.0014756298492695152	0.873761776517431
0.0014887517719615643	0.8737619104649045
0.001501990380321922	0.8737620468048927
0.0015153467119687404	0.8737621855800624
0.00152882181374711	0.8737623268339274
0.0015424167418111097	0.8737624706105999
0.0015561325617065864	0.8737626169553143
0.0015699703484546672	0.8737627659140418
0.0015839311866360257	0.8737629175331906
0.0015980161704758785	0.8737630718606306
0.001612226403929757	0.8737632289444827
0.0016265630007700294	0.8737633888338155
0.001641027084673198	0.8737635515789335
0.001655619789307968	0.873763717230967
0.0016703422584241105	0.8737638858414156
0.0016851956459420958	0.8737640574636621
0.0017001811160435437	0.8737642321510465
0.0017152998432624677	0.8737644099583494
0.0017305530125773325	0.8737645909415558
0.00174594181950393	0.8737647751570972
0.0017614674701890865	0.8737649626626516
0.0017771311815051902	0.8737651535172655
0.0017929341811455724	0.8737653477805318
0.001808877707720732	0.8737655455138531
0.001824963010855414	0.8737657467779668
0.0018411913512865515	0.8737659516370918
0.001857564000962088	0.873766160154894
0.001874082243140658	0.8737663723968758
0.0018907473724921753	0.8737665884293938
0.0019075606951993041	0.8737668083203631
0.0019245235290598353	0.8737670321384322
0.0019416372035899719	0.8737672599535764
0.0019589030601285403	0.8737674918375351
0.001976322451942112	0.8737677278629924
0.0019938967443310783	0.873767968103471
0.002011627314736655	0.8737682126346217
0.0020295155528488474	0.8737684615331334
0.002047562860715368	0.8737687148762369
0.002065770652851534	0.8737689727440953
0.002084140356351123	0.8737692352172536
0.0021026734109982357	0.87376950237786
0.0021213712693801375	0.8737697743097096
0.0021402353970011146	0.8737700510976915
0.002159267272397332	0.8737703328289613
0.0021784683872527267	0.8737706195913522
0.002197840246515913	0.8737709114747371
0.0022173843685181454	0.8737712085709656
0.002237102285092319	0.8737715109728972
0.002256995541693033	0.8737718187746085
0.002277065697517718	0.8737721320737409
0.0022973143256288524	0.87377245096723
0.0023177430130772426	0.8737727755556923
0.002338353361026422	0.8737731059405713
0.002359146984878145	0.8737734422251481
0.0023801255143990003	0.8737737845149408
0.002401290593848144	0.873774132917232
0.0024226438821061866	0.873774487540965
0.002444187052805196	0.8737748484971731
0.002465921794459885	0.8737752158991828
0.002487849810599951	0.8737755898616872
0.0025099728199035956	0.873775970502003
0.002532292556332229	0.873776357939316
0.0025548107692663848	0.873776752294806
0.0025775292236428172	0.8737771536919238
0.0026004497000928464	0.8737775622566891
0.0026235739950819163	0.8737779781166048
0.0026469039210503973	0.8737784014023349
0.002670441306555644	0.873778832246208
0.0026941879964153185	0.8737792707829615
0.002718145851851974	0.8737797171499037
0.00274231675063894	0.873780171487095
0.0027667025872474996	0.8737806339362639
0.0027913052729953715	0.8737811046427262
0.002816126736196517	0.8737815837537073
0.0028411689223122832	0.8737820714187391
0.0028664337941038736	0.8737825677910448
0.0028919233317861942	0.8737830730257042
0.002917639533183056	0.8737835872808932
0.0029435844138837623	0.87378411071777
0.002969760007401083	0.8737846434998456
0.0029961683653306486	0.8737851857942579
0.003022811557511736	0.8737857377703557
0.0030496916721895065	0.8737862996009523
0.003076810816178679	0.8737868714623128
0.003104171115028657	0.8737874535327358
0.0031317747131901215	0.8737880459951393
0.0031596237741831224	0.8737886490341418
0.0031877204807666333	0.873789262839078
0.0032160670351096435	0.8737898876014796
0.003244665658963757	0.8737905235173256
0.00327351859383733	0.8737911707852658
0.003302628101171153	0.8737918296078623
0.0033319964625157105	0.8737925001914278
0.003361625979709986	0.8737931827452547
0.003391518975061889	0.8737938774834746
0.0034216777915302703	0.8737945846233202
0.0034521047929085584	0.8737953043857029
0.003482802364010026	0.8737960369960638
0.0035137729108547203	0.8737967826833372
0.0035450188608580234	0.873797541680699
0.003576542663020922	0.8737983142255888
0.0036083467881219515	0.8737991005599409
0.003640433728910852	0.8737999009294252
0.003672806000303942	0.8738007155841574
0.0037054661395812447	0.8738015447794898
0.003738416706585339	0.8738023887739396
0.003771660283922004	0.8738032478322474
0.003805199477162641	0.8738041222218066
0.0038390369150484885	0.8738050122171824
0.003873175249696657	0.8738059180960593
0.003907617156808012	0.8738068401418224
0.003942365335876867	0.8738077786423238
0.003977422510402583	0.8738087338915779
0.004012791428103021	0.8738097061876924
0.004048474861129913	0.873810695834735
0.004084475606286125	0.8738117031418084
0.004120796485244886	0.8738127284237456
0.004157440344770922	0.8738137720013127
0.004194410056943593	0.8738148342004628
0.004231708519382002	0.8738159153529074
0.0042693386554720995	0.8738170157963611
0.004307303414595815	0.8738181358749517
0.0043456057723622364	0.873819275938518
0.00438424873084081	0.8738204363431105
0.004423235318796654	0.8738216174510964
0.004462568591927941	0.8738228196316593
0.004502251633105401	0.8738240432601169
0.004542287552613947	0.873825288718713
0.004582679488396467	0.873826556396083
0.004623430606299748	0.8738278466885389
0.004664544100322628	0.8738291599984696
0.004706023192866327	0.8738304967362067
0.004747871134987014	0.8738318573194229
0.004790091206650617	0.8738332421719706
0.004832686716989919	0.8738346517268041
0.004875661004563888	0.8738360864236597
0.004919017437619376	0.8738375467103632
0.004962759414355102	0.8738390330423115
0.005006890363188002	0.873840545883991
0.005051413743021938	0.8738420857066483
0.0050963330435188125	0.8738436529914639
0.005141651785372064	0.873845248226713
0.005187373520582622	0.8738468719102825
0.005233501832737307	0.8738485245486697
0.005280040337289705	0.8738502066571124
0.005326992681843534	0.8738519187605293
0.0053743625464385564	0.8738536613923167
0.005422153643838985	0.8738554350960862
0.005470369719824501	0.8738572404249082
0.00551901455348384	0.873859077941282
0.005568091957510986	0.8738609482183707
0.005617605778504001	0.8738628518383537
0.005667559897266533	0.8738647893951345
0.005717958229111956	0.8738667614922048
0.0057688047241702695	0.8738687687439504
0.00582010336769769	0.8738708117756833
0.005871858180389016	0.8738728912239165
0.00592407321869275	0.8738750077360857
0.005976752575129064	0.8738771619716036
0.006029900378610528	0.8738793546013439
0.0060835207947657465	0.8738815863073335
0.0061376180262658515	0.8738838577848889
0.006192196313153898	0.8738861697409795
0.0062472599331771855	0.8738885228948863
0.0063028132021225635	0.8738909179790886
0.006358860474154658	0.873893355738763
0.006415406142157172	0.8738958369324147
0.0064724546380771795	0.8738983623314732
0.006530010433272496	0.8739009327217664
0.006588078038862133	0.8739035489023934
0.006646662006079887	0.8739062116869477
0.00670576692663103	0.8739089219030313
0.006765397433052218	0.8739116803933441
0.006825558199074574	0.873914488014755
0.006886253939990011	0.873917345639795
0.006947489413020799	0.8739202541566637
0.00700926941769245	0.8739232144687662
0.007071598796209865	0.8739262274951405
0.007134482433836875	0.8739292941716098
0.007197925259279139	0.8739324154504955
0.0072619322450704436	0.8739355923003453
0.007326508407962436	0.8739388257076597
0.007391658809317852	0.8739421166754556
0.007457388555507182	0.8739454662246681
0.007523702798308917	0.8739488753947077
0.007590606735313341	0.8739523452422802
0.007658105610329895	0.8739558768441015
0.007726204713798182	0.8739594712946942
0.007794909383202643	0.8739631297081408
0.007864225003490861	0.8739668532177652
0.007934157007495647	0.8739706429775597
0.008004710876360855	0.873974500162044
0.008075892139970982	0.8739784259646433
0.008147706377384576	0.873982421601652
0.008220159217271553	0.8739864883095996
0.008293256338354309	0.8739906273473416
0.008367003469852845	0.8739948399956381
0.008441406391933798	0.8739991275571455
0.008516470936163485	0.874003491358082
0.00859220298596496	0.874007932747958
0.008668608477079178	0.8740124530994321
0.008745693398030186	0.8740170538096427
0.008823463790594512	0.8740217362997713
0.008901925750274715	0.8740265020164083
0.008981085426777129	0.8740313524311141
0.009060949024493859	0.8740362890410859
0.009141522802989107	0.8740413133701382
0.009222813077489737	0.8740464269681598
0.009304826219380273	0.8740516314128923
0.009387568656702285	0.8740569283087763
0.009471046874658193	0.8740623192887439
0.009555267416119574	0.8740678060142618
0.009640236882139963	0.8740733901758813
0.009725961932472276	0.8740790734931033
0.009812449286090737	0.8740848577159206
0.009899705721717524	0.8740907446245487
0.009987738078354071	0.8740967360306383
0.010076553255817099	0.8741028337766237
0.010166158215279395	0.8741090397374934
0.010256559979815458	0.8741153558208606
0.010347765634951902	0.8741217839675869
0.010439782329222836	0.8741283261515332
0.010532617274730148	0.8741349843821423
0.010626277747708777	0.8741417607023816
0.010720771089097	0.8741486571916774
0.010816104705111844	0.8741556759647695
0.010912286067829506	0.8741628191735554
0.01100932271577105	0.8741700890069573
0.011107222254493242	0.874177487691784
0.01120599235718467	0.8741850174935274
0.011305640765267133	0.874192680716784
0.011406175289002451	0.874200479706131
0.011507603808104555	0.8742084168461813
0.011609934272357122	0.8742164945632411
0.011713174702236658	0.8742247153246425
0.011817333189541125	0.8742330816415883
0.011922417898024156	0.8742415960673975
0.012028437064034954	0.8742502611997098
0.012135398997163777	0.8742590796808026
0.012243312080893277	0.8742680541987028
0.012352184773255566	0.8742771874872063
0.012462025607495143	0.8742864823272519
0.012572843192737703	0.8742959415469297
0.012684646214664948	0.8743055680239445
0.012797443436195294	0.8743153646846455
0.01291124369817073	0.8743253345050425
0.013026055920049741	0.8743354805126583
0.013141889100606393	0.8743458057868508
0.013258752318635636	0.8743563134587554
0.013376654733664926	0.8743670067138448
0.013495605586672062	0.8743778887916723
0.013615614200809532	0.8743889629860898
0.013736689982135217	0.8744002326483646
0.013858842420349633	0.8744117011859173
0.013982081089539704	0.8744233720642769
0.014106415648929206	0.8744352488074142
0.014231855843635767	0.874447334999626
0.014358411505434723	0.8744596342857565
0.0144860925535297	0.8744721503720275
0.014614908995330064	0.8744848870277857
0.014744870927235271	0.8744978480855446
0.014875988535426259	0.8745110374425386
0.015008272096663736	0.874524459062165
0.015141731979093718	0.8745381169742006
0.015276378643060142	0.8745520152762952
0.015412222641924735	0.8745661581342979
0.015549274622894151	0.8745805497851222
0.015687545327854536	0.8745951945358535
0.01582704559421337	0.8746100967660033
0.015967786355748952	0.8746252609280264
0.01610977864346734	0.8746406915488366
0.016253033586466948	0.8746563932312459
0.016397562412810814	0.8746723706539707
0.01654337645040669	0.87468862857424
0.016690487127894806	0.8747051718279224
0.016838905975543706	0.8747220053315162
0.016988644626153935	0.8747391340824001
0.017139714815969806	0.8747565631609895
0.01729212838559925	0.8747742977317848
0.01744589728094192	0.8747923430439679
0.017601033554125404	0.8748107044338814
0.017757549364449895	0.8748293873247438
0.017915456979341212	0.8748483972296863
0.0180747687753123	0.8748677397516709
0.018235497238933255	0.8748874205858045
0.01839765496781007	0.8749074455200816
0.018561254671571915	0.8749278204366353
0.018726309172867342	0.8749485513137689
0.01889283140836932	0.8749696442267401
0.01906083442978915	0.8749911053499402
0.019230331404899444	0.8750129409568925
0.019401335618566252	0.8750351574237702
0.019573860473790197	0.8750577612282912
0.01974791949275705	0.8750807589534872
0.019923526317897566	0.8751041572880892
0.020100694712956738	0.8751279630279458
0.020279438564072563	0.8751521830776575
0.020459771880864498	0.8751768244525248
0.020641708797531366	0.8752018942793901
0.020825263573959283	0.8752273997986577
0.021010450596839272	0.8752533483657168
0.021197284380794885	0.8752797474523358
0.0213857795695198	0.8753066046483597
0.02157595093692565	0.875333927663712
0.021767813388299865	0.8753617243288684
0.021961381961473996	0.8753900025980477
0.02215667182800232	0.875418770549156
0.022353698294350983	0.8754480363867326
0.02255247680309765	0.8754778084428761
0.02275302293414197	0.8755080951793013
0.02295535240592655	0.8755389051883956
0.023159481076669056	0.8755702471955551
0.023365424945605087	0.875602130060821
0.023573200154242212	0.8756345627797426
0.02378282298762505	0.8756675544860223
0.023994309875611783	0.8757011144525266
0.02420767739416174	0.8757352520935948
0.024422942266634697	0.8757699769661912
0.024640121365101592	0.8758052987717087
0.024859231711666933	0.8758412273581645
0.025080290479802935	0.8758777727211953
0.02530331499569563	0.8759149450063145
0.02552832273960274	0.8759527545102805
0.025755331347223825	0.8759912116830799
0.02598435861108252	0.8760303271294131
0.02621542248192109	0.8760701116105593
0.026448541070107325	0.8761105760457824
0.026683732647054127	0.8761517315147387
0.026921015646651433	0.8761935892584553
0.027160408666711117	0.876236160681011
0.027401930470424638	0.8762794573516421
0.027645599987833665	0.8763234910067277
0.02789143631731375	0.876368273550449
0.028139458727071333	0.8764138170569868
0.028389686656653784	0.8764601337725412
0.02864213971847316	0.876507236116305
0.028896837699343342	0.8765551366824313
0.02915380056203091	0.8766038482413718
0.029413048446819745	0.8766533837419749
0.02967460167308971	0.8767037563125505
0.02993848074090908	0.876754979262593
0.030204706332641402	0.8768070660843224
0.030473299314566493	0.8768600304540152
0.030744280738516035	0.8769138862337769
0.03101767184352328	0.8769686474726606
0.03129349405748814	0.8770243284083501
0.03157176899885621	0.8770809434683215
0.03185251847831362	0.8771385072712113
0.03213576450049628	0.8771970346284054
0.03242152926571444	0.8772565405448338
0.032709835171693104	0.8773170402205784
0.03300070481532704	0.8773785490520037
0.03329416099445239	0.8774410826327105
0.03359022670963301	0.8775046567547844
0.033888925165963646	0.8775692874098869
0.03419027977488853	0.8776349907900723
0.03449431415603616	0.8777017832889106
0.03480105213907095	0.8777696815022499
0.03511051776556049	0.877838702229123
0.03542273529086033	0.8779088624724437
0.03573772918601486	0.8779801794396993
0.0360555241396751	0.8780526705437098
0.036376145060034254	0.8781263534029259
0.03669961707677939	0.878201245842357
0.03702596554306164	0.8782773658934588
0.03735521603748275	0.8783547317948952
0.037687394366100385	0.8784333619926252
0.03802252656445057	0.8785132751400692
0.038360638899588066	0.8785944900981825
0.03870175787214565	0.878677025935698
0.039045910218410605	0.8787609019286743
0.03939312291242077	0.8788461375607058
0.03974342316807849	0.8789327525224351
0.040096838441283415	0.8790207667113019
0.040453396432084884	0.879110200231104
0.04081312508685248	0.8792010733917779
0.041176052600466986	0.879293406708076
0.041542207418529625	0.8793872208996352
0.04191161823959215	0.8794825368896682
0.04228431401740592	0.8795793758047867
0.04266032396319104	0.8796777589732722
0.0430396775479264	0.8797777079239604
0.04342240450465894	0.8798792443857657
0.043808534830834626	0.8799823902847251
0.04419809879064938	0.880087167742726
0.04459112691742084	0.8801935990723918
0.04498765001598213	0.8803017067717428
0.04538769916509558	0.8804115135139412
0.04579130571988933	0.8805230421256033
0.0461985013143142	0.8806363155566989
0.04660931786362368	0.8807513568230919
0.04702378756687515	0.8808681889322475
0.047441942909453326	0.8809868348247406
0.047863816665617016	0.8811073174400168
0.04828944190106719	0.8812296599881569
0.04871885197553925	0.8813538862410383
0.04915208054541739	0.881480020597637
0.049589161566372365	0.8816080879760128
0.05003012929602335	0.8817381135609198
0.050475018296622404	0.8818701225394321
0.05092386343776404	0.8820041400117786
0.05137669989911754	0.88214019102744
0.05183356317318493	0.8822783006471834
0.052294489068082504	0.882418493990297
0.05275951371034715	0.8825607962602164
0.053228673547768536	0.8827052327561394
0.05370200535224505	0.8828518288758983
0.054179546222666596	0.8830006101132276
0.054661333587822034	0.8831516020555986
0.05514740520933253	0.8833048303762852
0.05563779918461186	0.8834603208310663
0.0561325539498517	0.8836180992518566
0.056631708283034925	0.8837781915399239
0.05713530130697418	0.883940623664411
0.057643372492378976	0.8841054216572546
0.05815596166094898	0.8842726116100831
0.058673108988494926	0.884442219665631
0.05919485500808818	0.8846142719888141
0.059721240613236866	0.8847887946799654
0.06025230706109173	0.8849658135392854
0.060788095975679496	0.8851453535493272
0.06132864935116495	0.8853274383271359
0.061874009555143154	0.8855120909959127
0.06242421933195922	0.8856993372853258
0.06297932180605945	0.885889206251102
0.06353936048537046	0.8860817268044342
0.06410437926471002	0.8862769258474501
0.06467442242922714	0.886474828922251
0.06524953465787266	0.8866754610391192
0.065829761026902	0.8868788470408807
0.06641514701340714	0.887085011700996
0.06700573849888193	0.8872939797217066
0.06760158177281776	0.8875057757080588
0.06820272353633135	0.8877204241362033
0.06880921090582591	0.8879379493254758
0.06942109141668311	0.8881583754129048
0.07003841302698972	0.8883817263306916
0.07066122412129562	0.8886080257856843
0.07128957351440678	0.888837297239966
0.07192351045521105	0.8890695638921849
0.07256308463053779	0.8893048486602707
0.07320834616905308	0.8895431741631546
0.07385934564518773	0.8897845627032046
0.07451613408310206	0.8900290362499809
0.0751787629606848	0.8902766164222768
0.07584728421358732	0.8905273244697356
0.07652175023929522	0.8907811812581167
0.07720221390123416	0.8910382072484139
0.07788872853291415	0.8912984224820173
0.0785813479421087	0.8915618465618447
0.07928012641507319	0.8918284986349668
0.07998511872079925	0.8920983973741613
0.080696380115307	0.8923715609607055
0.08141396634597703	0.8926480070656274
0.08213793365591851	0.8929277528329409
0.08286833878837851	0.8932108148602329
0.08360523899118898	0.8934972091817366
0.08434869202125322	0.8937869512491167
0.08509875614907396	0.8940800559136103
0.08585549016331911	0.8943765374093865
0.08661895337543088	0.8946764093328566
0.08738920562427314	0.8949796846274755
0.0881663072808227	0.895286375563729
0.08895031925290049	0.8955964937219857
0.08974130298994502	0.8959100499764531
0.09053932048782974	0.8962270544740918
0.0913444342937209	0.8965475166205287
0.09215670751098116	0.8968714450613963
0.09297620380411424	0.897198847665139
0.09380298740375595	0.8975297315066492
0.094637123111708	0.8978641028511687
0.09547867630601653	0.8982019671363
0.0963277129460975	0.8985433289581928
0.09718429957790516	0.8988881920544424
0.09804850333914888	0.8992365592883758
0.09892039196455492	0.8995884326360655
0.09980003379117469	0.8999438131689895
0.10068749776374222	0.900302701042572
0.10158285344007648	0.9006650954800459
0.10248617099653454	0.901030994759903
0.10339752123351056	0.9014003962042024
0.10431697558098618	0.9017732961643025
0.10524460610412854	0.902149690008945
0.10618048550893808	0.9025295721154201
0.1071246871479484	0.9029129358552875
0.10807728502597397	0.9032997735878593
0.10903835380591187	0.9036900766465199
0.11000796881459313	0.9040838353323007
0.11098620604868611	0.9044810389042476
0.11197314218065439	0.9048816755726412
0.11296885456476465	0.9052857324910938
0.11397342124315103	0.9056931957490533
0.11498692095193054	0.9061040503666328
0.11600943312737544	0.906518280289786
0.11704103791213888	0.9069358683847797
0.11808181616153561	0.9073567964343926
0.11913184944988078	0.9077810451307762
0.12019122007688188	0.9082085940782072
0.12126001107409073	0.9086394217840549
0.12233830621141074	0.9090735056582834
0.12342619000366194	0.9095108220090548
0.12452374771720665	0.909951346038367
0.1256310653766307	0.9103950518336479
0.12674822977148784	0.9108419123636459
0.1278753284631	0.9112918994583291
0.1290124497914222	0.9117449837965823
0.1301596828819654	0.912201134872313
0.1313171176527816	0.9126603209602399
0.1324848448215129	0.9131225091123272
0.1336629559125	0.9135876653024406
0.13485154326395732	0.914055755578935
0.1360507000352096	0.9145267515451001
0.13726052021399288	0.915000627802106
0.13848109862382274	0.915477336211227
0.13971253093142438	0.9159568307406872
0.14095491365423296	0.9164390812972338
0.14220834416795627	0.9169240654153408
0.1434729207142087	0.9174117177013079
0.14474874240821056	0.9179019932086895
0.14603590924655566	0.9183948523071129
0.14733452211505071	0.9188902533704268
0.14864468279662052	0.9193881525276618
0.14996649397928738	0.9198885040676117
0.1513000592642187	0.9203912610485083
0.1526454831738464	0.9208963757584762
0.15400287116006103	0.9214037998896699
0.15537232961247463	0.9219134845288411
0.15675396586676169	0.9224253800877638
0.1581478882130696	0.9229394362367631
0.1595542059045083	0.9234556018642729
0.1609730291657124	0.9239738250773984
0.16240446920147958	0.9244940532503241
0.16384863820548862	0.9250162331029343
0.16530564936909056	0.9255403107898993
0.16677561689018267	0.9260662319728935
0.16825865598215792	0.9265939418693381
0.16975488288293453	0.927123385278525
0.17126441486406846	0.9276545065938544
0.17278737023994262	0.9281872498111065
0.17432386837704242	0.9287215585363331
0.17587402970330923	0.929257375999239
0.17743797571758133	0.9297946450685028
0.1790158289991159	0.9303333082727506
0.18060771321719563	0.9308733078230189
0.18221375314082383	0.931414585638794
0.18383407464850116	0.9319570833743149
0.18546880473809388	0.9325007424461725
0.18711807153678686	0.9330455040625164
0.1887820043111249	0.9335913092508668
0.19046073347714676	0.9341380988878906
0.19215439061060427	0.9346858132912241
0.19386310845727758	0.935234387676998
0.19558702094337702	0.9357837613272617
0.1973262631860422	0.9363338751046566
0.19908097150393136	0.9368846697520011
0.2008512834279046	0.9374360859357234
0.20263733771180584	0.9379880642831151
0.20443927434333528	0.9385405454259113
0.2062572345550238	0.9390934700294225
0.2080913608353015	0.9396467788364523
0.20994179693966455	0.9402004126914485
0.21180868790194515	0.9407543125774701
0.2136921800456759	0.9413084196459924
0.21559242099556147	0.9418626752467191
0.2175095596890461	0.9424170209560752
0.21944374638798975	0.94297139860436
0.2213951326904442	0.9435257503033274
0.2233638715425338	0.9440800184719834
0.22535011725044587	0.9446341458610094
0.2273540254925219	0.9451880755784523
0.22937575333146193	0.9457417511097177
0.2314154592266338	0.9462951163448626
0.2334733030464916	0.9468481155944324
0.23554944608110875	0.947400693612894
0.23764405105481637	0.9479527956151804
0.23975728213896055	0.9485043672961996
0.24188930496476654	0.9490553548438619
0.24404028663632357	0.9496057049513316
0.24621039574368087	0.9501553648284088
0.24839980237606007	0.9507042822028947
0.2506086781351898	0.9512524053178341
0.2528371961487516	0.9517996829160433
0.2550855310839528	0.9523460642048057
0.2573538591612153	0.9528914987804277
0.2596423581679857	0.9534359364914734
0.26195120747267336	0.9539793271524288
0.2642805880387056	0.9545216199376215
0.2666306824387142	0.9550627619432994
0.26900167486884236	0.9556026942691566
0.2713937511631841	0.95614133986134
0.27380709880834875	0.9566786110440357
0.2762419069581541	0.9572149453542149
0.27869836644845536	0.9577500044493149
0.2811766698120986	0.958283569277308
0.28367701129401474	0.9588156484034874
0.2861995868664424	0.9593462210644675
0.2887445942442865	0.959875255783679
0.29131223290061825	0.9604027174949028
0.2939027040823055	0.9609285699760679
0.2965162108257901	0.9614527768165194
0.29915295797299746	0.9619753018602311
0.3018131521873953	0.9624961094255244
0.3044970019701901	0.9630151644265884
0.30720471767666724	0.9635324324440481
0.30993651153268226	0.9640478797688411
0.31269259765129026	0.9645614734273066
0.31547319204953145	0.9650731811988545
0.31827851266536067	0.9655829716362851
0.32110877937472737	0.9660908140679576
0.3239642140088127	0.966596678607228
0.3268450403714121	0.9671005361560927
0.32975148425648076	0.9676023584165705
0.3326837734658269	0.9681021179037994
0.33564213782696994	0.9685997879679225
0.3386268092111526	0.9690953428394823
0.3416380215515127	0.9695887577042996
0.34467601086142247	0.9700800088760355
0.34774101525298207	0.9705690741303347
0.3508332749556868	0.9710559334214531
0.35395303233525377	0.9715405701464156
0.3571005319126165	0.9720229707193494
0.3602760203830941	0.9725031029752217
0.363479746635722	0.9729808960895697
0.36671196177276444	0.9734563505422815
0.3699729191293902	0.9739294837651459
0.37326287429353305	0.9744002783667682
0.37658208512592267	0.9748687122345292
0.37993081178029287	0.9753347661564475
0.38330931672377677	0.9757984238257902
0.3867178647574734	0.97625967232913
0.39015672303720655	0.9767185060012313
0.3936261610944625	0.9771749386419285
0.3971264508575129	0.9776288629933623
0.400657866672733	0.9780802966494313
0.40422068532609895	0.9785292864572662
0.4078151860648872	0.978975755589069
0.411441650619556	0.979419712681508
0.4151003632258316	0.9798611843941696
0.4187916106469843	0.980300151070796
0.422515682196302	0.9807365979536316
0.42627286975977124	0.9811705143603867
0.43006346781894894	0.9816018916961513
0.4338877734740483	0.9820307226327304
0.437746086467223	0.9824570007740387
0.44163870920605786	0.9828807205346276
0.4455659467872767	0.9833018771756243
0.44952810702064866	0.9837204670282683
0.4535255004531205	0.9841364879485088
0.4575584403931501	0.9845499393926781
0.4616272429352684	0.984960820521645
0.46573222698485256	0.9853691277560012
0.4698737142831181	0.9857748561787759
0.47405202943234237	0.986178002129904
0.47826749992129974	0.9865785637158899
0.4825204561509353	0.986976540345274
0.4868112314602587	0.9873719323113008
0.49114016215246786	0.9877647405565787
0.49550758752131413	0.9881549665521053
0.49991384987768844	0.9885426122336554
0.5043592945764578	0.9889276799643216
0.5088442700435271	0.9893101725102639
0.5133691278031534	0.9896900930232141
0.517934222505496	0.9900674450254546
0.5225399119544105	0.990442232398111
0.5271865571354982	0.9908144593687119
0.5318745222443932	0.9911841305014955
0.5366041747153137	0.9915512506863343
0.5413758852498576	0.9919158251303394
0.5461900278460547	0.9922778593465549
0.5510469798276872	0.9926373591457804
0.5559471218738552	0.9929943306285082
0.560890838048822	0.9933487801754629
0.5658785158321081	0.9937007144403184
0.5709105461488683	0.9940501403410197
0.5759873234005287	0.9943970641892754
0.5811092454956961	0.9947414923988718
0.5862767138813525	0.9950834329002589
0.5914901335743115	0.9954228938485629
0.5967499131929701	0.9957598836156181
0.6020564649893323	0.9960944107886976
0.6074102048813176	0.9964264841666679
0.6128115524853672	0.9967561127574406
0.6182609311493245	0.9970833057742858
0.6237587679856242	0.9974080726304683
0.6293054939047611	0.997730422934854
0.6349015436490706	0.9980503664881711
0.6405473558268004	0.9983679132764943
0.6462433729464845	0.9986830734657219
0.6519900414516333	0.9989958573988942
0.657787811755717	0.9993062755871549
0.6636371382774755	0.999614338707126
0.6695384794765319	0.9999200575958272
0.6754922978893219	1.0002234432438566
0.6814990601653547	1.0005245067916282
0.6875592371037793	1.0008232595263398
0.6936733036902937	1.001119712875121
0.6998417391343641	1.0014138784008824
0.7060650269067932	1.0017057677990824
0.7123436547776099	1.0019953928897352
0.7186781148542957	1.0022827656049236
0.7250689036203646	1.0025678979599755
0.7315165219742663	1.002850801982165
0.7380214752686544	1.0031314895119228
0.7445842733499912	1.0034099715857996
0.7512054305985051	1.0036862603542487
0.7578854659685152	1.00396037945889
0.7646249030290962	1.0042323472806365
0.771424270005125	1.004502153412831
0.7782840998186713	1.0047697833508369
0.7852049301307765	1.0050352891673746
0.792187303383591	1.0052986808765416
0.7992317668428849	1.0055599694257848
0.806338872640952	1.0058191661331803
0.8135091778198738	1.0060762837686885
0.8207432443751886	1.0063313360813613
0.8280416392999365	1.0065843371711498
0.8354049346290939	1.0068353012843174
0.8428337074844195	1.007084242321469
0.8503285401196761	1.00733116912633
0.857890019966278	1.0075760939632625
0.8655187396793218	1.0078190313680868
0.8732152971840471	1.0080599953132314
0.8809802957226971	1.0082989993855327
0.8888143439017947	1.0085360569684267
0.8967180557398547	1.0087711814033908
0.9046920507154972	1.0090043861774327
0.9127369538160134	1.0092356852706934
0.9208533955863389	1.0094650940508032
0.9290420121784854	1.0096926289892367
0.9373034454013964	1.0099182823937498
0.9456383427712464	1.0101420585545227
0.9540473575622029	1.010363994837033
0.9625311488576165	1.0105841101788697
0.9710903816016894	1.0108024134256361
0.9797257266515883	1.011018915740463
0.9884378608300193	1.0112336292208963
0.9972274669782883	1.0114465663368266
1.006095234009807	1.0116577397177167
1.0150418569641029	1.0118671620621495
1.02406803706128	1.0120748460952917
1.0331744817569934	1.0122808045462752
1.0423619047978916	1.0124850501353158
1.0516310262775541	1.012687595565219
1.0609825726929432	1.012888453515686
1.0704172770013305	1.0130876366385715
1.0799358786777595	1.0132851575545074
1.0895391237729963	1.0134810288497258
1.0992277649720001	1.0136752630727701
1.1090025616529293	1.0138678727325103
1.118864279946645	1.0140588702955833
1.1288136927967756	1.014248268183871
1.1388515800202812	1.0144360787728688
1.1489787283685895	1.0146223143896236
1.1591959315892537	1.0148069873109729
1.1695039904881586	1.0149901097615048
1.1799037129923005	1.015171693912835
1.1903959142130953	1.015351751881411
1.2009814165102792	1.0155302957271952
1.2116610495563578	1.0157073374528554
1.2224356504016285	1.0158828890019986
1.2333060635398005	1.0160569622584952
1.2442731409741694	1.0162295690450922
1.2553377422844114	1.0164007211224904
1.2665007346939388	1.0165704301885299
1.2777629931378869	1.0167387078768573
1.289125400331683	1.0169055657564625
1.3005888468402254	1.0170710153300278
1.3121542311476997	1.0172350680334632
1.3238224597279826	1.0173977352343233
1.3355944471157062	1.0175590282311966
1.3474711159779293	1.0177189582521444
1.3594533971864482	1.0178775364536439
1.3715422298907733	1.0180347739210895
1.3837385615917193	1.0181906816696114
1.396043348215686	1.0183452706497773
1.408457554189565	1.018498551758113
1.4209821525163453	1.0186505358507174
1.4336181248513693	1.018801233750185
1.446366461579264	1.0189506562237105
1.4592281618915848	1.019098813922197
1.4722042338651093	1.0192457173275873
1.4852956945408669	1.0193913767418976
1.4985035700038434	1.0195358023013026
1.5118288954633983	1.019679003956719
1.525272715334419	1.0198209913803913
1.53883608331916	1.019961773868038
1.552520062489851	1.0201013612233247
1.5663257253719973	1.0202397712975995
1.5802541540284614	1.02037701932107
1.594306440144265	1.0205131039145363
1.6084836851121447	1.020648032616359
1.622787000118897	1.0207818188718987
1.6372175062324485	1.0209144761039874
1.6517763344897427	1.0210460106112984
1.6664646259853808	1.0211764304486206
1.6812835319610495	1.0213057451934482
1.6962342138957731	1.0214339644371164
1.7113178435969258	1.0215610976288163
1.7265356032920989	1.021687154112315
1.7418886857217373	1.021812143155236
1.757378294232646	1.0219360739614702
1.7730056428722971	1.0220589556726323
1.788771956483976	1.0221807973658625
1.804678470802802	1.0223016080501877
1.8207264325525614	1.0224213966635844
1.8369170995434414	1.0225401720708995
1.8532517407706093	1.0226579430628766
1.8697316365136616	1.0227747183558904
1.8863580784369944	1.0228905065922524
1.9031323696910145	1.023005316340624
1.9200558250143054	1.0231191560959736
1.9371297708366462	1.0232320342774095
1.9543555453829993	1.0233439592200841
1.9717344987783874	1.0234549391470578
1.989267993153704	1.0235649820703125
2.006957402752499	1.0236740953768164
2.02480411403866	1.0237822834619537
2.042809525805107	1.023889538386457
2.0609750492834182	1.023995937261505
2.0793021082544243	1.0241014261461925
2.0977921391598318	1.0242060176318273
2.116446591214777	1.0243097261037797
2.135266926521443	1.0244125606139818
2.1542546201836266	1.0245145291717246
2.1734111604223814	1.0246156394607728
2.19273804869265	1.0247158990136789
2.2122367998009334	1.0248153152658064
2.231908942024046	1.024913895575302
2.2517560172288684	1.0250116472315762
2.2717795809932237	1.025108577459529
2.291981202727788	1.0252046934218506
2.312362465799088	1.02530000222061
2.3329249676536272	1.0253945108984337
2.3536703199430624	1.0254882264393086
2.3746001486505524	1.025581155769419
2.395716094218166	1.0256733057576761
2.4170198116754884	1.0257646832162481
2.4385129707693247	1.0258552949009334
2.46019725609456	1.0259451475114754
2.4820743672262253	1.0260342476917756
2.5041460188526696	1.0261226020301015
2.5264139409099893	1.0262102170592031
2.5488798787176	1.0262970992565277
2.571545593115021	1.0263832550444791
2.5944128605999164	1.0264686907907654
2.6174834734672987	1.0265534128090512
2.640759239950041	1.0266374273597703
2.664241984360567	1.0267207406514915
2.68793354723387	1.0268033588425098
2.711835785471756	1.0268852880430746
2.73595057248837	1.0269665343179422
2.760279798357066	1.0270471036888829
2.7848253699585057	1.0271270021364427
2.8095892111301537	1.0272062355985614
2.8345732628170475	1.0272848099627532
2.8597794832239116	1.0273627310440347
2.8852098479686723	1.02744000454943
2.9108663502372636	1.0275166360452965
2.9367510009398887	1.0275926309744232
2.9628658288685914	1.0276679946005929
2.9892128808563068	1.02774273139843
3.015794221937269	1.0278168482027648
3.042611935508853	1.0278903517020928
3.0696681234949024	1.0279632451724652
3.096964906510432	1.0280355347808248
3.1245044240278745	1.028107226042132
3.152288834544756	1.028178323850323
3.1803203157528537	1.0282488334886366
3.208601064708921	1.0283187591320608
3.2371332980068446	1.0283881064179219
3.2659192519514195	1.0284568808751564
3.294961182733585	1.0285250876150145
3.3242613666072955	1.0285927316217964
3.353822100067919	1.0286598178175992
3.3836457000322073	1.0287263510738256
3.4137345040199394	1.0287923362133302
3.4440908703370785	1.0288577780113188
3.4747171782606596	1.028922681196619
3.5056158282252508	1.028987050452987
3.5367892420110776	1.0290508904207565
3.568239862933882	1.0291142056981994
3.599970156036373	1.0291770008429155
3.631982608281486	1.0292392803728783
3.6642797287472515	1.029301048767316
3.6968640488235005	1.0293623104674559
3.7297381224102484	1.0294230698770772
3.7629045261178473	1.0294833313635794
3.796365859468981	1.0295430992597416
3.830124745102358	1.0296023778682772
3.8641838289783164	1.029661171472495
3.8985457805861885	1.029719484362973
3.9332132931535106	1.029777320903675
3.9681890838571623	1.0298346857112475
4.003475894036276	1.0298915841565948
4.039076489407156	1.0299480230950038
4.074993660279995	1.030003926756892
4.111230221777619	1.0300595080857626
4.147789014056116	1.0301145609954563
4.184672902527414	1.0301691699372906
4.221884778083925	1.0302233365289173
4.25942755732506	1.030277063327176
4.297304182785892	1.0303303535849098
4.335517623167747	1.0303832108283983
4.37407087357088	1.0304356386877322
4.4129669557292655	1.030487640823514
4.452208918247381	1.0305392208115156
4.4917998368392125	1.0305903821547422
4.531742814569259	1.0306411281220282
4.5720409820958	1.030691461628652
4.61269749791625	1.0307413856736287
4.653715548614688	1.0307909038847765
4.695098349111677	1.0308400204218262
4.736849142916173	1.030888739501027
4.778971202379808	1.0309370651076804
4.821467828953345	1.0309850009587929
4.86434235344541	1.0310325505648312
4.907598136283621	1.0310797172980628
4.951238567777899	1.031126504437121
4.9952670683862666	1.031172915194282
5.039687088982863	1.0312189527328888
5.084502111128483	1.0312646201760836
5.1297156473434296	1.031309920613279
5.1753312413827866	1.0313548571037745
5.22135246851424	1.031399432679679
5.267782935798229	1.0314436503474502
5.314626282370717	1.0314875130900953
5.361886179728403	1.0315310238675601
5.409566332016454	1.0315741856182155
5.457670476318892	1.0316170012586607
5.5062023829514315	1.031659473684912
5.55516585575706	1.0317016057718602
5.6045647324041	1.0317434003741472
5.654402884687071	1.0317848603248407
5.7046842188301214	1.0318259884368675
5.755412675793159	1.0318667875017888
5.806592231580811	1.0319072602890558
5.858226897553972	1.0319474095467824
5.91032072074428	1.0319872380010358
5.962877784171284	1.032026748354647
6.0159022071624335	1.0320659432871195
6.069398145676017	1.0321048254547047
6.123369792626811	1.0321433974881689
6.177821378214803	1.03218166199345
6.232757170256658	1.0322196215495716
6.288181474520298	1.0322572787080324
6.344098635062351	1.032294635991211
6.400513034568591	1.0323316958888533
6.457429094697529	1.0323684608588222
6.5148512764268816	1.0324049333210137
6.572784080403292	1.032441115655884
6.631232047295055	1.0324770102000653
6.690199758147963	1.0325126192468606
6.749691834744448	1.032547945049668
6.809712939965732	1.032582989845457
6.87026777815739	1.0326177559242093
6.931361095497972	1.032652245800582
6.992997680371087	1.0326864625768357
7.055182363740668	1.0327204104064747
7.1179200195295795	1.032754093872606
7.181215565001713	1.03278751222098
7.245073961147292	1.0328206682192367
7.309500213071795	1.0328535641778183
7.374499370388208	1.032886199820051
7.440076527612767	1.032918576260038
7.506236824564346	1.0329506950340666
7.572985446767201	1.0329825582321324
7.64032762585751	1.0330141734491878
7.708268639993311	1.0330455484461334
7.776813814268291	1.033076678139756
7.845968521129111	1.0331075616895202
7.915738180796454	1.0331382011980637
7.986128261689948	1.0331685988336696
8.057144280856653	1.0331987566225584
8.12879180440358	1.0332286764542484
8.201076447933916	1.033258360075279
8.274003876987107	1.033287809127765
8.34757980748303	1.0333170256700461
8.421810006169867	1.033346014093761
8.496700291076218	1.0333747804106241
8.572256531966985	1.0334033249846906
8.64848465080354	1.033431646107702
8.725390622207833	1.03345974454336
8.802980473930623	1.033487622169764
8.88126028732403	1.0335152810182517
8.960236197818062	1.0335427230714989
9.039914395401622	1.0335699502479185
9.120301125107533	1.0335969644157235
9.201402687502137	1.0336237674061581
9.283225439179065	1.0336503610207695
9.36577579325741	1.033676747037154
9.449060219884489	1.0337029272107343
9.53308524674283	1.0337289032759207
9.617857459561918	1.0337546769458805
9.70338350263432	1.0337802499106137
9.7896700793364	1.0338056238322766
9.876723952653844	1.0338308003367502
9.964551945711582	1.033855780994967
10.053160942308724	1.0338805672857057
10.142557887457947	1.0339051605112053
10.232749787929967	1.033929561594256
10.323743712802656	1.0339537705241022
10.415546794015052	1.0339777845750424
10.508166226926477	1.0340015913360365
10.601609270880346	1.0340252676892108
10.69588324977327	1.0340486920126666
10.790995552629042	1.0340720273655566
10.886953634177706	1.034095154852548
10.983765015439987	1.0341180935447845
11.08143728431662	1.034140850753545
11.179978096183232	1.0341634301377272
11.279395174490196	1.034185834115393
11.379696311368122	1.0342080645879312
11.480889368238527	1.0342301231743523
11.58298227642995	1.0342520112701872
11.685983037799723	1.0342737300978506
11.78989972536098	1.034295280829107
11.894740483915562	1.0343166647092787
12.000513530692317	1.0343378830920418
12.107227155991092	1.034358937403715
12.214889723832664	1.0343798290961188
12.323509672614117	1.0344005596161308
12.433095515770413	1.0344211303905237
12.543655842441472	1.0344415428211289
12.655199318145538	1.0344617982825732
12.767734685458295	1.0344818981223924
12.881270764698028	1.0345018436611184
12.995816454617103	1.0345216361925729
13.111380733099248	1.0345412769846383
13.227972657863388	1.0345607672798718
13.345601367173508	1.0345801082965385
13.464276080554813	1.0345993012296535
13.58400609951651	1.0346183472524706
13.704800808280647	1.0346372475172696
13.826669674517836	1.0346560031572438
13.949622250089101	1.0346746152879363
14.073668171794719	1.034693084744085
14.198817162129457	1.0347114125584667
14.32507903004453	1.0347296000415795
14.452463671716579	1.0347476484609472
14.580981071323123	1.0347655590429348
14.710641301825271	1.0347833329672522
14.841454525757149	1.0348009713491788
14.973430996022342	1.0348184751921843
15.106581056697683	1.0348358452701878
15.240915143843786	1.034853082347673
15.376443786323229	1.0348701885859226
15.51317760662556	1.0348871660123884
15.651127321700068	1.0349040172013986
15.790303743795675	1.0349207451573554
15.930717781308289	1.0349373498769872
16.07238043963599	1.0349538193276795
16.21530282204138	1.0349701530939133
16.359496130522047	1.0349863632755578
16.504971666688448	1.035002457748151
16.651740832649658	1.0350184263597724
16.79981513190721	1.0350342723197659
16.949206170256517	1.0350499973601186
17.099925656696733	1.035065592084195
17.251985404348247	1.0350810704704412
17.405397331378786	1.035096433878247
17.56017346193745	1.0351116820662265
17.716325927097046	1.035126815396903
17.87386696580512	1.0351418345473518
18.032808925842982	1.0351567403422097
18.193164264793698	1.035171533666659
18.354945551018425	1.0351862154137088
18.51816546464139	1.0352007864321302
18.682836798543953	1.035215246290233
18.848972459367044	1.0352295955036288
19.016585468523008	1.0352438353805258
19.18568896321596	1.0352579671527748
19.356296197471657	1.0352719919939983
19.52842054317625	1.0352859110476929
19.70207549112423	1.0352997254642278
19.877274652076064	1.0353134364583108
20.0540317578247	1.035327045362033
20.23236066227207	1.0353405535260827
20.412275342514867	1.0353539610181925
20.593789899939885	1.0353672627017283
20.776918561329556	1.0353804521824943
20.96167567997671	1.035393537648749
21.148075736809854	1.0354065272308117
21.336133341527862	1.0354194223812185
21.52586323374533	1.0354322231618882
21.717280284147716	1.0354449296686337
21.91039949565677	1.0354575421638923
22.105236004606695	1.0354700610326355
22.301805081930215	1.0354824867385977
22.50012213435573	1.0354948197948437
22.700202705614775	1.0355070607462133
22.90206247766017	1.0355192101586073
23.105717271895436	1.035531268612233
23.31118305041452	1.0355432366975552
23.518475917253202	1.0355551150127444
23.72761211965097	1.0355669041615445
23.938608049324746	1.035578604752268
24.151480243753497	1.0355902173962694
24.366245387474308	1.0356017427077955
24.58292031339037	1.0356131813020721
24.801522004089975	1.035624533795883
25.02206759317787	1.0356358008052202
25.244574366618046	1.0356469829449386
25.469059764088446	1.0356580808273006
25.695541380348146	1.0356690950598915
25.924036966616068	1.035680026242655
26.15456443196263	1.0356908749649407
26.387141844713074	1.0357016417994807
26.62178743386395	1.0357123272932336
26.858519590511722	1.0357229319538799
27.097356869294103	1.0357334562253195
27.33831798984465	1.0357439004440843
27.581421838259608	1.0357542647557758
27.826687468578488	1.0357645489380585
28.074134104277363	1.0357747519949436
28.3237811397754	1.0357848711673978
28.575648141955327	1.0357949019457324
28.829754851696634	1.035804985121113
29.08612118542324	1.0358148136671759
29.344767236664097	1.035824742526079
29.605713277628436	1.0358344550673013
29.868979760794527	1.03584413859816
30.134587320512537	1.0358537739550067
30.402556774622184	1.0358633589216857
30.67290912608398	1.0358728077938535
30.94566556462578	1.035882150355988
31.22084746840343	1.0358914522167495
31.498476405676186	1.0359007195127
31.77857413649758	1.0359099257643691
32.06116261442048	1.0359190639904396
32.34626398821825	1.0359281326750014
32.633900603620226	1.0359371318763733
32.92409500506359	1.0359460621213883
33.21686993746014	1.0359549240544785
33.51224834797886	1.0359637183148893
33.81025338784486	1.035972445487848
34.11090841415347	1.0359811060803445
34.41423699170134	1.0359897004975642
34.72026289483321	1.035998229015509
35.02901010930516	1.0360066917443183
35.34050283416496	1.0360150885910797
35.65476548364824	1.0360234192783184
35.9718226890926	1.036031683650845
36.29169930086759	1.0360398832249518
36.614420390322934	1.036048026391958
36.94001125175336	1.0360561299890119
37.26849740438092	1.0360641783005886
37.59990459435564	1.0360721386113947
37.934258796772866	1.0360800518447328
38.27158621770967	1.0360879086274493
38.61191329627859	1.0360957080065534
38.955266706699696	1.0361034500710136
39.30167336039175	1.0361111349427625
39.65116040808093	1.0361187630409003
40.003755241929376	1.0361263350619636
40.359485497681604	1.0361338518376542
40.71837905683102	1.0361413141920663
41.080464048805055	1.0361487228075703
41.44576885316963	1.0361560780996724
41.81432210185403	1.0361633801554768
42.18615268139441	1.0361706288034254
42.56128973519844	1.036177823778712
42.93976266582922	1.0361849648586172
43.32160113730964	1.0361920519184706
43.70683507744788	1.0361990848944154
44.09549468018248	1.0362060636352035
44.48761040794956	1.0362129874595731
44.88321299406972	1.036219853398026
45.28233344515745	1.0362266434948535
45.68500304355112	1.0362334255753773
46.091253349764614	1.036240171756995
46.50111620496153	1.0362468481220168
46.91462373345016	1.036253471489662
47.33180834520199	1.0362600348518543
47.7527027383916	1.036266537178804
48.17733990195926	1.0362730076706388
48.60575311819717	1.0362794597612366
49.03797596535735	1.0362858548356022
49.474042320284134	1.0362921960862705
49.913986361068694	1.0362984870109986
50.357842569728454	1.0363047293968302
50.80564573490948	1.0363109242997832
51.257430954612886	1.0363170724382667
51.71323363894634	1.0363231743384
52.17308951289878	1.036329230386818
52.637034619141055	1.0363352409518258
53.10510532085067	1.036341207066394
53.577338304561515	1.036347131542684
54.05377058304002	1.0363530146579443
54.534439498185336	1.0363588519806564
55.0193827239569	1.0363646424917765
55.50863826932651	1.0363703877242625
56.002244481258046	1.0363760891959772
56.50024004771276	1.03638174801222
57.00266400068127	1.0363873649912707
57.5095557192435	1.0363929407847845
58.020954932654355	1.0363984759486702
58.536901723458335	1.036403970979886
59.05743653063081	1.0364094263370245
59.58260015274727	1.03641484245135
60.11243375118175	1.0364202197326724
60.646978853332136	1.0364255584979563
61.1862773558759	1.0364308565412914
61.73037152805298	1.0364361134711182
62.279304014979544	1.0364413302211886
62.83311784099012	1.0364465075869005
63.391856413009414	1.036451646254099
63.955563523955256	1.0364567468214119
64.5242833561701	1.0364618098160763
65.0980604848848	1.0364668357080695
65.67693988171187	1.0364718249179707
66.26096691817011	1.03647677782688
66.8501873692414	1.0364816947821625
67.4446474169576	1.036486576102574
68.04439365402112	1.0364914220835024
68.64947308745589	1.0364962329999168
69.25993314229243	1.036501009110103
69.87582166528466	1.0365057506586852
70.4971869286596	1.0365104578784066
71.1240776339018	1.0365151309925476
71.75654291556941	1.0365197702167137
72.39463234514616	1.0365243757603697
73.03839593492634	1.0365289478280073
73.68788414193423	1.036533486620451
74.34314787187978	1.0365379923356042
75.00423848314745	1.0365424651695008
75.6712077908226	1.0365469053163825
76.34410807075169	1.0365513129701387
77.0229920636404	1.0365556883234106
77.70791297918703	1.036560031568757
78.39892450025253	1.0365643428986313
79.09608078706903	1.0365686225046193
79.79943648148372	1.0365728705784312
80.50904671124269	1.0365770873108324
81.22496709431063	1.0365812728909707
81.94725374323102	1.0365854275077788
82.67596326952378	1.0365895513474468
83.41115278812184	1.0365936445934862
84.15287992184884	1.036597707426659
84.90120280593419	1.036601740024298
85.65618009257078	1.036605742559547
86.4178709555115	1.036609715202663
87.18633509470675	1.0366136581212226
87.96163274098465	1.0366175714852814
88.74382466077064	1.0366214554763618
89.53297216085144	1.036625310304809
90.32913709317893	1.0366291362495093
91.13238185971927	1.0366329337424247
91.9427694173424	1.0366367035526898
92.76036328275842	1.0366404472169906
93.58522753749382	1.0366441680967282
94.41742683291535	1.0366478740005003
95.25702639529666	1.0366515798573404
96.10409203093191	1.0366552507290616
96.95869013129156	1.0366588960090308
97.82088767822702	1.0366624787150527
98.69075224922157	1.0366660042821605
99.56835202268496	1.036669524278478
100.45375578329805	1.036673005962458
101.34703292740517	1.0366764636255215
102.24825346845114	1.036679904949986
103.15748804247018	1.0366833271076392
104.07480791362154	1.0366867277204377
105.00028497977654	1.036690105519563
105.93399177815155	1.0366934600078759
106.87600149099445	1.0366967912061296
107.82638795132168	1.0367000994600746
108.7852256487028	1.0367033852128469
109.75258973510046	1.0367066483559986
110.72855603075978	1.0367098881261958
111.7132010301527	1.0367131064465007
112.70660190797106	1.0367163111088578
113.7088365251766	1.0367194919850728
114.71998343510468	1.0367226035891937
115.74012188961895	1.0367257020153147
116.76933184532434	1.0367287874082463
117.80769396983327	1.0367318549508138
118.8552896480898	1.0367349030868112
119.91220098874594	1.036737932377554
120.97851083059848	1.0367409479884917
122.054302749083	1.0367439794918825
123.13966106282179	1.0367469304438757
124.23467084023382	1.0367498446512005
125.33941790620369	1.0367527632790932
126.45398884880571	1.036755654904114
127.57847102609226	1.0367585160840502
128.71295257293994	1.0367613617228977
129.85752240795918	1.0367641901888236
131.01227024046077	1.0367669997715891
132.17728657748856	1.0367697902084718
133.35266273091457	1.036772561778643
134.53849082459305	1.0367753146469143
135.7348638015829	1.0367780484748865
136.94187543143136	1.0367807621430165
138.1596203175255	1.0367834530399278
139.38819390450416	1.036786118732584
140.62769248574006	1.036788770928067
141.87821321088873	1.0367914184773264
143.13985409349988	1.0367940442207628
144.4127140187015	1.0367966478102069
145.69689275094936	1.0367992312540257
146.99249094184836	1.0368017954086695
148.2996101380383	1.0368043406871494
149.61835278915459	1.0368068673188215
150.94882225585948	1.0368093754502916
152.29112281794028	1.036811865187996
153.64535968248407	1.036814336618565
155.01163899212537	1.0368167898206004
156.39006783336214	1.0368192248686277
157.78075424495105	1.0368216418380007
159.1838072263745	1.036824040806001
160.59933674638592	1.0368264218537062
162.02745375162547	1.03682878506653
163.46827017531768	1.0368311305354005
164.9218989460462	1.0368334583570735
166.38845399660156	1.0368357686346026
167.86805027291317	1.036838061477541
169.3608037430576	1.0368403370023658
170.8668314063502	1.0368425953323266
172.38625130251177	1.0368448365974723
173.91918252092202	1.0368470609345672
175.46574520995554	1.0368492684867028
177.02606058639503	1.0368514594029823
178.60025094493454	1.0368536338382515
180.18843966776345	1.0368557919522459
181.79075123423948	1.0368579339093495
183.40731123064143	1.0368600598778377
185.03824636001414	1.03686217002912
186.68368445210135	1.036864264536979
188.34375447336078	1.0368663435772756
190.01858653707424	1.0368684073266579
191.70831191354773	1.036870455962322
193.41306304039614	1.0368724896606862
195.1329735329261	1.0368745085974045
196.86817819460717	1.0368765129461397
198.61881302764039	1.0368785028781522
200.38501524361342	1.0368804785614845
202.16692327425739	1.036882440160475
203.96467678229874	1.0368843878353327
205.77841667240165	1.036886321741331
207.60828510221472	1.036888242028662
209.45442549351148	1.0368901488417328
211.31698254343465	1.036892042250301
213.19610223583265	1.0368939211452648
215.0919318527038	1.036895785345868
217.00461998574235	1.0368976351569863
218.93431654798025	1.0368994708574386
220.8811727855401	1.0369012927027326
222.8453412894879	1.036903100926933
224.82697600779625	1.036904895743695
226.82623225740554	1.0369066773498061
228.84326673639993	1.0369084459246547
230.87823753629135	1.0369102016336784
232.93130415440572	1.0369119446283357
235.00262750638643	1.0369136750489596
237.09236993880901	1.0369153930240513
239.2006952419008	1.0369170986737373
241.3277686623816	1.0369187921088079
243.47375691641395	1.0369204734335709
245.63882820267327	1.0369221427450732
247.82315221552602	1.0369238001351666
250.02690015833244	1.036925445690321
252.25024475686786	1.0369270794936492
254.4933602728554	1.0369287016243969
256.7564225176277	1.036930312159192
259.0396088659051	1.0369319111721862
261.34309826970133	1.0369334987362409
263.66707127234423	1.036935074923111
266.0117100226289	1.036936639803779
268.37719828909724	1.0369381934499085
270.76372147443556	1.036939735933617
273.17146663001006	1.0369412673286087
275.60062247052554	1.036942787710994
278.05137938882035	1.0369442971606029
280.5239294707834	1.0369457957618702
283.0184665104123	1.0369472836060687
285.53518602500543	1.0369487607935044
288.0742852704805	1.0369502274366866
290.63596325683807	1.0369516836644233
293.22042076376243	1.0369531296277046
295.82786035635246	1.036954565507741
298.45848640100235	1.036955991526234
301.11250508141734	1.0369574079599462
303.7901244147782	1.0369588151575209
306.49155426803907	1.0369602135564162
309.21700637437954	1.0369616036852403
311.966694349803	1.0369629861004286
314.74083370987324	1.0369643610978203
317.5396418866104	1.0369657278149023
320.36333824553054	1.0369670826408852
323.212144102844	1.0369684212496832
326.0862827427945	1.0369697459361984
328.98597943516353	1.0369710602057025
331.9114614529298	1.0369723664479071
334.8629580900759	1.0369736742101117
337.840700679564	1.036974989398812
340.84492261146556	1.0369762362836097
343.8758593512585	1.0369774975608639
346.9337484582753	1.0369787644084183
350.0188296043263	1.0369799345382578
353.13134459248823	1.036981249803237
356.27153737604897	1.0369824659921094
359.43965407763193	1.0369836854778949
362.6359430084904	1.0369848926027543
365.8606546879623	1.0369860897773298
369.1140418631103	1.036987277709831
372.39635952852905	1.0369884564842193
375.7078649463369	1.0369896262068763
379.0488176663311	1.0369907871332302
382.4194795463354	1.0369919396493437
385.82011477272766	1.0369930842011266
389.25098988113814	1.036994221214649
392.7123737773459	1.0369953510378283
396.204537758352	1.036996473914901
399.72775553364903	1.0369975899844779
403.2823032466656	1.0369986992969402
406.86845949641406	1.0369998018365019
410.4865053593309	1.037000897543429
414.13672441129853	1.0370019863325248
417.819402749877	1.037003068107016
421.53482901672504	1.0370041427684022
425.28329442022914	1.0370052102229472
429.0650927583191	1.037006270384772
432.8805204414997	1.037007323179493
436.7298765160874	1.0370083685436378
440.6134626876401	1.0370094064253093
444.5315833446086	1.0370104367833024
448.4845455821988	1.037011459587097
452.4726592264321	1.037012474814936
456.4962368584348	1.0370134824522872
460.55559383893495	1.037014482490224
464.6510483329859	1.0370154749232843
468.7829213348939	1.0370164597470148
472.9515366933819	1.0370174369534761
477.1572211369772	1.0370184065270578
481.40030429960996	1.0370193684391347
485.6811187464557	1.0370203226358397
489.99999999999807	1.0370212690260092