0.000010100000000000005	0.7333265251659189
0.000010189813457795877	0.733326525167051
0.000010280425574720605	0.7333265251682062
0.00001037184345278781	0.7333265251693855
0.00001046407425716529	0.7333265251705822
0.000010557125216736457	0.7333265251718015
0.000010651003624667081	0.733326525173042
0.000010745716838976756	0.7333265251743055
0.00001084127228311575	0.7333265251755872
0.000010937677446546777	0.7333265251768963
0.000011034939885331955	0.7333265251782289
0.000011133067222725169	0.7333265251795845
0.00001123206714976941	0.733326525180967
0.000011331947425899729	0.7333265251823662
0.000011432715879551343	0.7333265251837957
0.000011534380408773153	0.733326525185249
0.000011636948981846925	0.7333265251867321
0.00001174042963791166	0.7333265251882373
0.000011844830487593838	0.733326525189772
0.000011950159713643045	0.7333265251913329
0.000012056425571573264	0.7333265251929206
0.000012163636390310075	0.7333265251945388
0.000012271800572843288	0.7333265251961896
0.000012380926596885729	0.7333265251978625
0.00001249102301553753	0.7333265251995649
0.000012602098457956664	0.7333265252013039
0.000012714161630035213	0.73332652520307
0.000012827221315081656	0.7333265252048657
0.000012941286374509442	0.7333265252066992
0.000013056365748531354	0.7333265252085638
0.000013172468456860405	0.7333265252104609
0.000013289603599416613	0.73332652521239
0.000013407780357040384	0.7333265252143577
0.00001352700799221203	0.733326525216359
0.00001364729584977767	0.733326525218397
0.000013768653357681831	0.7333265252204662
0.000013891090027706203	0.7333265252225819
0.000014014615456215319	0.733326525224727
0.000014139239324908628	0.733326525226914
0.000014264971401579264	0.7333265252291364
0.000014391821540879791	0.7333265252314034
0.0000145197996850944	0.7333265252337066
0.000014648915864918335	0.7333265252360518
0.000014779180200244018	0.7333265252384424
0.000014910602900954138	0.7333265252408679
0.000015043194267722072	0.733326525243342
0.000015176964692819019	0.7333265252458611
0.000015311924660928744	0.7333265252484265
0.00001544808474996913	0.7333265252510319
0.000015585455631921448	0.73332652525369
0.000015724048073666725	0.733326525256395
0.000015863872937829552	0.7333265252591461
0.000016004941183629664	0.7333265252619462
0.000016147263867740686	0.7333265252647951
0.00001629085214515697	0.733326525267698
0.00001643571727006765	0.7333265252706528
0.000016581870596738946	0.7333265252736588
0.00001672932358040401	0.7333265252767177
0.000016878087778160652	0.7333265252798351
0.000017028174849877402	0.7333265252830051
0.000017179596559107126	0.7333265252862312
0.000017332364774009253	0.7333265252895164
0.000017486491468279893	0.7333265252928567
0.000017641988722090213	0.7333265252962621
0.000017798868723033486	0.7333265252997258
0.000017957143767080063	0.7333265253032482
0.000018116826259541358	0.7333265253068397
0.00001827792871604203	0.7333265253104928
0.00001844046376350086	0.733326525314208
0.000018604444141120647	0.7333265253179931
0.00001876988270138641	0.7333265253218471
0.000018936792411073024	0.7333265253257676
0.000019105186352261253	0.7333265253297595
0.00001927507772336334	0.7333265253338185
0.00001944647984015738	0.7333265253379513
0.00001961940613683087	0.7333265253421618
0.000019793870167033913	0.7333265253464476
0.000019969885604941226	0.7333265253508047
0.00002014746624632421	0.7333265253552427
0.000020326626009631934	0.7333265253597574
0.00002050737893708229	0.733326525364361
0.000020689739195762483	0.7333265253690356
0.00002087372107873934	0.7333265253738007
0.00002105933900617979	0.7333265253786507
0.00002124660752648083	0.733326525383587
0.000021435541317410043	0.7333265253886094
0.00002162615518725591	0.7333265253937254
0.000021818464075988345	0.7333265253989304
0.000022012483056429924	0.7333265254042289
0.000022208227335436955	0.7333265254096236
0.00002240571225509165	0.733326525415106
0.000022604953293904477	0.7333265254206941
0.000022805966068027227	0.7333265254263804
0.000023008766332477253	0.7333265254321683
0.00002321336998237201	0.7333265254380598
0.000023419793054175194	0.7333265254440587
0.000023628051726953336	0.7333265254501669
0.000023838162323644168	0.7333265254563738
0.000024050141312335872	0.7333265254627022
0.00002426400530755768	0.733326525469136
0.00002447977107158239	0.7333265254756854
0.000024697455515739837	0.7333265254823567
0.000024917075701742687	0.7333265254891408
0.000025138648843023383	0.7333265254960493
0.000025362192306083596	0.7333265255030871
0.000025587723611855248	0.7333265255102452
0.000025815260437073646	0.7333265255175304
0.000026044820615663255	0.7333265255249491
0.000026276422140135128	0.7333265255324966
0.000026510083162997463	0.7333265255401833
0.000026745821998178196	0.7333265255479999
0.000026983657122460306	0.7333265255559652
0.000027223607176930292	0.7333265255640664
0.00002746569096843887	0.7333265255723128
0.000027709927471075345	0.7333265255807021
0.000027956335827654613	0.7333265255892508
0.000028204935351217415	0.7333265255979473
0.000028455745526544383	0.7333265256068052
0.000028708786011682838	0.7333265256158172
0.00002896407663948794	0.7333265256249881
0.000029221637419176757	0.7333265256343237
0.00002948148853789691	0.733326525643823
0.000029743650362308637	0.7333265256534962
0.00003000814344018095	0.733326525663338
0.00003027498850200251	0.7333265256733622
0.00003054420646260599	0.7333265256835645
0.00003081581842280779	0.7333265256939473
0.00003108984567106147	0.7333265257045176
0.00003136630968512662	0.7333265257152671
0.00003164523213375216	0.7333265257262183
0.000031926634878374474	0.7333265257373659
0.00003221053997483128	0.7333265257487106
0.000032496969675089866	0.7333265257602547
0.000032785946428991654	0.7333265257720056
0.000033077492886011257	0.7333265257839691
0.00003337163189703215	0.7333265257961441
0.000033668386516137507	0.73332652580854
0.00003396778000241694	0.7333265258211529
0.000034269835821789865	0.7333265258339937
0.00003457457764884456	0.7333265258470608
0.00003488202936869353	0.7333265258603643
0.00003519221507884602	0.7333265258739065
0.00003550515909109624	0.7333265258876892
0.000035820885933429366	0.7333265259017171
0.00003613942035194351	0.7333265259159982
0.000036460787312789704	0.7333265259305362
0.000036785012004128534	0.7333265259453243
0.00003711211983810412	0.7333265259603848
0.00003744213645283636	0.7333265259757139
0.00003777508771442984	0.733326525991315
0.00003811099971900172	0.7333265260071957
0.00003844989879472658	0.7333265260233586
0.000038791811503900416	0.7333265260398117
0.00003913676464502237	0.7333265260565537
0.00003948478525489491	0.7333265260736024
0.00003983590061074346	0.7333265260909517
0.00004019013823235371	0.7333265261086087
0.00004054752588422921	0.7333265261265882
0.00004090809157776686	0.7333265261448838
0.000041271863573452946	0.733326526163509
0.000041638870383077904	0.7333265261824629
0.00004200914077197081	0.7333265262017591
0.00004238270376125441	0.7333265262213972
0.00004275958863011947	0.7333265262413878
0.00004313982491811948	0.733326526261735
0.000043523442427486374	0.7333265262824481
0.00004391047122546579	0.7333265263035275
0.00004430094164667431	0.7333265263249857
0.00004469488429547639	0.733326526346822
0.00004509233004838364	0.7333265263690542
0.000045493310056474615	0.7333265263916845
0.00004589785574783617	0.733326526414721
0.00004630599883002728	0.7333265264381582
0.00004671777129256355	0.7333265264620252
0.00004713320540942521	0.7333265264863111
0.000047552333741585964	0.7333265265110342
0.000047975189139565684	0.7333265265361945
0.000048401804746004914	0.7333265265618093
0.00004883221399826228	0.7333265265878809
0.00004926645063103583	0.7333265266144169
0.00004970454867900642	0.733326526641429
0.000050146542479505995	0.73332652666892
0.00005059246667520818	0.7333265266969132
0.00005104235621684411	0.7333265267253923
0.00005149624636594157	0.7333265267543835
0.00005195417269758844	0.7333265267838989
0.00005241617110322154	0.7333265268139381
0.000052882277793439496	0.7333265268445132
0.00005335252930084056	0.733326526875635
0.0000538269624828866	0.7333265269073117
0.00005430561452479123	0.733326526939559
0.00005478852294243502	0.7333265269723759
0.00005527572558530517	0.7333265270057789
0.0000557672606394628	0.7333265270397865
0.000056263166630535555	0.7333265270743896
0.00005676348242673692	0.73332652710962
0.000057268247241913305	0.7333265271454763
0.00005777750063861679	0.7333265271819753
0.00005829128253120673	0.7333265272191274
0.00005880963318897741	0.7333265272569398
0.00005933259323931493	0.7333265272954296
0.000059860203670881267	0.7333265273346068
0.000060392505836826514	0.733326527374479
0.00006092954145803086	0.7333265274150694
0.0000614713526263737	0.7333265274563859
0.00006201798180803362	0.7333265274984324
0.0000625694718468159	0.7333265275412444
0.00006312586596751135	0.7333265275848074
0.00006368720777928384	0.7333265276291541
0.00006425354127908797	0.733326527674291
0.00006482491085511825	0.733326527720235
0.0000654013612902873	0.7333265277669991
0.00006598293776573658	0.7333265278146046
0.00006656968586437736	0.7333265278630575
0.00006716165157446298	0.7333265279123711
0.00006775888129319421	0.7333265279625651
0.00006836142183035478	0.7333265280136592
0.00006896932041198116	0.7333265280656692
0.0000695826246840636	0.7333265281186072
0.00007020138271628026	0.7333265281724848
0.00007082564300576559	0.7333265282273291
0.00007145545448091052	0.7333265282831566
0.00007209086650519839	0.7333265283399765
0.0000727319288810729	0.7333265283978161
0.00007337869185384246	0.733326528456682
0.00007403120611561799	0.7333265285166084
0.00007468952280928557	0.7333265285775954
0.00007535369353251596	0.7333265286396775
0.00007602377034180762	0.7333265287028666
0.00007669980575656786	0.7333265287671829
0.00007738185276322817	0.7333265288326586
0.00007806996481939814	0.7333265288992914
0.00007876419585805493	0.7333265289671211
0.0000794646002917701	0.7333265290361608
0.00008017123301697513	0.7333265291064316
0.00008088414941826371	0.7333265291779592
0.0000816034053727324	0.7333265292507656
0.00008232905725436045	0.7333265293248724
0.00008306116193842862	0.7333265294003031
0.00008379977680597661	0.7333265294770823
0.00008454495974830009	0.7333265295552266
0.00008529676917148897	0.7333265296347765
0.00008605526400100475	0.7333265297157409
0.0000868205036862985	0.7333265297981559
0.00008759254820547151	0.7333265298820434
0.00008837145806997497	0.7333265299674193
0.00008915729432935409	0.7333265300543349
0.00008995011857603167	0.7333265301427945
0.00009074999295013684	0.733326530232839
0.00009155698014437491	0.7333265303244881
0.00009237114340894069	0.7333265304177732
0.00009319254655647702	0.7333265305127301
0.00009402125396707504	0.7333265306093792
0.00009485733059332145	0.7333265307077541
0.00009570084196538803	0.7333265308078905
0.000096551854196169	0.7333265309098103
0.00009741043398646233	0.7333265310135545
0.00009827664863019706	0.7333265311191509
0.00009915056601970873	0.7333265312266326
0.0001000322546510602	0.7333265313360383
0.00010092178362940978	0.7333265314474015
0.00010181922267442802	0.733326531560746
0.0001027246421257625	0.7333265316761163
0.00010363811294855064	0.733326531793544
0.00010455970673898118	0.7333265319130797
0.00010548949572990696	0.7333265320347419
0.00010642755279650574	0.7333265321585847
0.00010737395146199158	0.733326532284633
0.00010832876590337868	0.7333265324129383
0.00010929207095729373	0.7333265325435341
0.00011026394212584308	0.7333265326764645
0.00011124445558252881	0.7333265328117671
0.00011223368817822053	0.7333265329494822
0.00011323171744717812	0.7333265330896696
0.00011423862161312825	0.733326533232351
0.00011525447959539671	0.7333265333775844
0.00011627937101509239	0.7333265335254124
0.0001173133762013495	0.7333265336758819
0.0001183565761976219	0.7333265338290387
0.00011940905276803665	0.7333265339849264
0.00012047088840380194	0.7333265341436058
0.00012154216632967185	0.7333265343051201
0.00012262297051047075	0.733326534469514
0.00012371338565767362	0.73332653463685
0.00012481349723604513	0.7333265348071755
0.00012592339147033866	0.7333265349805368
0.00012704315535205495	0.7333265351569996
0.00012817287664625975	0.7333265353366177
0.00012931264389846216	0.7333265355194408
0.00013046254644155596	0.7333265357055292
0.0001316226744028206	0.7333265358949416
0.00013279311871098475	0.7333265360877435
0.00013397397110335443	0.7333265362839859
0.0001351653241330016	0.7333265364837332
0.00013636727117602015	0.7333265366870482
0.0001375799064388425	0.7333265368939909
0.0001388033249656252	0.7333265371046384
0.0001400376226456974	0.7333265373190451
0.00014128289622107598	0.7333265375372864
0.00014253924329404952	0.7333265377594216
0.00014380676233482633	0.7333265379855245
0.00014508555268925432	0.7333265382156697
0.0001463757145866055	0.733326538449922
0.00014767734914743373	0.7333265386883631
0.00014899055839149927	0.7333265389310661
0.00015031544524576445	0.7333265391781021
0.0001516521135524623	0.733326539429546
0.00015300066807723476	0.7333265396854852
0.00015436121451734345	0.7333265399459965
0.00015573385950995463	0.7333265402111618
0.00015711871064049776	0.7333265404810653
0.0001585158764510973	0.7333265407557851
0.00015992546644907912	0.7333265410354143
0.0001613475911155553	0.7333265413200465
0.0001627823619140826	0.7333265416097532
0.00016422989129939773	0.7333265419046411
0.00016569029272623357	0.7333265422047966
0.00016716368065820917	0.7333265425103108
0.0001686501705768034	0.7333265428212878
0.00017014987899040404	0.7333265431378166
0.00017166292344344142	0.7333265434600029
0.0001731894225256005	0.7333265437879395
0.0001747294958811148	0.7333265441217364
0.00017628326421814607	0.7333265444614948
0.00017785084931824262	0.7333265448073237
0.00017943237404588691	0.7333265451593372
0.0001810279623581229	0.7333265455176308
0.0001826377393142738	0.7333265458823314
0.00018426183108574305	0.7333265462535357
0.0001859003649659024	0.7333265466313781
0.00018755346938007097	0.7333265470159702
0.00018922127389557985	0.7333265474074319
0.00019090390923192692	0.7333265478058933
0.00019260150727102283	0.7333265482114629
0.00019431420106752852	0.7333265486242821
0.00019604212485928305	0.7333265490444761
0.0001977854140778239	0.733326549472179
0.00019954420535900388	0.733326549907517
0.00020131863655369945	0.7333265503506338
0.00020310884673861414	0.7333265508016674
0.00020491497622718153	0.7333265512607609
0.00020673716658055994	0.7333265517280505
0.00020857556061873076	0.7333265522036848
0.00021043030243168926	0.7333265526878222
0.00021230153739074087	0.7333265531806096
0.00021418941215989393	0.7333265536821948
0.00021609407470735386	0.7333265541927438
0.00021801567431712328	0.7333265547124118
0.00021995436160069949	0.7333265552413636
0.0002219102885088823	0.7333265557797595
0.00022388360834368055	0.7333265563277783
0.00022587447577033034	0.7333265568855896
0.00022788304682941623	0.7333265574533608
0.00022990947894910025	0.7333265580312767
0.00023195393095746324	0.7333265586195149
0.00023401656309495226	0.7333265592182627
0.00023609753702693917	0.7333265598277049
0.00023819701585639248	0.7333265604480411
0.00024031516413666187	0.7333265610794515
0.00024245214788437482	0.7333265617221428
0.00024460813459244727	0.7333265623763131
0.0002467832932432142	0.7333265630421687
0.00024897779432167267	0.733326563719921
0.0002511918098288429	0.7333265644097828
0.0002534255132952524	0.73332656511197
0.0002556790797945336	0.7333265658266972
0.0002579526859571493	0.7333265665541888
0.0002602465099842329	0.7333265672946843
0.0002625607316615589	0.7333265680484019
0.00026489553237363245	0.7333265688155868
0.0002672510951179052	0.7333265695964793
0.0002696276045191208	0.7333265703913154
0.0002720252468437822	0.7333265712003555
0.00027444421001475455	0.7333265720238423
0.00027688468362599037	0.733326572862046
0.000279346858957393	0.7333265737152214
0.0002818309289898073	0.7333265745836347
0.00028433708842014367	0.733326575467562
0.0002868655336766411	0.7333265763672847
0.00028941646293426115	0.733326577283075
0.0002919900761302198	0.7333265782152228
0.00029458657497965894	0.7333265791640292
0.00029720616299145757	0.7333265801297786
0.0002998490454841815	0.7333265811127865
0.0003025154296021742	0.7333265821133498
0.0003052055243317955	0.7333265831317881
0.0003079195405178001	0.7333265841684228
0.00031065769087986204	0.7333265852235719
0.0003134201900292483	0.7333265862975747
0.00031620725448564105	0.7333265873907605
0.00031901910269410645	0.7333265885034745
0.00032185595504221476	0.7333265896360683
0.0003247180338773172	0.733326590788887
0.00032760556352397116	0.733326591962305
0.00033051877030152094	0.7333265931566837
0.0003334578825418403	0.733326594372403
0.00033642313060722374	0.7333265956098317
0.0003394147469084465	0.7333265968693714
0.0003424329659229774	0.7333265981514104
0.00034547802421335775	0.7333265994563529
0.000348550160445743	0.7333266007846073
0.0003516496154086082	0.7333266021365891
0.0003547766320316223	0.7333266035127172
0.000357931455404685	0.7333266049134345
0.0003611143327971412	0.733326606339166
0.00036432551367715743	0.733326607790379
0.00036756524973127655	0.7333266092675079
0.0003708337948841455	0.7333266107710247
0.0003741314053184138	0.7333266123013996
0.0003774583394948177	0.7333266138591157
0.00038081485817243366	0.7333266154446562
0.0003842012244291183	0.7333266170585255
0.00038761770368212726	0.7333266187012194
0.00039106456370891814	0.7333266203732587
0.00039454207466813984	0.7333266220751743
0.0003980505091208035	0.7333266238074833
0.0004015901420516501	0.7333266255707397
0.0004051612508906994	0.7333266273655
0.0004087641155349959	0.7333266291923182
0.00041239901837054806	0.7333266310517736
0.00041606624429445726	0.7333266329444404
0.0004197660807372524	0.73332663487092
0.00042349881768541457	0.7333266368318128
0.00042726474770410713	0.7333266388277394
0.0004310641659601062	0.733326640859319
0.00043489737024493503	0.7333266429271869
0.00043876466099820606	0.7333266450319978
0.00044266634133116476	0.7333266471744087
0.00044660271705045226	0.7333266493550898
0.00045057409668206977	0.7333266515747314
0.0004545807914955617	0.733326653834018
0.00045862311552841405	0.7333266561336681
0.0004627013856106639	0.7333266584743999
0.00046681592138973706	0.7333266608569398
0.0004709670453554977	0.7333266632820494
0.00047515508286552613	0.7333266657504703
0.00047938036217061935	0.7333266682629963
0.0004836432144405185	0.7333266708204051
0.0004879439737898672	0.7333266734234941
0.0004922829773043947	0.7333266760730826
0.0004966605650673411	0.7333266787700092
0.0005010770801861089	0.7333266815151132
0.0005055328688191558	0.7333266843092539
0.0005100282802031285	0.7333266871533075
0.00051456366668023	0.7333266900481651
0.0005191393837258419	0.7333266929947432
0.0005237557899763805	0.7333266959939502
0.0005284132472574095	0.7333266990467412
0.0005331121206119974	0.7333267021540624
0.0005378527783293295	0.733326705316893
0.0005426355919735754	0.7333267085362292
0.0005474609364130068	0.7333267118130681
0.0005523291898493853	0.7333267151484472
0.0005572407338476003	0.73332671854341
0.0005621959533655773	0.733326721999018
0.0005671952367844495	0.7333267255163607
0.0005722389759390005	0.7333267290965282
0.0005773275661483724	0.7333267327406586
0.0005824614062470522	0.7333267364498836
0.0005876408986161313	0.7333267402253756
0.0005928664492148437	0.7333267440683015
0.0005981384676123829	0.73332674797989
0.0006034573670200064	0.7333267519613438
0.0006088235643234188	0.733326756013924
0.0006142374801154485	0.7333267601388962
0.0006196995387290126	0.7333267643375645
0.0006252101682703755	0.7333267686112267
0.0006307698006527024	0.7333267729612444
0.0006363788716299141	0.7333267773889626
0.0006420378208308373	0.7333267818957802
0.000647747091793664	0.7333267864831061
0.000653507132000715	0.7333267911523749
0.0006593183929135125	0.7333267959050651
0.000665181330008164	0.7333268007426424
0.0006710964028110646	0.7333268056666494
0.0006770640749349102	0.7333268106786109
0.0006830848141150363	0.7333268157801103
0.0006891590922460787	0.7333268209727394
0.0006952873854189591	0.7333268262581292
0.0007014701739581995	0.7333268316379327
0.0007077079424595722	0.733326837113848
0.0007140011798280775	0.7333268426875755
0.0007203503793162654	0.7333268483608788
0.000726756038562896	0.7333268541355218
0.0007332186596319426	0.7333268600133198
0.0007397387490519425	0.7333268659961304
0.0007463168178557005	0.733326872085808
0.0007529533816203381	0.7333268782842668
0.0007596489605077068	0.7333268845934628
0.0007664040793051568	0.7333268910153575
0.0007732192674666682	0.7333268975519728
0.0007800950591543487	0.7333269042053565
0.0007870319932803026	0.7333269109776018
0.0007940306135488659	0.7333269178708186
0.0008010914684992232	0.7333269248871762
0.000808215111548401	0.7333269320288737
0.0008154021010346432	0.733326939298141
0.000822653000261172	0.7333269466972769
0.0008299683775403415	0.7333269542285842
0.0008373488062381767	0.7333269618944289
0.0008447948648193158	0.7333269696972078
0.0008523071368923482	0.7333269776393879
0.000859886211255557	0.7333269857234325
0.0008675326819430673	0.7333269939518939
0.0008752471482714081	0.7333270023273476
0.0008830302148864814	0.7333270108524159
0.0008908824918109562	0.7333270195297772
0.0008988045944920802	0.7333270283621465
0.0009067971438499177	0.7333270373522911
0.000914860766326015	0.7333270465030415
0.0009229960939325031	0.7333270558172523
0.0009312037643016288	0.7333270652978534
0.0009394844207357349	0.7333270749478122
0.000947838712257679	0.7333270847701554
0.0009562672936617047	0.7333270947679584
0.0009647708255647609	0.7333271049443688
0.0009733499744582806	0.7333271153025575
0.0009820054127604224	0.7333271258457882
0.0009907378188687675	0.7333271365773542
0.0009995478772134956	0.7333271475006354
0.001008436278311028	0.733327158619039
0.0010174037188181492	0.7333271699360607
0.0010264509015866083	0.7333271814552454
0.0010355785357182114	0.7333271931802066
0.0010447873366203945	0.7333272051146204
0.0010540780260622983	0.7333272172622232
0.001063451332231339	0.7333272296268307
0.001072907989790283	0.7333272422123124
0.001082448739934826	0.7333272550226199
0.0010920743304516916	0.7333272680617688
0.001101785515777235	0.7333272813338408
0.0011115830570565788	0.7333272948429922
0.0011214677222032687	0.7333273085934763
0.0011314402859594615	0.7333273225895984
0.0011415015299566466	0.7333273368357357
0.0011516522427769133	0.7333273513363665
0.0011618932200147527	0.7333273660960239
0.0011722252643394176	0.7333273811193441
0.001182649185557835	0.7333273964110401
0.0011931658006780759	0.7333274119758996
0.0012037759339733904	0.7333274278188011
0.0012144804170468179	0.7333274439447119
0.0012252800888963584	0.7333274603586982
0.0012361757959807374	0.7333274770658854
0.0012471683922857478	0.733327494071534
0.001258258739391185	0.7333275113809605
0.0012694477065383729	0.7333275289996005
0.0012807361706982999	0.7333275469329631
0.0012921250166403465	0.7333275651866815
0.0013036151370016365	0.7333275837664843
0.001315207432357	0.7333276026781792
0.0013269028112895568	0.7333276219277096
0.001338702190461931	0.7333276415211032
0.0013506064946881	0.7333276614645039
0.0013626166570058736	0.7333276817641662
0.0013747336187500284	0.7333277024264538
0.0013869583296260862	0.733327723457835
0.0013992917477847514	0.7333277448649207
0.0014117348398970068	0.7333277666544106
0.0014242885812298847	0.7333277888331249
0.001436953955722899	0.7333278114080389
0.0014497319560651707	0.7333278343862196
0.0014626235837732302	0.7333278577748672
0.0014756298492695152	0.7333278815813163
0.0014887517719615643	0.7333279058130316
0.001501990380321922	0.733327930477616
0.0015153467119687404	0.7333279555827852
0.00152882181374711	0.7333279811364292
0.0015424167418111097	0.733328007146543
0.0015561325617065864	0.7333280336212802
0.0015699703484546672	0.7333280605689539
0.0015839311866360257	0.7333280879980036
0.0015980161704758785	0.7333281159170271
0.001612226403929757	0.7333281443347837
0.0016265630007700294	0.7333281732601711
0.001641027084673198	0.7333282027022716
0.001655619789307968	0.7333282326703028
0.0016703422584241105	0.7333282631736622
0.0016851956459420958	0.7333282942219124
0.0017001811160435437	0.7333283258247828
0.0017152998432624677	0.7333283579921913
0.0017305530125773325	0.7333283907342155
0.00174594181950393	0.7333284240611206
0.0017614674701890865	0.7333284579833569
0.0017771311815051902	0.7333284925115473
0.0017929341811455724	0.7333285276565279
0.001808877707720732	0.7333285634293092
0.001824963010855414	0.7333285998411141
0.0018411913512865515	0.7333286369033447
0.001857564000962088	0.7333286746276246
0.001874082243140658	0.7333287130257881
0.0018907473724921753	0.7333287521098615
0.0019075606951993041	0.7333287918920972
0.0019245235290598353	0.7333288323849699
0.0019416372035899719	0.7333288736011794
0.0019589030601285403	0.7333289155536314
0.001976322451942112	0.7333289582554887
0.0019938967443310783	0.733329001720132
0.002011627314736655	0.7333290459611935
0.0020295155528488474	0.7333290909925284
0.002047562860715368	0.7333291368282667
0.002065770652851534	0.7333291834827634
0.002084140356351123	0.7333292309706575
0.0021026734109982357	0.7333292793068222
0.0021213712693801375	0.7333293285064185
0.0021402353970011146	0.7333293785848648
0.002159267272397332	0.7333294295578632
0.0021784683872527267	0.7333294814413861
0.002197840246515913	0.7333295342517036
0.0022173843685181454	0.7333295880053703
0.002237102285092319	0.73332964271922
0.002256995541693033	0.7333296984104238
0.002277065697517718	0.7333297550964303
0.0022973143256288524	0.7333298127950132
0.0023177430130772426	0.73332987152425
0.002338353361026422	0.7333299313025593
0.002359146984878145	0.7333299921486726
0.0023801255143990003	0.7333300540816622
0.002401290593848144	0.7333301171209485
0.0024226438821061866	0.7333301812862829
0.002444187052805196	0.733330246597785
0.002465921794459885	0.7333303130759237
0.002487849810599951	0.7333303807415432
0.0025099728199035956	0.7333304496158387
0.002532292556332229	0.7333305197204192
0.0025548107692663848	0.7333305910772393
0.0025775292236428172	0.7333306637086788
0.0026004497000928464	0.7333307376374971
0.0026235739950819163	0.7333308128868712
0.0026469039210503973	0.733330889480386
0.002670441306555644	0.7333309674420421
0.0026941879964153185	0.7333310467962891
0.002718145851851974	0.7333311275679869
0.00274231675063894	0.7333312097824658
0.0027667025872474996	0.733331293465482
0.0027913052729953715	0.7333313786432732
0.002816126736196517	0.7333314653425349
0.0028411689223122832	0.7333315535904473
0.0028664337941038736	0.7333316434146513
0.0028919233317861942	0.7333317348433156
0.002917639533183056	0.7333318279050975
0.0029435844138837623	0.733331922629162
0.002969760007401083	0.7333320190451939
0.0029961683653306486	0.7333321171834241
0.003022811557511736	0.7333322170745918
0.0030496916721895065	0.733332318750026
0.003076810816178679	0.7333324222415805
0.003104171115028657	0.7333325275816909
0.0031317747131901215	0.7333326348033765
0.0031596237741831224	0.7333327439402455
0.0031877204807666333	0.7333328550264941
0.0032160670351096435	0.7333329680969374
0.003244665658963757	0.7333330831870212
0.00327351859383733	0.7333332003328159
0.003302628101171153	0.7333333195710309
0.0033319964625157105	0.7333334409390274
0.003361625979709986	0.7333335644748503
0.003391518975061889	0.733333690217221
0.0034216777915302703	0.7333338182055352
0.0034521047929085584	0.733333948479906
0.003482802364010026	0.7333340810811687
0.0035137729108547203	0.7333342160508696
0.0035450188608580234	0.7333343534313074
0.003576542663020922	0.7333344932655392
0.0036083467881219515	0.7333346355973805
0.003640433728910852	0.7333347804714411
0.003672806000303942	0.7333349279331133
0.0037054661395812447	0.7333350780286184
0.003738416706585339	0.7333352308049826
0.003771660283922004	0.7333353863100809
0.003805199477162641	0.733335544592649
0.0038390369150484885	0.733335705702285
0.003873175249696657	0.733335869689468
0.003907617156808012	0.7333360366055933
0.003942365335876867	0.7333362065029577
0.003977422510402583	0.7333363794348016
0.004012791428103021	0.7333365554553194
0.004048474861129913	0.7333367346196545
0.004084475606286125	0.7333369169839478
0.004120796485244886	0.7333371026053507
0.004157440344770922	0.7333372915420153
0.004194410056943593	0.7333374838531415
0.004231708519382002	0.7333376795989947
0.0042693386554720995	0.7333378788409007
0.004307303414595815	0.7333380816412879
0.0043456057723622364	0.7333382880636898
0.00438424873084081	0.7333384981727961
0.004423235318796654	0.7333387120344259
0.004462568591927941	0.7333389297155857
0.004502251633105401	0.7333391512844769
0.004542287552613947	0.7333393768105085
0.004582679488396467	0.7333396063643484
0.004623430606299748	0.733339840017909
0.004664544100322628	0.7333400778443938
0.004706023192866327	0.7333403199182981
0.004747871134987014	0.7333405663154774
0.004790091206650617	0.7333408171131095
0.004832686716989919	0.7333410723897638
0.004875661004563888	0.7333413322254101
0.004919017437619376	0.7333415967014474
0.004962759414355102	0.7333418659007205
0.005006890363188002	0.7333421399075567
0.005051413743021938	0.7333424188077869
0.0050963330435188125	0.7333427026887845
0.005141651785372064	0.733342991639464
0.005187373520582622	0.7333432857503279
0.005233501832737307	0.7333435851135086
0.005280040337289705	0.733343889822772
0.005326992681843534	0.7333441999735552
0.0053743625464385564	0.7333445156630066
0.005422153643838985	0.7333448369899934
0.005470369719824501	0.73334516405517
0.00551901455348384	0.7333454969609478
0.005568091957510986	0.7333458358116113
0.005617605778504001	0.7333461807132674
0.005667559897266533	0.7333465317739444
0.005717958229111956	0.7333468891035766
0.0057688047241702695	0.7333472528140698
0.00582010336769769	0.7333476230193238
0.005871858180389016	0.733347999835263
0.00592407321869275	0.7333483833798956
0.005976752575129064	0.7333487737733081
0.006029900378610528	0.7333491711377556
0.0060835207947657465	0.7333495755976709
0.0061376180262658515	0.7333499872796865
0.006192196313153898	0.7333504063127079
0.0062472599331771855	0.7333508328279283
0.0063028132021225635	0.7333512669589033
0.006358860474154658	0.7333517088415393
0.006415406142157172	0.7333521586141903
0.0064724546380771795	0.733352616417667
0.006530010433272496	0.7333530823952866
0.006588078038862133	0.7333535566929328
0.006646662006079887	0.7333540394590764
0.00670576692663103	0.7333545308448511
0.006765397433052218	0.733355031004071
0.006825558199074574	0.733355540093301
0.006886253939990011	0.7333560582718838
0.006947489413020799	0.7333565857020288
0.00700926941769245	0.7333571225488026
0.007071598796209865	0.7333576689802445
0.007134482433836875	0.7333582251673635
0.007197925259279139	0.7333587912842332
0.0072619322450704436	0.7333593675080367
0.007326508407962436	0.7333599540190716
0.007391658809317852	0.733360551000912
0.007457388555507182	0.7333611586403431
0.007523702798308917	0.7333617771275202
0.007590606735313341	0.7333624066559759
0.007658105610329895	0.7333630474226734
0.007726204713798182	0.7333636996281029
0.007794909383202643	0.7333643634763216
0.007864225003490861	0.7333650391750208
0.007934157007495647	0.7333657269355978
0.008004710876360855	0.7333664269732043
0.008075892139970982	0.7333671395068283
0.008147706377384576	0.7333678647593593
0.008220159217271553	0.7333686029576644
0.008293256338354309	0.7333693543326323
0.008367003469852845	0.7333701191192767
0.008441406391933798	0.7333708975567957
0.008516470936163485	0.7333716898886367
0.00859220298596496	0.7333724963625976
0.008668608477079178	0.7333733172308726
0.008745693398030186	0.7333741527501559
0.008823463790594512	0.7333750031816963
0.008901925750274715	0.7333758687914091
0.008981085426777129	0.7333767498499417
0.009060949024493859	0.7333776466327487
0.009141522802989107	0.7333785594201877
0.009222813077489737	0.733379488497617
0.009304826219380273	0.7333804341554575
0.009387568656702285	0.7333813966892997
0.009471046874658193	0.7333823764000097
0.009555267416119574	0.7333833735937892
0.009640236882139963	0.733384388582293
0.009725961932472276	0.7333854216827154
0.009812449286090737	0.7333864732178886
0.009899705721717524	0.7333875435164033
0.009987738078354071	0.733388632912676
0.010076553255817099	0.7333897417470793
0.010166158215279395	0.7333908703660309
0.010256559979815458	0.7333920191221197
0.010347765634951902	0.7333931883741863
0.010439782329222836	0.7333943784874591
0.010532617274730148	0.7333955898336596
0.010626277747708777	0.7333968227911167
0.010720771089097	0.7333980777448728
0.010816104705111844	0.7333993550868163
0.010912286067829506	0.7334006552158137
0.01100932271577105	0.7334019785377799
0.011107222254493242	0.7334033254658897
0.01120599235718467	0.7334046964206267
0.011305640765267133	0.7334060918299313
0.011406175289002451	0.7334075121293819
0.011507603808104555	0.7334089577622597
0.011609934272357122	0.7334104291797254
0.011713174702236658	0.7334119268409536
0.011817333189541125	0.7334134512132603
0.011922417898024156	0.7334150027722705
0.012028437064034954	0.7334165820020334
0.012135398997163777	0.7334181893951986
0.012243312080893277	0.7334198254531529
0.012352184773255566	0.7334214906861748
0.012462025607495143	0.7334231856135979
0.012572843192737703	0.7334249107639709
0.012684646214664948	0.7334266666752024
0.012797443436195294	0.7334284538947586
0.01291124369817073	0.7334302729797992
0.013026055920049741	0.7334321244973513
0.013141889100606393	0.7334340090245095
0.013258752318635636	0.7334359271485876
0.013376654733664926	0.733437879467311
0.013495605586672062	0.7334398665889792
0.013615614200809532	0.733441889132687
0.013736689982135217	0.7334439477284866
0.013858842420349633	0.7334460430175841
0.013982081089539704	0.7334481756525346
0.014106415648929206	0.7334503462974598
0.014231855843635767	0.7334525556282212
0.014358411505434723	0.7334548043326524
0.0144860925535297	0.7334570931107468
0.014614908995330064	0.7334594226748931
0.014744870927235271	0.7334617937500768
0.014875988535426259	0.7334642070740965
0.015008272096663736	0.7334666633978082
0.015141731979093718	0.7334691634853221
0.015276378643060142	0.7334717081142866
0.015412222641924735	0.7334742980760564
0.015549274622894151	0.7334769341759934
0.015687545327854536	0.7334796172336806
0.01582704559421337	0.7334823480831618
0.015967786355748952	0.7334851275732303
0.01610977864346734	0.7334879565676434
0.016253033586466948	0.7334908359454207
0.016397562412810814	0.7334937666010724
0.01654337645040669	0.7334967494449085
0.016690487127894806	0.7334997854033023
0.016838905975543706	0.7335028754189145
0.016988644626153935	0.7335060204510959
0.017139714815969806	0.7335092214760545
0.01729212838559925	0.7335124794872238
0.01744589728094192	0.7335157954955234
0.017601033554125404	0.7335191705296978
0.017757549364449895	0.7335226056365802
0.017915456979341212	0.7335261018814682
0.0180747687753123	0.733529660348368
0.018235497238933255	0.7335332821403907
0.01839765496781007	0.7335369683800277
0.018561254671571915	0.7335407202095291
0.018726309172867342	0.7335445387912004
0.01889283140836932	0.7335484253078037
0.01906083442978915	0.733552380962864
0.019230331404899444	0.7335564069810434
0.019401335618566252	0.733560504608514
0.019573860473790197	0.7335646751133185
0.01974791949275705	0.7335689197857725
0.019923526317897566	0.7335732399387788
0.020100694712956738	0.7335776369083212
0.020279438564072563	0.7335821120537542
0.020459771880864498	0.7335866667582891
0.020641708797531366	0.7335913024293405
0.020825263573959283	0.7335960204990134
0.021010450596839272	0.7336008224244344
0.021197284380794885	0.7336057096882548
0.0213857795695198	0.7336106837990641
0.02157595093692565	0.7336157462918189
0.021767813388299865	0.7336208987283181
0.021961381961473996	0.7336261426976437
0.02215667182800232	0.733631479816633
0.022353698294350983	0.7336369117303584
0.02255247680309765	0.7336424401125929
0.02275302293414197	0.7336480666663063
0.02295535240592655	0.7336537931241669
0.023159481076669056	0.7336596212490418
0.023365424945605087	0.7336655528345133
0.023573200154242212	0.7336715897053817
0.02378282298762505	0.733677733718213
0.023994309875611783	0.7336839867618967
0.02420767739416174	0.7336903507581253
0.024422942266634697	0.7336968276620255
0.024640121365101592	0.7337034194626768
0.024859231711666933	0.7337101281836744
0.025080290479802935	0.7337169558837627
0.02530331499569563	0.7337239046573748
0.02552832273960274	0.7337309766352647
0.025755331347223825	0.7337381739850637
0.02598435861108252	0.7337454989120068
0.02621542248192109	0.7337529536594325
0.026448541070107325	0.7337605405095067
0.026683732647054127	0.7337682617838575
0.026921015646651433	0.7337761198441795
0.027160408666711117	0.7337841170929756
0.027401930470424638	0.7337922559742149
0.027645599987833665	0.7338005389739567
0.02789143631731375	0.7338089686211673
0.028139458727071333	0.7338175474883127
0.028389686656653784	0.733826278192152
0.02864213971847316	0.7338351633944481
0.028896837699343342	0.733844205814012
0.02915380056203091	0.7338534082081338
0.029413048446819745	0.7338627733640402
0.02967460167308971	0.7338723041310502
0.02993848074090908	0.7338820034072908
0.030204706332641402	0.7338918741405673
0.030473299314566493	0.7339019193290476
0.030744280738516035	0.7339121420222138
0.03101767184352328	0.73392254532161
0.03129349405748814	0.7339331323817093
0.03157176899885621	0.733943906410831
0.03185251847831362	0.7339548706719271
0.03213576450049628	0.7339660284834923
0.03242152926571444	0.7339773832205
0.032709835171693104	0.7339889383152445
0.03300070481532704	0.7340006972582833
0.03329416099445239	0.7340126635994655
0.03359022670963301	0.7340248409487512
0.033888925165963646	0.7340372329771506
0.03419027977488853	0.734049843417877
0.03449431415603616	0.7340626760671227
0.03480105213907095	0.7340757347852879
0.03511051776556049	0.7340890234977105
0.03542273529086033	0.7341025461959217
0.03573772918601486	0.7341163069386187
0.0360555241396751	0.7341303098526762
0.036376145060034254	0.7341445591342818
0.03669961707677939	0.734159059049986
0.03702596554306164	0.7341738139377401
0.03735521603748275	0.7341888282081599
0.037687394366100385	0.7342041063454251
0.03802252656445057	0.7342196529086636
0.038360638899588066	0.7342354725329203
0.03870175787214565	0.7342515699304166
0.039045910218410605	0.7342679498916496
0.03939312291242077	0.7342846172867192
0.03974342316807849	0.7343015770663996
0.040096838441283415	0.7343188342634406
0.040453396432084884	0.7343363939937827
0.04081312508685248	0.7343542614578121
0.041176052600466986	0.7343724419416474
0.041542207418529625	0.7343909408183557
0.04191161823959215	0.734409763549372
0.04228431401740592	0.7344289156856468
0.04266032396319104	0.7344484028690964
0.0430396775479264	0.7344682308339083
0.04342240450465894	0.73448840540787
0.043808534830834626	0.7345089325137685
0.04419809879064938	0.734529818170757
0.04459112691742084	0.7345510684957048
0.04498765001598213	0.7345726897046473
0.04538769916509558	0.7345946881142748
0.04579130571988933	0.7346170701433173
0.0461985013143142	0.7346398423138624
0.04660931786362368	0.7346630112530004
0.04702378756687515	0.7346865836943324
0.047441942909453326	0.7347105664791497
0.047863816665617016	0.7347349665583233
0.04828944190106719	0.7347597909936309
0.04871885197553925	0.7347850469591909
0.04915208054541739	0.7348107417432004
0.049589161566372365	0.7348368827493988
0.05003012929602335	0.7348634774985262
0.050475018296622404	0.7348905336301202
0.05092386343776404	0.7349180589038696
0.05137669989911754	0.734946061201452
0.05183356317318493	0.7349745485277616
0.052294489068082504	0.7350035290130724
0.05275951371034715	0.7350330109140689
0.053228673547768536	0.7350630026159581
0.05370200535224505	0.7350935126338892
0.054179546222666596	0.7351245496145254
0.054661333587822034	0.7351561223379036
0.05514740520933253	0.7351882397189606
0.05563779918461186	0.73522091080932
0.0561325539498517	0.7352541447987926
0.056631708283034925	0.7352879510172095
0.05713530130697418	0.7353223389360625
0.057643372492378976	0.7353573181701506
0.05815596166094898	0.7353928984793561
0.058673108988494926	0.7354290897703346
0.05919485500808818	0.735465902098049
0.059721240613236866	0.7355033456676147
0.06025230706109173	0.7355414308360441
0.060788095975679496	0.7355801681138437
0.06132864935116495	0.7356195681666428
0.061874009555143154	0.7356596418170949
0.06242421933195922	0.7357004000464034
0.06297932180605945	0.7357418539959648
0.06353936048537046	0.7357840149690763
0.06410437926471002	0.7358268944328317
0.06467442242922714	0.7358705040195408
0.06524953465787266	0.735914855528215
0.065829761026902	0.7359599609265927
0.06641514701340714	0.7360058323525693
0.06700573849888193	0.7360524821158745
0.06760158177281776	0.7360999226993973
0.06820272353633135	0.7361481667612517
0.06880921090582591	0.7361972271358078
0.06942109141668311	0.7362471168356836
0.07003841302698972	0.7362978490528894
0.07066122412129562	0.7363494371606065
0.07128957351440678	0.7364018947144779
0.07192351045521105	0.7364552354542102
0.07256308463053779	0.7365094733046419
0.07320834616905308	0.736564622377657
0.07385934564518773	0.7366206969729333
0.07451613408310206	0.7366777115798794
0.0751787629606848	0.7367356808782379
0.07584728421358732	0.7367946197399231
0.07652175023929522	0.7368545432297532
0.07720221390123416	0.7369154666069627
0.07788872853291415	0.7369774053258965
0.0785813479421087	0.73704037503749
0.07928012641507319	0.7371043915900789
0.07998511872079925	0.737169471030087
0.080696380115307	0.7372356296033226
0.08141396634597703	0.7373028837556285
0.08213793365591851	0.7373712501336357
0.08286833878837851	0.7374407455853179
0.08360523899118898	0.737511387161037
0.08434869202125322	0.7375831921134575
0.08509875614907396	0.7376561778985979
0.08585549016331911	0.7377303621761506
0.08661895337543088	0.7378057628092872
0.08738920562427314	0.7378823978655079
0.0881663072808227	0.7379602856164865
0.08895031925290049	0.7380394445381803
0.08974130298994502	0.7381198933106886
0.09053932048782974	0.7382016508182189
0.0913444342937209	0.7382847361486875
0.09215670751098116	0.7383691685938587
0.09297620380411424	0.7384549676478861
0.09380298740375595	0.7385421530076761
0.094637123111708	0.7386307445716963
0.09547867630601653	0.7387207624394295
0.0963277129460975	0.7388122269099642
0.09718429957790516	0.7389051584813165
0.09804850333914888	0.7389995778491416
0.09892039196455492	0.7390955059051647
0.09980003379117469	0.7391929637358231
0.10068749776374222	0.7392919726204822
0.10158285344007648	0.7393925540296818
0.10248617099653454	0.7394947296232659
0.10339752123351056	0.739598521247951
0.10431697558098618	0.7397039509354227
0.10524460610412854	0.7398110408991824
0.10618048550893808	0.739919813532739
0.1071246871479484	0.7400302914059261
0.10807728502597397	0.7401424972626409
0.10903835380591187	0.7402564540167377
0.11000796881459313	0.7403721847494606
0.11098620604868611	0.7404897127051777
0.11197314218065439	0.7406090612880364
0.11296885456476465	0.7407302540573467
0.11397342124315103	0.7408533147239043
0.11498692095193054	0.7409782671450567
0.11600943312737544	0.7411051353201239
0.11704103791213888	0.7412339433857376
0.11808181616153561	0.7413647156101167
0.11913184944988078	0.7414974763881939
0.12019122007688188	0.7416322502356202
0.12126001107409073	0.741769061783064
0.12233830621141074	0.7419079357699356
0.12342619000366194	0.7420488970381192
0.12452374771720665	0.7421919705252762
0.1256310653766307	0.7423371812580003
0.12674822977148784	0.7424845543446746
0.1278753284631	        0.7426341149681173
0.1290124497914222	0.7427858883779243
0.1301596828819654	0.7429398998826985
0.1313171176527816	0.7430961748419231
0.1324848448215129	0.7432547386577111
0.1336629559125	        0.7434156167662138
0.13485154326395732	0.7435788346290725
0.1360507000352096	0.743744417724361
0.13726052021399288	0.7439123915378681
0.13848109862382274	0.7440827815534684
0.13971253093142438	0.7442556132441822
0.14095491365423296	0.7444309120616126
0.14220834416795627	0.7446087034264695
0.1434729207142087	0.7447890127160752
0.14474874240821056	0.7449718652498355
0.14603590924655566	0.7451572862695599
0.14733452211505071	0.7453453009085709
0.14864468279662052	0.7455359341413238
0.14996649397928738	0.7457292107016303
0.1513000592642187	0.7459251549645165
0.1526454831738464	0.7461237908387919
0.15400287116006103	0.7463251418049919
0.15537232961247463	0.7465292312782573
0.15675396586676169	0.7467360831328922
0.1581478882130696	0.7469457218225107
0.1595542059045083	0.7471581719359577
0.1609730291657124	0.7473734577067258
0.16240446920147958	0.747591602828849
0.16384863820548862	0.7478126304812217
0.16530564936909056	0.74803656341802
0.16677561689018267	0.7482634240264586
0.16825865598215792	0.7484932343607984
0.16975488288293453	0.748726016153439
0.17126441486406846	0.748961790820899
0.17278737023994262	0.7492005794571533
0.17432386837704242	0.7494424028285859
0.17587402970330923	0.7496872813592192
0.17743797571758133	0.7499352350777909
0.1790158289991159	0.7501862834607588
0.18060771321719563	0.7504404450004155
0.18221375314082383	0.7506977362975841
0.18383407464850116	0.7509581712043342
0.18546880473809388	0.7512217627653114
0.18711807153678686	0.7514885288407536
0.1887820043111249	0.7517584923190429
0.19046073347714676	0.7520316742883436
0.19215439061060427	0.752308091499743
0.19386310845727758	0.752587758065787
0.19558702094337702	0.7528706869471731
0.1973262631860422	0.7531568905105226
0.19908097150393136	0.7534463806390773
0.2008512834279046	0.7537391687042821
0.20263733771180584	0.7540352655057875
0.20443927434333528	0.7543346812159389
0.2062572345550238	0.754637425330214
0.2080913608353015	0.7549435066286333
0.20994179693966455	0.755252933142121
0.21180868790194515	0.7555657121200123
0.2136921800456759	0.7558818500076506
0.21559242099556147	0.7562013524195796
0.2175095596890461	0.7565242241181809
0.21944374638798975	0.7568504689928988
0.2213951326904442	0.757180090037462
0.2233638715425338	0.7575130893351935
0.22535011725044587	0.7578494680371242
0.2273540254925219	0.7581892263436057
0.22937575333146193	0.7585323634887614
0.2314154592266338	0.7588788777224295
0.2334733030464916	0.7592287662945216
0.23554944608110875	0.759582025441868
0.23764405105481637	0.7599386503649909
0.23975728213896055	0.7602986352231722
0.24188930496476654	0.7606619731151373
0.24404028663632357	0.7610286560674571
0.24621039574368087	0.7613986750176998
0.24839980237606007	0.761772019810432
0.2506086781351898	0.7621486791805011
0.2528371961487516	0.762528640739762
0.2550855310839528	0.7629118909744372
0.2573538591612153	0.7632984152294766
0.2596423581679857	0.7636881977024752
0.26195120747267336	0.7640812214394348
0.2642805880387056	0.7644774683185626
0.2666306824387142	0.7648769190574026
0.26900167486884236	0.765279553193644
0.2713937511631841	0.7656853490940754
0.27380709880834875	0.7660942839387058
0.2762419069581541	0.766506333730351
0.27869836644845536	0.766921473283254
0.2811766698120986	0.7673396762283201
0.28367701129401474	0.7677609150101916
0.2861995868664424	0.768185160892139
0.2887445942442865	0.7686123839545329
0.29131223290061825	0.7690425530997278
0.2939027040823055	0.7694756360577
0.2965162108257901	0.7699115993909035
0.29915295797299746	0.770350408496597
0.3018131521873953	0.7707920276221245
0.3044970019701901	0.7712364198648117
0.30720471767666724	0.7716835471877037
0.30993651153268226	0.7721333704263937
0.31269259765129026	0.7725858493017445
0.31547319204953145	0.7730409424321879
0.31827851266536067	0.7734986073471894
0.32110877937472737	0.7739588005006854
0.3239642140088127	0.7744214772861129
0.3268450403714121	0.7748865920539882
0.32975148425648076	0.7753540981265266
0.3326837734658269	0.7758239478166269
0.33564213782696994	0.7762960924435645
0.3386268092111526	0.7767704823532289
0.3416380215515127	0.7772470669340584
0.34467601086142247	0.7777257946374464
0.34774101525298207	0.7782066129888863
0.3508332749556868	0.778689468607197
0.35395303233525377	0.7791743072130719
0.3571005319126165	0.779661073632917
0.3602760203830941	0.7801497117928288
0.363479746635722	0.7806401646979829
0.36671196177276444	0.7811323743774953
0.3699729191293902	0.7816262817861815
0.37326287429353305	0.7821218266192456
0.37658208512592267	0.7826189440918963
0.37993081178029287	0.7831175728602672
0.38330931672377677	0.7836176557190633
0.3867178647574734	0.7841191250069155
0.39015672303720655	0.7846219229868225
0.3936261610944625	0.7851260633777376
0.3971264508575129	0.7856314690304317
0.400657866672733	0.7861379851321333
0.40422068532609895	0.7866455533579841
0.4078151860648872	0.787154278930741
0.411441650619556	0.7876639218739748
0.4151003632258316	0.7881744399112474
0.4187916106469843	0.7886857841373435
0.422515682196302	0.7891978957866528
0.42627286975977124	0.7897107118568806
0.43006346781894894	0.7902241669708954
0.4338877734740483	0.7907381948083547
0.437746086467223	0.7912527291192922
0.44163870920605786	0.7917677040763594
0.4455659467872767	0.7922830542127206
0.44952810702064866	0.79279871425874
0.4535255004531205	0.7933146190280914
0.4575584403931501	0.7938307033927999
0.4616272429352684	0.794346902342755
0.46573222698485256	0.7948631511077292
0.4698737142831181	0.795379385302783
0.47405202943234237	0.7958955410564855
0.47826749992129974	0.7964115550862138
0.4825204561509353	0.796927364724615
0.4868112314602587	0.79744290790022
0.49114016215246786	0.7979581231054931
0.49550758752131413	0.7984729493621427
0.49991384987768844	0.7989873261964414
0.5043592945764578	0.7995011936274786
0.5088442700435271	0.8000144908325746
0.5133691278031534	0.8005271498078264
0.517934222505496	0.8010391093569939
0.5225399119544105	0.8015503102990025
0.5271865571354982	0.8020606940237531
0.5318745222443932	0.8025702025147795
0.5366041747153137	0.803078778372838
0.5413758852498576	0.8035863648399929
0.5461900278460547	0.804092905823293
0.5510469798276872	0.8045983459181189
0.5559471218738552	0.8051026304315244
0.560890838048822	0.8056057054042343
0.5658785158321081	0.8061075176319498
0.5709105461488683	0.8066080146864558
0.5759873234005287	0.8071071449351461
0.5811092454956961	0.8076048575600635
0.5862767138813525	0.8081011025760628
0.5914901335743115	0.808595830847571
0.5967499131929701	0.8090889941051258
0.6020564649893323	0.809580544960203
0.6074102048813176	0.810070436919541
0.6128115524853672	0.8105586243983393
0.6182609311493245	0.8110450627324791
0.6237587679856242	0.8115297081896112
0.6293054939047611	0.8120125179797522
0.6349015436490706	0.8124934502639264
0.6405473558268004	0.8129724641629842
0.6462433729464845	0.8134495197649771
0.6519900414516333	0.8139245781313879
0.657787811755717	0.8143976013015362
0.6636371382774755	0.8148685522994776
0.6695384794765319	0.8153373951350014
0.6754922978893219	0.8158040948083694
0.6814990601653547	0.816268617310326
0.6875592371037793	0.8167309296238234
0.6936733036902937	0.8171909997251722
0.6998417391343641	0.8176487965806207
0.7060650269067932	0.8181042901464609
0.7123436547776099	0.8185574513650482
0.7186781148542957	0.8190082521621375
0.7250689036203646	0.8194566654412198
0.7315165219742663	0.8199026650781948
0.7380214752686544	0.8203462259112755
0.7445842733499912	0.8207873237347544
0.7512054305985051	0.821225935283894
0.7578854659685152	0.8216620382203437
0.7646249030290962	0.8220956111097583
0.771424270005125	0.8225266333870571
0.7782840998186713	0.822955085308188
0.7852049301307765	0.8233809478645996
0.792187303383591	0.8238042026246986
0.7992317668428849	0.8242248314318826
0.806338872640952	0.8246428158479392
0.8135091778198738	0.825058137749745
0.8207432443751886	0.8254708081788579
0.8280416392999365	0.8258808547697299
0.8354049346290939	0.8262882081774261
0.8428337074844195	0.8266928485380574
0.8503285401196761	0.8270947684639488
0.857890019966278	0.8274939603958588
0.8655187396793218	0.8278904167213337
0.8732152971840471	0.8282841301400895
0.8809802957226971	0.8286750938647655
0.8888143439017947	0.8290633017143467
0.8967180557398547	0.829448748158692
0.9046920507154972	0.8298314283398339
0.9127369538160134	0.8302113380793631
0.9208533955863389	0.8305884738770427
0.9290420121784854	0.8309628329012994
0.9373034454013964	0.8313344129814407
0.9456383427712464	0.8317032125930706
0.9540473575622029	0.8320692308430175
0.9625311488576165	0.8324324674456249
0.9710903816016894	0.8327929226980497
0.9797257266515883	0.8331505974537402
0.9884378608300193	0.8335054930732727
0.9972274669782883	0.8338576113690042
1.006095234009807	0.8342069545153783
1.0150418569641029	0.8345535249293055
1.02406803706128	0.8348973251363669
1.0331744817569934	0.8352383578375788
1.0423619047978916	0.8355766276271658
1.0516310262775541	0.8359121493035279
1.0609825726929432	0.836244949008015
1.0704172770013305	0.8365750283958358
1.0799358786777595	0.8369023764746798
1.0895391237729963	0.8372269945294978
1.0992277649720001	0.8375488902672388
1.1090025616529293	0.837868072389628
1.118864279946645	0.8381845491821975
1.1288136927967756	0.838498327770769
1.1388515800202812	0.8388094133008765
1.1489787283685895	0.8391178173520623
1.1591959315892537	0.8394235932026091
1.1695039904881586	0.8397267203937925
1.1799037129923005	0.8400272399057542
1.1903959142130953	0.8403251280120583
1.2009814165102792	0.8406203896107141
1.2116610495563578	0.8409130392951576
1.2224356504016285	0.8412030914079258
1.2333060635398005	0.8414905598081382
1.2442731409741694	0.8417754581591224
1.2553377422844114	0.8420578001166381
1.2665007346939388	0.8423375994295712
1.2777629931378869	0.8426148699889694
1.289125400331683	0.8428896258505808
1.3005888468402254	0.8431618812416845
1.3121542311476997	0.8434316505570861
1.3238224597279826	0.8436989483417877
1.3355944471157062	0.8439637892485222
1.3474711159779293	0.844226187954067
1.3594533971864482	0.8444861590470085
1.3715422298907733	0.8447437170740605
1.3837385615917193	0.8449988764062918
1.396043348215686	0.8452516494600529
1.408457554189565	0.8455020496046441
1.4209821525163453	0.8457500947939971
1.4336181248513693	0.8459958042419972
1.446366461579264	0.8462391963957089
1.4592281618915848	0.8464802889180154
1.4722042338651093	0.8467190989831587
1.4852956945408669	0.84695564173303
1.4985035700038434	0.8471899290552036
1.5118288954633983	0.8474219769688075
1.525272715334419	0.8476518018653781
1.53883608331916	0.8478794202284647
1.552520062489851	0.848104848604103
1.5663257253719973	0.8483281035833115
1.5802541540284614	0.8485492017904389
1.594306440144265	0.8487681598753646
1.6084836851121447	0.8489849945066914
1.622787000118897	0.8491997223672281
1.6372175062324485	0.8494123601488013
1.6517763344897427	0.8496229245483506
1.6664646259853808	0.8498314322631123
1.6812835319610495	0.8500378999871472
1.6962342138957731	0.8502423444076661
1.7113178435969258	0.8504447822008558
1.7265356032920989	0.8506452300283467
1.7418886857217373	0.8508437045331968
1.757378294232646	0.8510402223365655
1.7730056428722971	0.8512348000342458
1.788771956483976	0.8514274541930317
1.804678470802802	0.8516182013472227
1.8207264325525614	0.851807057995528
1.8369170995434414	0.8519940405982454
1.8532517407706093	0.8521791655736765
1.8697316365136616	0.8523624492956947
1.8863580784369944	0.8525439080909812
1.9031323696910145	0.8527235582364086
1.9200558250143054	0.8529014159572219
1.9371297708366462	0.8530774974245043
1.9543555453829993	0.8532518187536636
1.9717344987783874	0.8534243960030365
1.989267993153704	0.8535952451723096
2.006957402752499	0.8537643822016933
2.02480411403866	0.8539318229702688
2.042809525805107	0.8540975832941046
2.0609750492834182	0.8542616789220786
2.0793021082544243	0.8544241255269256
2.0977921391598318	0.8545849386873611
2.116446591214777	0.8547441338497358
2.135266926521443	0.8549017259492405
2.1542546201836266	0.8550577283672205
2.1734111604223814	0.8552121582662525
2.19273804869265	0.8553650306132211
2.2122367998009334	0.8555163600512248
2.231908942024046	0.8556661608903379
2.2517560172288684	0.8558144906289776
2.2717795809932237	0.8559613609083601
2.291981202727788	0.8561066389906334
2.312362465799088	0.8562504566999702
2.3329249676536272	0.8563928272461622
2.3536703199430624	0.8565337595848289
2.3746001486505524	0.8566732624522271
2.395716094218166	0.8568113501007747
2.4170198116754884	0.8569480392450547
2.4385129707693247	0.8570833472048235
2.46019725609456	0.8572172924953373
2.4820743672262253	0.8573498864008612
2.5041460188526696	0.8574811365065542
2.5264139409099893	0.8576110553968257
2.5488798787176	        0.8577396575202436
2.571545593115021	0.8578669569634514
2.5944128605999164	0.8579929674671236
2.6174834734672987	0.8581177024790584
2.640759239950041	0.8582411752958737
2.664241984360567	0.8583633992983056
2.68793354723387	0.8584843884525618
2.711835785471756	0.8586041583001313
2.73595057248837	0.8587227188447054
2.760279798357066	0.8588400579002338
2.7848253699585057	0.8589562006560137
2.8095892111301537	0.8590711765317173
2.8345732628170475	0.8591849946176695
2.8597794832239116	0.8592976647783492
2.8852098479686723	0.8594091978732822
2.9108663502372636	0.8595196051329775
2.9367510009398887	0.8596288979000641
2.9628658288685914	0.8597370875221891
2.9892128808563068	0.8598441853041531
3.015794221937269	0.8599502024852974
3.042611935508853	0.8600551502289197
3.0696681234949024	0.8601590412684296
3.096964906510432	0.8602618850020848
3.1245044240278745	0.8603636921675376
3.152288834544756	0.8604644735134088
3.1803203157528537	0.860564239702735
3.208601064708921	0.8606630013115184
3.2371332980068446	0.8607607688288014
3.2659192519514195	0.8608575526571693
3.294961182733585	0.8609533631109877
3.3242613666072955	0.8610482104177954
3.353822100067919	0.8611421047160082
3.3836457000322073	0.8612350560560951
3.4137345040199394	0.8613270743983069
3.4440908703370785	0.8614181696133187
3.4747171782606596	0.8615083514824947
3.5056158282252508	0.8615976296943882
3.5367892420110776	0.8616860138464807
3.568239862933882	0.8617735134458854
3.599970156036373	0.8618601379066061
3.631982608281486	0.8619458965487059
3.6642797287472515	0.8620307985993808
3.6968640488235005	0.8621148531926128
3.7297381224102484	0.8621980693670497
3.7629045261178473	0.8622804560661254
3.796365859468981	0.8623620221371878
3.830124745102358	0.8624427763311487
3.8641838289783164	0.8625227273006232
3.8985457805861885	0.862601883599304
3.9332132931535106	0.8626802536818702
3.9681890838571623	0.8627578459027381
4.003475894036276	0.8628346685195958
4.039076489407156	0.8629107297003396
4.074993660279995	0.8629860375376314
4.111230221777619	0.8630606000763935
4.147789014056116	0.8631344253443693
4.184672902527414	0.8632075213764444
4.221884778083925	0.8632798961658759
4.25942755732506	0.8633515575325776
4.297304182785892	0.8634225129631851
4.335517623167747	0.8634927695703644
4.37407087357088	0.8635623341443946
4.4129669557292655	0.8636312131603822
4.452208918247381	0.8636994126338583
4.4917998368392125	0.8637669377310586
4.531742814569259	0.8638337920587654
4.5720409820958	        0.8638999773523985
4.61269749791625	0.8639655105437031
4.653715548614688	0.8640304571497475
4.695098349111677	0.8640947774733072
4.736849142916173	0.8641584536883842
4.778971202379808	0.8642215051682884
4.821467828953345	0.8642839606308047
4.86434235344541	0.8643458132263184
4.907598136283621	0.8644070607557659
4.951238567777899	0.8644677101288936
4.9952670683862666	0.8645277685202145
5.039687088982863	0.8645872425532518
5.084502111128483	0.8646461385466379
5.1297156473434296	0.8647044626985183
5.1753312413827866	0.8647622211696868
5.22135246851424	0.8648194201099444
5.267782935798229	0.8648760656561365
5.314626282370717	0.8649321639196159
5.361886179728403	0.864987720972275
5.409566332016454	0.8650427395350372
5.457670476318892	0.8650972270066748
5.5062023829514315	0.8651511916563487
5.55516585575706	0.8652046395297533
5.6045647324041	        0.8652575766019927
5.654402884687071	0.8653100088165231
5.7046842188301214	0.8653619421333644
5.755412675793159	0.8654133825756202
5.806592231580811	0.8654643362330608
5.858226897553972	0.8655148088592387
5.91032072074428	0.8655647967546816
5.962877784171284	0.8656142771424361
6.0159022071624335	0.8656631427848535
6.069398145676017	0.8657118717998133
6.123369792626811	0.8657600118503044
6.177821378214803	0.8658076303996859
6.232757170256658	0.865854795435884
6.288181474520298	0.8659015193604851
6.344098635062351	0.8659478079377936
6.400513034568591	0.8659936657519203
6.457429094697529	0.8660390970910374
6.5148512764268816	0.8660841061350618
6.572784080403292	0.8661286967589937
6.631232047295055	0.8661728692676399
6.690199758147963	0.8662166267084901
6.749691834744448	0.8662599735020702
6.809712939965732	0.8663029140178542
6.87026777815739	0.8663454525694234
6.931361095497972	0.8663875934132348
6.992997680371087	0.8664293407488411
7.055182363740668	0.8664706987204279
7.1179200195295795	0.866511671417943
7.181215565001713	0.8665522628793211
7.245073961147292	0.8665924770912476
7.309500213071795	0.8666323179921996
7.374499370388208	0.8666717894723567
7.440076527612767	0.866710895376611
7.506236824564346	0.8667496395061371
7.572985446767201	0.8667880256174265
7.64032762585751	0.8668260574263024
7.708268639993311	0.8668637386068396
7.776813814268291	0.8669010727909597
7.845968521129111	0.8669380635701122
7.915738180796454	0.8669747144895769
7.986128261689948	0.8670110290470601
8.057144280856653	0.8670470106818536
8.12879180440358	0.8670826627637666
8.201076447933916	0.8671179885679356
8.274003876987107	0.8671529912458554
8.34757980748303	0.8671876737838453
8.421810006169867	0.867222038979102
8.496700291076218	0.8672560899795864
8.572256531966985	0.8672898397657641
8.64848465080354	0.867323294221124
8.725390622207833	0.8673564540601361
8.802980473930623	0.8673893225329783
8.88126028732403	0.8674218996317964
8.960236197818062	0.8674541485373041
9.039914395401622	0.8674860652633233
9.120301125107533	0.8675176971653079
9.201402687502137	0.8675490592692214
9.283225439179065	0.8675801561187928
9.36577579325741	0.8676109797502235
9.449060219884489	0.8676414835392423
9.53308524674283	0.8676716951184161
9.617857459561918	0.8677016458427685
9.70338350263432	0.8677313384632281
9.7896700793364	        0.867760773814308
9.876723952653844	0.8677899535668303
9.964551945711582	0.8678188749615281
10.053160942308724	0.867847537058668
10.142557887457947	0.8678759426277936
10.232749787929967	0.8679040944013031
10.323743712802656	0.8679319950670028
10.415546794015052	0.8679596472654566
10.508166226926477	0.8679870535900022
10.601609270880346	0.8680142165882714
10.69588324977327	0.868041138765107
10.790995552629042	0.8680678225864874
10.886953634177706	0.8680942704835926
10.983765015439987	0.8681204848593057
11.08143728431662	0.8681464680940827
11.179978096183232	0.868172222554049
11.279395174490196	0.8681977506038553
11.379696311368122	0.8682230546205855
11.480889368238527	0.868248137016974
11.58298227642995	0.868273000264727
11.685983037799723	0.8682976469105279
11.78989972536098	0.8683220794481575
11.894740483915562	0.8683462993132934
12.000513530692317	0.8683703180900962
12.107227155991092	0.8683942244908364
12.214889723832664	0.8684177664409194
12.323509672614117	0.8684410496067757
12.433095515770413	0.8684642130559863
12.543655842441472	0.8684871730124806
12.655199318145538	0.8685099348884445
12.767734685458295	0.8685325008557744
12.881270764698028	0.868554872563089
12.995816454617103	0.8685770515995749
13.111380733099248	0.8685990395656482
13.227972657863388	0.8686208380523053
13.345601367173508	0.8686424485715057
13.464276080554813	0.8686638724659889
13.58400609951651	0.8686851109053577
13.704800808280647	0.8687061651394772
13.826669674517836	0.8687270369525777
13.949622250089101	0.8687477287751918
14.073668171794719	0.8687682432317736
14.198817162129457	0.8687885826709376
14.32507903004453	0.8688087490524412
14.452463671716579	0.8688287440570696
14.580981071323123	0.8688485692164382
14.710641301825271	0.8688682259959037
14.841454525757149	0.8688877158362747
14.973430996022342	0.8689070419446366
15.106581056697683	0.8689262041089344
15.240915143843786	0.8689452036395925
15.376443786323229	0.8689640419042266
15.51317760662556	0.8689827202656424
15.651127321700068	0.8690012400898367
15.790303743795675	0.8690196027342428
15.930717781308289	0.8690378095597189
16.07238043963599	0.8690558619231561
16.21530282204138	0.869073761177197
16.359496130522047	0.869091508674336
16.504971666688448	0.8691091057627295
16.651740832649658	0.8691265537867234
16.79981513190721	0.8691438540856042
16.949206170256517	0.8691610079954581
17.099925656696733	0.869178016841895
17.251985404348247	0.8691948819469063
17.405397331378786	0.8692116046200055
17.56017346193745	0.8692281861596005
17.716325927097046	0.8692446278517533
17.87386696580512	0.8692609309652515
18.032808925842982	0.8692770967489012
18.193164264793698	0.8692931264311223
18.354945551018425	0.8693090212072192
18.51816546464139	0.8693247822430438
18.682836798543953	0.8693404106606166
18.848972459367044	0.8693559075331733
19.016585468523008	0.8693712738682714
19.18568896321596	0.8693865105997748
19.356296197471657	0.8694016185673866
19.52842054317625	0.869416598500141
19.70207549112423	0.8694314510166701
19.877274652076064	0.8694461766432631
20.0540317578247	0.8694607759343516
20.23236066227207	0.8694752498116786
20.412275342514867	0.8694896002775354
20.593789899939885	0.8695038314529421
20.776918561329556	0.8695179552665427
20.96167567997671	0.8695319794166202
21.148075736809854	0.869545902821586
21.336133341527862	0.8695597155365078
21.52586323374533	0.8695734086687326
21.717280284147716	0.8695869818552979
21.91039949565677	0.8696004349513269
22.105236004606695	0.869613766065818
22.301805081930215	0.869626979960396
22.50012213435573	0.8696401288701647
22.700202705614775	0.8696531846860973
22.90206247766017	0.8696661252419643
23.105717271895436	0.8696789538115905
23.31118305041452	0.8696916732692429
23.518475917253202	0.8697042855049318
23.72761211965097	0.8697167918942569
23.938608049324746	0.8697291935166069
24.151480243753497	0.8697414912004242
24.366245387474308	0.8697536854546581
24.58292031339037	0.869765776294466
24.801522004089975	0.8697777632499487
25.02206759317787	0.8697896475948286
25.244574366618046	0.8698014406857731
25.469059764088446	0.8698131568316616
25.695541380348146	0.8698247867717499
25.924036966616068	0.8698363197135213
26.15456443196263	0.8698477545237303
26.387141844713074	0.8698590929509231
26.62178743386395	0.8698703368595871
26.858519590511722	0.8698814878358315
27.097356869294103	0.8698925472438216
27.33831798984465	0.8699035163024007
27.581421838259608	0.8699143961369908
27.826687468578488	0.8699251878089603
28.074134104277363	0.8699358923269732
28.3237811397754	0.8699465106450246
28.575648141955327	0.8699570436434414
28.829754851696634	0.8699674920816329
29.08612118542324	0.8699778564931916
29.344767236664097	0.8699881369504542
29.605713277628436	0.8699983324965086
29.868979760794527	0.8700084396184098
30.134587320512537	0.8700184474289726
30.402556774622184	0.8700283187983584
30.67290912608398	0.8700381276680106
30.94566556462578	0.8700479371503527
31.22084746840343	0.8700577706606191
31.498476405676186	0.8700674531919402
31.77857413649758	0.8700770332763089
32.06116261442048	0.8700865269088605
32.34626398821825	0.8700959406490393
32.633900603620226	0.8701052776829863
32.92409500506359	0.8701145396614147
33.21686993746014	0.8701237273650362
33.51224834797886	0.87013284100113
33.81025338784486	0.8701418804444523
34.11090841415347	0.8701508455878588
34.41423699170134	0.8701597336806941
34.72026289483321	0.8701685381287996
35.02901010930516	0.8701772710383024
35.34050283416496	0.8701859348405943
35.65476548364824	0.8701945317574639
35.9718226890926	0.870203063758298
36.29169930086759	0.8702115325782789
36.614420390322934	0.8702199397419552
36.94001125175336	0.8702282865745046
37.26849740438092	0.8702365724815407
37.59990459435564	0.8702447925528847
37.934258796772866	0.870252947043467
38.27158621770967	0.8702610366728453
38.61191329627859	0.870269062150634
38.955266706699696	0.8702770241698017
39.30167336039175	0.8702849234017233
39.65116040808093	0.8702927604956349
40.003755241929376	0.870300536078061
40.359485497681604	0.8703082507545412
40.71837905683102	0.8703159051113785
41.080464048805055	0.8703234997184729
41.44576885316963	0.8703310351323724
41.81432210185403	0.8703385119011778
42.18615268139441	0.8703459305686375
42.56128973519844	0.8703532916787098
42.93976266582922	0.8703605957838888
43.32160113730964	0.8703678434515719
43.70683507744788	0.8703750352731223
44.09549468018248	0.8703821718741515
44.48761040794956	0.8703892539189919
44.88321299406972	0.8703962820914564
45.28233344515745	0.8704032570238086
45.68500304355112	0.8704101790044024
46.091253349764614	0.8704170471019265
46.50111620496153	0.8704238594222145
46.91462373345016	0.8704306804255473
47.33180834520199	0.8704374756174433
47.7527027383916	0.8704440760638018
48.17733990195926	0.8704506205390745
48.60575311819717	0.8704571701603855
49.03797596535735	0.8704637667418956
49.474042320284134	0.8704701628381697
49.913986361068694	0.8704765076839367
50.357842569728454	0.8704828579297337
50.80564573490948	0.8704892208328514
51.257430954612886	0.870495409012251
51.71323363894634	0.8705015418184091
52.17308951289878	0.870507685154426
52.637034619141055	0.8705137865184586
53.10510532085067	0.8705198394155558
53.577338304561515	0.8705258450837743
54.05377058304002	0.8705318043123832
54.534439498185336	0.8705377177315189
55.0193827239569	0.8705435859133924
55.50863826932651	0.870549409419667
56.002244481258046	0.8705551888246189
56.50024004771276	0.8705609247606971
57.00266400068127	0.8705666179627154
57.5095557192435	0.8705722692284588
58.020954932654355	0.8705778786056377
58.536901723458335	0.8705834418174273
59.05743653063081	0.8705889520531104
59.58260015274727	0.8705944157639813
60.11243375118175	0.8705998404173295
60.646978853332136	0.870605227299523
61.1862773558759	0.8706105760821558
61.73037152805298	0.870615886421382
62.279304014979544	0.8706211581417349
62.83311784099012	0.8706263911987084
63.391856413009414	0.8706315856320316
63.955563523955256	0.8706367415353773
64.5242833561701	0.8706418590361172
65.0980604848848	0.8706469382841341
65.67693988171187	0.8706519794456027
66.26096691817011	0.8706569826975109
66.8501873692414	0.8706619486497894
67.4446474169576	0.8706668782643563
68.04439365402112	0.8706717704302394
68.64947308745589	0.8706766253019317
69.25993314229243	0.8706814430406895
69.87582166528466	0.870686223815281
70.4971869286596	0.8706909677984404
71.1240776339018	0.8706956751701472
71.75654291556941	0.8707003461109356
72.39463234514616	0.8707049808043813
73.03839593492634	0.8707095794298384
73.68788414193423	0.8707141421570301
74.34314787187978	0.870718669135708
75.00423848314745	0.8707231604773553
75.6712077908226	0.8707276162250763
76.34410807075169	0.8707320362940989
77.0229920636404	0.8707364203550108
77.70791297918703	0.8707407675713332
78.39892450025253	0.8707450759148369
79.09608078706903	0.8707493399422592
79.79943648148372	0.8707535405254548
80.50904671124269	0.8707577048980175
81.22496709431063	0.8707619080034742
81.94725374323102	0.8707661162013032
82.67596326952378	0.870770264039845
83.41115278812184	0.870774368257689
84.15287992184884	0.8707784339616131
84.90120280593419	0.8707824627579361
85.65618009257078	0.8707864547572252
86.4178709555115	0.8707904090567554
87.18633509470675	0.8707943239285373
87.96163274098465	0.8707982012951708
88.74382466077064	0.8708020521639196
89.53297216085144	0.8708059716252178
90.32913709317893	0.870809823766796
91.13238185971927	0.8708135240217846
91.9427694173424	0.8708173175073252
92.76036328275842	0.8708210975385361
93.58522753749382	0.8708248458622881
94.41742683291535	0.8708285574577169
95.25702639529666	0.8708322341019742
96.10409203093191	0.870835877508791
96.95869013129156	0.8708394890234654
97.82088767822702	0.8708430696393078
98.69075224922157	0.8708466200465301
99.56835202268496	0.8708501406519789
100.45375578329805	0.8708536315695853
101.34703292740517	0.8708570925666592
102.24825346845114	0.8708605229663736
103.15748804247018	0.8708639215047334
104.07480791362154	0.870867286206198
105.00028497977654	0.8708706146121918
105.93399177815155	0.8708739059228635
106.87600149099445	0.8708771751350056
107.82638795132168	0.8708804424454261
108.7852256487028	0.8708837058664612
109.75258973510046	0.8708869467122696
110.72855603075978	0.8708901661403304
111.7132010301527	0.8708933614486905
112.70660190797106	0.8708965335293014
113.7088365251766	0.8708996818568188
114.71998343510468	0.8709028062409725
115.74012188961895	0.8709059073302636
116.76933184532434	0.8709089861868582
117.80769396983327	0.8709120441017659
118.8552896480898	0.8709150831728731
119.91220098874594	0.8709181025119095
120.97851083059848	0.8709211019448856
122.054302749083	0.8709240808145705
123.13966106282179	0.8709270381681429
124.23467084023382	0.8709299730168372
125.33941790620369	0.8709328845442065
126.45398884880571	0.8709357721895542
127.57847102609226	0.8709386356301231
128.71295257293994	0.8709414746741525
129.85752240795918	0.8709442890334579
131.01227024046077	0.8709470777379458
132.17728657748856	0.8709498369885917
133.35266273091457	0.8709525468136242
134.53849082459305	0.8709552184880746
135.7348638015829	0.8709580159697086
136.94187543143136	0.8709607164603818
138.1596203175255	0.870963389158066
139.38819390450416	0.8709660422054397
140.62769248574006	0.8709686673925913
141.87821321088873	0.8709712698965065
143.13985409349988	0.8709738510983666
144.4127140187015	0.8709764127406027
145.69689275094936	0.8709789577401261
146.99249094184836	0.8709814882951437
148.2996101380383	0.8709840039205595
149.61835278915459	0.8709865026422402
150.94882225585948	0.8709889823702762
152.29112281794028	0.8709914409263412
153.64535968248407	0.8709938763876763
155.01163899212537	0.8709962878584223
156.39006783336214	0.8709986756688685
157.78075424495105	0.8710010409609444
159.1838072263745	0.8710033848415419
160.59933674638592	0.8710056915088327
162.02745375162547	0.871007984492179
163.46827017531768	0.8710102662935403
164.9218989460462	0.8710125390483748
166.38845399660156	0.8710148046553254
167.86805027291317	0.8710170633250227
169.3608037430576	0.8710193055058381
170.8668314063502	0.8710215295927356
172.38625130251177	0.8710237360198811
173.91918252092202	0.8710259252069196
175.46574520995554	0.8710280975484901
177.02606058639503	0.8710302534111253
178.60025094493454	0.8710323931302861
180.18843966776345	0.871034517011939
181.79075123423948	0.8710366253339892
183.40731123064143	0.8710387183468126
185.03824636001414	0.8710407962761185
186.68368445210135	0.8710428593245202
188.34375447336078	0.8710449076727788
190.01858653707424	0.871046941482703
191.70831191354773	0.8710489608986928
193.41306304039614	0.8710509660476176
195.1329735329261	0.8710529570431079
196.86817819460717	0.8710549339860462
198.61881302764039	0.8710568969663302
200.38501524361342	0.871058846064002
202.16692327425739	0.8710607813507164
203.96467678229874	0.8710627028910373
205.77841667240165	0.8710646107432972
207.60828510221472	0.8710665049611781
209.45442549351148	0.8710683855940893
211.31698254343465	0.8710702526881596
213.19610223583265	0.8710721062871415
215.0919318527038	0.8710739464326778
217.00461998574235	0.8710757731650141
218.93431654798025	0.8710775865230903
220.8811727855401	0.8710793865453912
222.8453412894879	0.8710811732689441
224.82697600779625	0.8710829467301184
226.82623225740554	0.8710847069643607
228.84326673639993	0.8710864540056042
230.87823753629135	0.8710881878868176
232.93130415440572	0.8710899087712962
235.00262750638643	0.8710916168753581
237.09236993880901	0.8710933118144809
239.2006952419008	0.8710949936030467
241.3277686623816	0.8710966622485052
243.47375691641395	0.871098317753729
245.63882820267327	0.8710999601090798
247.82315221552602	0.8711015892950521
250.02690015833244	0.8711032052777922
252.25024475686786	0.87110480801164
254.4933602728554	0.8711063977975134
256.7564225176277	0.8711079748519608
259.0396088659051	0.8711095387967608
261.34309826970133	0.8711110896962843
263.66707127234423	0.8711126277709488
266.0117100226289	0.8711141536181081
268.37719828909724	0.8711156687489461
270.76372147443556	0.8711171770123091
273.17146663001006	0.8711186884071013
275.60062247052554	0.8711202227781482
278.05137938882035	0.8711217908960106
280.5239294707834	0.8711233934133435
283.0184665104123	0.8711248175237972
285.53518602500543	0.8711261001405193
288.0742852704805	0.8711275120752796
290.63596325683807	0.8711289163081141
293.22042076376243	0.8711303214071652
295.82786035635246	0.8711317233332633
298.45848640100235	0.8711331182844818
301.11250508141734	0.8711345042222957
303.7901244147782	0.8711358801944038
306.49155426803907	0.8711372459010751
309.21700637437954	0.8711386015032777
311.966694349803	0.8711399475068085
314.74083370987324	0.871141284491788
317.5396418866104	0.8711426125660766
320.36333824553054	0.8711439315079629
323.212144102844	0.8711452428611507
326.0862827427945	0.8711465533591427
328.98597943516353	0.87114785114675
331.9114614529298	0.8711491069650206
334.8629580900759	0.8711503667135635
337.840700679564	0.8711516234700705
340.84492261146556	0.8711528731592978
343.8758593512585	0.8711541141883345
346.9337484582753	0.8711553460438838
350.0188296043263	0.8711565702442287
353.13134459248823	0.8711578010017993
356.27153737604897	0.8711590320680577
359.43965407763193	0.871160193945617
362.6359430084904	0.8711613785393433
365.8606546879623	0.8711625585607509
369.1140418631103	0.8711637230270814
372.39635952852905	0.8711648813333728
375.7078649463369	0.8711660348041573
379.0488176663311	0.8711671816810312
382.4194795463354	0.8711683216782368
385.82011477272766	0.8711694550100731
389.25098988113814	0.8711705817969907
392.7123737773459	0.8711717017786161
396.204537758352	0.8711728141701437
399.72775553364903	0.8711739174488949
403.2823032466656	0.8711750086012163
406.86845949641406	0.8711760801258167
410.4865053593309	0.8711771134974381
414.13672441129853	0.8711781896896038
417.819402749877	0.8711792965644993
421.53482901672504	0.8711803766982318
425.28329442022914	0.8711814391578588
429.0650927583191	0.8711824898580645
432.8805204414997	0.8711835309036667
436.7298765160874	0.871184563156408
440.6134626876401	0.8711855869920038
444.5315833446086	0.8711866025685183
448.4845455821988	0.8711876099389071
452.4726592264321	0.8711886091045625
456.4962368584348	0.8711896000406315
460.55559383893495	0.8711905827131357
464.6510483329859	0.8711915570857578
468.7829213348939	0.8711925231263108
472.9515366933819	0.871193480811739
477.1572211369772	0.8711944301290766
481.40030429960996	0.8711953710793938
485.6811187464557	0.8711963036786745
489.99999999999807	0.8711972279596552