1.0000e-03 6.8446e-02 -1.6328e-02 5.0320e-02 6.6562e-02
1.0233e-03 7.3868e-02 -1.7619e-02 5.4312e-02 7.1834e-02
1.0472e-03 7.9702e-02 -1.9007e-02 5.8608e-02 7.7508e-02
1.0717e-03 8.5982e-02 -2.0502e-02 6.3234e-02 8.3616e-02
1.0967e-03 9.2749e-02 -2.2112e-02 6.8220e-02 9.0198e-02
1.1223e-03 1.0004e-01 -2.3846e-02 7.3591e-02 9.7289e-02
1.1485e-03 1.0790e-01 -2.5716e-02 7.9386e-02 1.0494e-01
1.1753e-03 1.1636e-01 -2.7727e-02 8.5621e-02 1.1317e-01
1.2027e-03 1.2549e-01 -2.9896e-02 9.2347e-02 1.2204e-01
1.2308e-03 1.3530e-01 -3.2229e-02 9.9587e-02 1.3159e-01
1.2595e-03 1.4587e-01 -3.4741e-02 1.0738e-01 1.4187e-01
1.2889e-03 1.5725e-01 -3.7442e-02 1.1577e-01 1.5294e-01
1.3190e-03 1.6947e-01 -4.0344e-02 1.2479e-01 1.6482e-01
1.3498e-03 1.8260e-01 -4.3460e-02 1.3448e-01 1.7759e-01
1.3813e-03 1.9670e-01 -4.6807e-02 1.4489e-01 1.9131e-01
1.4135e-03 2.1183e-01 -5.0396e-02 1.5606e-01 2.0603e-01
1.4465e-03 2.2804e-01 -5.4239e-02 1.6803e-01 2.2179e-01
1.4803e-03 2.4542e-01 -5.8358e-02 1.8087e-01 2.3870e-01
1.5148e-03 2.6405e-01 -6.2772e-02 1.9464e-01 2.5682e-01
1.5502e-03 2.8400e-01 -6.7498e-02 2.0939e-01 2.7624e-01
1.5864e-03 3.0540e-01 -7.2563e-02 2.2521e-01 2.9706e-01
1.6234e-03 3.2834e-01 -7.7991e-02 2.4217e-01 3.1937e-01
1.6613e-03 3.5293e-01 -8.3808e-02 2.6036e-01 3.4330e-01
1.7000e-03 3.7932e-01 -9.0047e-02 2.7989e-01 3.6898e-01
1.7397e-03 4.0766e-01 -9.6743e-02 3.0087e-01 3.9655e-01
1.7803e-03 4.3805e-01 -1.0392e-01 3.2336e-01 4.2612e-01
1.8219e-03 4.7065e-01 -1.1162e-01 3.4752e-01 4.5785e-01
1.8644e-03 5.0563e-01 -1.1987e-01 3.7343e-01 4.9188e-01
1.9079e-03 5.4309e-01 -1.2871e-01 4.0120e-01 5.2833e-01
1.9525e-03 5.8324e-01 -1.3817e-01 4.3096e-01 5.6740e-01
1.9980e-03 6.2621e-01 -1.4830e-01 4.6284e-01 6.0922e-01
2.0447e-03 6.7219e-01 -1.5912e-01 4.9695e-01 6.5397e-01
2.0924e-03 7.2133e-01 -1.7068e-01 5.3343e-01 7.0180e-01
2.1412e-03 7.7388e-01 -1.8304e-01 5.7245e-01 7.5295e-01
2.1912e-03 8.3007e-01 -1.9624e-01 6.1419e-01 8.0763e-01
2.2423e-03 8.9013e-01 -2.1035e-01 6.5883e-01 8.6610e-01
2.2947e-03 9.5439e-01 -2.2542e-01 7.0660e-01 9.2864e-01
2.3482e-03 1.0231e+00 -2.4153e-01 7.5770e-01 9.9552e-01
2.4030e-03 1.0966e+00 -2.5876e-01 8.1241e-01 1.0671e+00
2.4591e-03 1.1752e+00 -2.7716e-01 8.7094e-01 1.1436e+00
2.5165e-03 1.2593e+00 -2.9683e-01 9.3355e-01 1.2255e+00
2.5753e-03 1.3491e+00 -3.1781e-01 1.0004e+00 1.3129e+00
2.6354e-03 1.4451e+00 -3.4022e-01 1.0720e+00 1.4063e+00
2.6969e-03 1.5474e+00 -3.6410e-01 1.1483e+00 1.5060e+00
2.7598e-03 1.6566e+00 -3.8955e-01 1.2298e+00 1.6124e+00
2.8242e-03 1.7731e+00 -4.1668e-01 1.3168e+00 1.7258e+00
2.8902e-03 1.8975e+00 -4.4562e-01 1.4098e+00 1.8470e+00
2.9576e-03 2.0302e+00 -4.7645e-01 1.5090e+00 1.9762e+00
3.0266e-03 2.1718e+00 -5.0931e-01 1.6148e+00 2.1141e+00
3.0973e-03 2.3228e+00 -5.4432e-01 1.7278e+00 2.2612e+00
3.1696e-03 2.4838e+00 -5.8160e-01 1.8484e+00 2.4180e+00
3.2436e-03 2.6555e+00 -6.2131e-01 1.9770e+00 2.5853e+00
3.3193e-03 2.8384e+00 -6.6357e-01 2.1142e+00 2.7635e+00
3.3967e-03 3.0333e+00 -7.0853e-01 2.2603e+00 2.9533e+00
3.4760e-03 3.2407e+00 -7.5631e-01 2.4160e+00 3.1554e+00
3.5572e-03 3.4617e+00 -8.0716e-01 2.5820e+00 3.3708e+00
3.6402e-03 3.6967e+00 -8.6115e-01 2.7586e+00 3.5998e+00
3.7251e-03 3.9473e+00 -9.1863e-01 2.9471e+00 3.8440e+00
3.8121e-03 4.2136e+00 -9.7964e-01 3.1476e+00 4.1036e+00
3.9011e-03 4.4971e+00 -1.0445e+00 3.3611e+00 4.3799e+00
3.9921e-03 4.7985e+00 -1.1133e+00 3.5882e+00 4.6737e+00
4.0853e-03 5.1187e+00 -1.1863e+00 3.8298e+00 4.9858e+00
4.1806e-03 5.4592e+00 -1.2638e+00 4.0868e+00 5.3178e+00
4.2782e-03 5.8209e+00 -1.3459e+00 4.3600e+00 5.6704e+00
4.3781e-03 6.2054e+00 -1.4331e+00 4.6508e+00 6.0453e+00
4.4803e-03 6.6136e+00 -1.5254e+00 4.9596e+00 6.4433e+00
4.5848e-03 7.0470e+00 -1.6233e+00 5.2878e+00 6.8659e+00
4.6918e-03 7.5070e+00 -1.7270e+00 5.6364e+00 7.3145e+00
4.8013e-03 7.9949e+00 -1.8367e+00 6.0065e+00 7.7904e+00
4.9134e-03 8.5125e+00 -1.9528e+00 6.3995e+00 8.2952e+00
5.0281e-03 9.0610e+00 -2.0757e+00 6.8163e+00 8.8303e+00
5.1454e-03 9.6429e+00 -2.2056e+00 7.2589e+00 9.3979e+00
5.2655e-03 1.0259e+01 -2.3430e+00 7.7282e+00 9.9993e+00
5.3884e-03 1.0912e+01 -2.4882e+00 8.2259e+00 1.0636e+01
5.5142e-03 1.1604e+01 -2.6414e+00 8.7531e+00 1.1311e+01
5.6429e-03 1.2335e+01 -2.8032e+00 9.3117e+00 1.2025e+01
5.7746e-03 1.3110e+01 -2.9741e+00 9.9037e+00 1.2781e+01
5.9094e-03 1.3929e+01 -3.1542e+00 1.0530e+01 1.3580e+01
6.0473e-03 1.4795e+01 -3.3442e+00 1.1194e+01 1.4426e+01
6.1885e-03 1.5710e+01 -3.5443e+00 1.1896e+01 1.5319e+01
6.3329e-03 1.6678e+01 -3.7552e+00 1.2638e+01 1.6263e+01
6.4807e-03 1.7699e+01 -3.9772e+00 1.3423e+01 1.7261e+01
6.6320e-03 1.8777e+01 -4.2107e+00 1.4252e+01 1.8313e+01
6.7868e-03 1.9915e+01 -4.4564e+00 1.5129e+01 1.9424e+01
6.9452e-03 2.1116e+01 -4.7148e+00 1.6055e+01 2.0597e+01
7.1073e-03 2.2381e+01 -4.9860e+00 1.7031e+01 2.1832e+01
7.2732e-03 2.3716e+01 -5.2711e+00 1.8063e+01 2.3135e+01
7.4429e-03 2.5121e+01 -5.5701e+00 1.9150e+01 2.4508e+01
7.6166e-03 2.6599e+01 -5.8837e+00 2.0296e+01 2.5952e+01
7.7944e-03 2.8156e+01 -6.2124e+00 2.1504e+01 2.7472e+01
7.9763e-03 2.9793e+01 -6.5569e+00 2.2776e+01 2.9072e+01
8.1625e-03 3.1515e+01 -6.9175e+00 2.4115e+01 3.0755e+01
8.3530e-03 3.3323e+01 -7.2946e+00 2.5524e+01 3.2521e+01
8.5480e-03 3.5224e+01 -7.6893e+00 2.7007e+01 3.4378e+01
8.7475e-03 3.7216e+01 -8.1013e+00 2.8564e+01 3.6326e+01
8.9517e-03 3.9308e+01 -8.5316e+00 3.0200e+01 3.8370e+01
9.1606e-03 4.1502e+01 -8.9810e+00 3.1920e+01 4.0515e+01
9.3744e-03 4.3800e+01 -9.4492e+00 3.3722e+01 4.2760e+01
9.5932e-03 4.6206e+01 -9.9371e+00 3.5614e+01 4.5113e+01
9.8171e-03 4.8724e+01 -1.0445e+01 3.7596e+01 4.7575e+01
1.0046e-02 5.1358e+01 -1.0974e+01 3.9673e+01 5.0150e+01
1.0281e-02 5.4108e+01 -1.1522e+01 4.1845e+01 5.2840e+01
1.0521e-02 5.6985e+01 -1.2093e+01 4.4121e+01 5.5653e+01
1.0766e-02 5.9985e+01 -1.2685e+01 4.6498e+01 5.8587e+01
1.1018e-02 6.3112e+01 -1.3299e+01 4.8980e+01 6.1646e+01
1.1275e-02 6.6373e+01 -1.3934e+01 5.1573e+01 6.4836e+01
1.1538e-02 6.9765e+01 -1.4592e+01 5.4275e+01 6.8155e+01
1.1807e-02 7.3296e+01 -1.5271e+01 5.7093e+01 7.1609e+01
1.2083e-02 7.6967e+01 -1.5973e+01 6.0028e+01 7.5202e+01
1.2365e-02 8.0781e+01 -1.6698e+01 6.3083e+01 7.8934e+01
1.2653e-02 8.4741e+01 -1.7445e+01 6.6261e+01 8.2810e+01
1.2949e-02 8.8849e+01 -1.8214e+01 6.9564e+01 8.6831e+01
1.3251e-02 9.3102e+01 -1.9005e+01 7.2990e+01 9.0994e+01
1.3560e-02 9.7498e+01 -1.9816e+01 7.6540e+01 9.5298e+01
1.3877e-02 1.0203e+02 -2.0646e+01 8.0210e+01 9.9740e+01
1.4201e-02 1.0672e+02 -2.1496e+01 8.4005e+01 1.0432e+02
1.4532e-02 1.1154e+02 -2.2364e+01 8.7922e+01 1.0905e+02
1.4871e-02 1.1652e+02 -2.3254e+01 9.1979e+01 1.1393e+02
1.5218e-02 1.2167e+02 -2.4167e+01 9.6183e+01 1.1897e+02
1.5573e-02 1.2701e+02 -2.5104e+01 1.0055e+02 1.2420e+02
1.5937e-02 1.3253e+02 -2.6066e+01 1.0507e+02 1.2961e+02
1.6309e-02 1.3820e+02 -2.7046e+01 1.0973e+02 1.3517e+02
1.6690e-02 1.4401e+02 -2.8039e+01 1.1451e+02 1.4086e+02
1.7079e-02 1.4993e+02 -2.9039e+01 1.1939e+02 1.4666e+02
1.7478e-02 1.5592e+02 -3.0041e+01 1.2435e+02 1.5253e+02
1.7886e-02 1.6201e+02 -3.1046e+01 1.2940e+02 1.5850e+02
1.8303e-02 1.6819e+02 -3.2056e+01 1.3454e+02 1.6457e+02
1.8730e-02 1.7449e+02 -3.3072e+01 1.3980e+02 1.7074e+02
1.9167e-02 1.8089e+02 -3.4094e+01 1.4515e+02 1.7702e+02
1.9615e-02 1.8740e+02 -3.5119e+01 1.5061e+02 1.8340e+02
2.0073e-02 1.9397e+02 -3.6140e+01 1.5613e+02 1.8984e+02
2.0541e-02 2.0056e+02 -3.7150e+01 1.6169e+02 1.9631e+02
2.1021e-02 2.0715e+02 -3.8143e+01 1.6727e+02 2.0278e+02
2.1511e-02 2.1372e+02 -3.9117e+01 1.7286e+02 2.0923e+02
2.2013e-02 2.2028e+02 -4.0072e+01 1.7845e+02 2.1567e+02
2.2527e-02 2.2686e+02 -4.1013e+01 1.8407e+02 2.2212e+02
2.3053e-02 2.3345e+02 -4.1942e+01 1.8973e+02 2.2860e+02
2.3591e-02 2.4007e+02 -4.2859e+01 1.9543e+02 2.3510e+02
2.4142e-02 2.4670e+02 -4.3761e+01 2.0116e+02 2.4161e+02
2.4705e-02 2.5332e+02 -4.4645e+01 2.0689e+02 2.4811e+02
2.5282e-02 2.5992e+02 -4.5508e+01 2.1264e+02 2.5460e+02
2.5872e-02 2.6648e+02 -4.6348e+01 2.1836e+02 2.6104e+02
2.6476e-02 2.7298e+02 -4.7160e+01 2.2406e+02 2.6743e+02
2.7094e-02 2.7938e+02 -4.7939e+01 2.2969e+02 2.7372e+02
2.7726e-02 2.8566e+02 -4.8682e+01 2.3525e+02 2.7989e+02
2.8373e-02 2.9178e+02 -4.9383e+01 2.4070e+02 2.8592e+02
2.9035e-02 2.9776e+02 -5.0042e+01 2.4605e+02 2.9180e+02
2.9713e-02 3.0358e+02 -5.0660e+01 2.5128e+02 2.9752e+02
3.0406e-02 3.0924e+02 -5.1237e+01 2.5640e+02 3.0310e+02
3.1116e-02 3.1474e+02 -5.1772e+01 2.6140e+02 3.0851e+02
3.1842e-02 3.2010e+02 -5.2270e+01 2.6630e+02 3.1379e+02
3.2586e-02 3.2532e+02 -5.2732e+01 2.7111e+02 3.1893e+02
3.3346e-02 3.3044e+02 -5.3164e+01 2.7585e+02 3.2398e+02
3.4124e-02 3.3548e+02 -5.3569e+01 2.8054e+02 3.2895e+02
3.4921e-02 3.4047e+02 -5.3951e+01 2.8519e+02 3.3386e+02
3.5736e-02 3.4541e+02 -5.4314e+01 2.8984e+02 3.3874e+02
3.6570e-02 3.5031e+02 -5.4657e+01 2.9446e+02 3.4357e+02
3.7424e-02 3.5522e+02 -5.4987e+01 2.9911e+02 3.4841e+02
3.8297e-02 3.6015e+02 -5.5307e+01 3.0379e+02 3.5328e+02
3.9191e-02 3.6513e+02 -5.5620e+01 3.0853e+02 3.5819e+02
4.0106e-02 3.7016e+02 -5.5927e+01 3.1333e+02 3.6316e+02
4.1042e-02 3.7531e+02 -5.6237e+01 3.1825e+02 3.6824e+02
4.2000e-02 3.8058e+02 -5.6551e+01 3.2330e+02 3.7345e+02
4.2980e-02 3.8602e+02 -5.6872e+01 3.2850e+02 3.7882e+02
4.3983e-02 3.9170e+02 -5.7214e+01 3.3394e+02 3.8443e+02
4.5010e-02 3.9771e+02 -5.7586e+01 3.3967e+02 3.9036e+02
4.6060e-02 4.0408e+02 -5.7992e+01 3.4574e+02 3.9665e+02
4.7135e-02 4.1088e+02 -5.8440e+01 3.5220e+02 4.0336e+02
4.8235e-02 4.1809e+02 -5.8925e+01 3.5904e+02 4.1048e+02
4.9361e-02 4.2566e+02 -5.9438e+01 3.6622e+02 4.1794e+02
5.0513e-02 4.3360e+02 -5.9982e+01 3.7375e+02 4.2579e+02
5.1692e-02 4.4191e+02 -6.0550e+01 3.8162e+02 4.3399e+02
5.2899e-02 4.5057e+02 -6.1141e+01 3.8982e+02 4.4253e+02
5.4134e-02 4.5954e+02 -6.1748e+01 3.9834e+02 4.5139e+02
5.5397e-02 4.6878e+02 -6.2364e+01 4.0711e+02 4.6050e+02
5.6690e-02 4.7822e+02 -6.2979e+01 4.1610e+02 4.6982e+02
5.8013e-02 4.8771e+02 -6.3573e+01 4.2517e+02 4.7919e+02
5.9367e-02 4.9716e+02 -6.4134e+01 4.3425e+02 4.8853e+02
6.0753e-02 5.0653e+02 -6.4654e+01 4.4327e+02 4.9777e+02
6.2171e-02 5.1558e+02 -6.5108e+01 4.5206e+02 5.0672e+02
6.3622e-02 5.2423e+02 -6.5485e+01 4.6053e+02 5.1526e+02
6.5107e-02 5.3223e+02 -6.5758e+01 4.6846e+02 5.2317e+02
6.6627e-02 5.3931e+02 -6.5897e+01 4.7562e+02 5.3018e+02
6.8182e-02 5.4534e+02 -6.5890e+01 4.8187e+02 5.3615e+02
6.9773e-02 5.5049e+02 -6.5759e+01 4.8736e+02 5.4126e+02
7.1402e-02 5.5484e+02 -6.5520e+01 4.9215e+02 5.4557e+02
7.3068e-02 5.5809e+02 -6.5145e+01 4.9598e+02 5.4881e+02
7.4773e-02 5.5962e+02 -6.4565e+01 4.9830e+02 5.5037e+02
7.6519e-02 5.5911e+02 -6.3750e+01 4.9880e+02 5.4990e+02
7.8305e-02 5.5687e+02 -6.2747e+01 4.9776e+02 5.4774e+02
8.0132e-02 5.5330e+02 -6.1605e+01 4.9551e+02 5.4428e+02
8.2003e-02 5.4861e+02 -6.0350e+01 4.9223e+02 5.3969e+02
8.3917e-02 5.4291e+02 -5.9004e+01 4.8804e+02 5.3412e+02
8.5875e-02 5.3644e+02 -5.7594e+01 4.8313e+02 5.2779e+02
8.7880e-02 5.2957e+02 -5.6166e+01 4.7784e+02 5.2107e+02
8.9931e-02 5.2266e+02 -5.4755e+01 4.7249e+02 5.1431e+02
9.2030e-02 5.1611e+02 -5.3405e+01 4.6744e+02 5.0790e+02
9.4178e-02 5.1032e+02 -5.2150e+01 4.6304e+02 5.0223e+02
9.6376e-02 5.0564e+02 -5.1027e+01 4.5964e+02 4.9766e+02
9.8625e-02 5.0242e+02 -5.0066e+01 4.5755e+02 4.9452e+02
1.0093e-01 5.0088e+02 -4.9283e+01 4.5698e+02 4.9303e+02
1.0328e-01 5.0115e+02 -4.8684e+01 4.5806e+02 4.9332e+02
1.0569e-01 5.0318e+02 -4.8259e+01 4.6077e+02 4.9536e+02
1.0816e-01 5.0683e+02 -4.7979e+01 4.6494e+02 4.9897e+02
1.1068e-01 5.1182e+02 -4.7820e+01 4.7036e+02 5.0391e+02
1.1327e-01 5.1763e+02 -4.7729e+01 4.7656e+02 5.0967e+02
1.1591e-01 5.2379e+02 -4.7659e+01 4.8310e+02 5.1576e+02
1.1862e-01 5.2962e+02 -4.7550e+01 4.8935e+02 5.2152e+02
1.2139e-01 5.3437e+02 -4.7336e+01 4.9463e+02 5.2623e+02
1.2422e-01 5.3743e+02 -4.6963e+01 4.9834e+02 5.2927e+02
1.2712e-01 5.3809e+02 -4.6378e+01 4.9983e+02 5.2994e+02
1.3009e-01 5.3606e+02 -4.5568e+01 4.9882e+02 5.2796e+02
1.3312e-01 5.3120e+02 -4.4532e+01 4.9516e+02 5.2319e+02
1.3623e-01 5.2362e+02 -4.3289e+01 4.8894e+02 5.1574e+02
1.3941e-01 5.1374e+02 -4.1884e+01 4.8055e+02 5.0602e+02
1.4266e-01 5.0220e+02 -4.0372e+01 4.7057e+02 4.9467e+02
1.4599e-01 4.8987e+02 -3.8822e+01 4.5979e+02 4.8253e+02
1.4940e-01 4.7766e+02 -3.7316e+01 4.4908e+02 4.7051e+02
1.5289e-01 4.6662e+02 -3.5935e+01 4.3943e+02 4.5964e+02
1.5645e-01 4.5781e+02 -3.4755e+01 4.3186e+02 4.5097e+02
1.6011e-01 4.5166e+02 -3.3800e+01 4.2676e+02 4.4491e+02
1.6384e-01 4.4849e+02 -3.3085e+01 4.2447e+02 4.4179e+02
1.6767e-01 4.4777e+02 -3.2549e+01 4.2447e+02 4.4108e+02
1.7158e-01 4.4886e+02 -3.2149e+01 4.2618e+02 4.4215e+02
1.7559e-01 4.5085e+02 -3.1817e+01 4.2875e+02 4.4410e+02
1.7968e-01 4.5265e+02 -3.1475e+01 4.3114e+02 4.4586e+02
1.8388e-01 4.5306e+02 -3.1042e+01 4.3222e+02 4.4626e+02
1.8817e-01 4.5100e+02 -3.0447e+01 4.3092e+02 4.4421e+02
1.9256e-01 4.4576e+02 -2.9642e+01 4.2657e+02 4.3904e+02
1.9706e-01 4.3751e+02 -2.8650e+01 4.1930e+02 4.3089e+02
2.0166e-01 4.2704e+02 -2.7539e+01 4.0988e+02 4.2056e+02
2.0636e-01 4.1550e+02 -2.6387e+01 3.9939e+02 4.0917e+02
2.1118e-01 4.0419e+02 -2.5280e+01 3.8909e+02 3.9801e+02
2.1611e-01 3.9429e+02 -2.4289e+01 3.8012e+02 3.8824e+02
2.2115e-01 3.8672e+02 -2.3458e+01 3.7336e+02 3.8075e+02
2.2631e-01 3.8183e+02 -2.2794e+01 3.6915e+02 3.7590e+02
2.3160e-01 3.7918e+02 -2.2276e+01 3.6709e+02 3.7325e+02
2.3700e-01 3.7774e+02 -2.1841e+01 3.6619e+02 3.7179e+02
2.4253e-01 3.7614e+02 -2.1406e+01 3.6514e+02 3.7018e+02
2.4819e-01 3.7315e+02 -2.0903e+01 3.6272e+02 3.6720e+02
2.5399e-01 3.6787e+02 -2.0286e+01 3.5807e+02 3.6196e+02
2.5991e-01 3.6040e+02 -1.9541e+01 3.5124e+02 3.5456e+02
2.6598e-01 3.5141e+02 -1.8733e+01 3.4290e+02 3.4566e+02
2.7219e-01 3.4216e+02 -1.7936e+01 3.3429e+02 3.3650e+02
2.7854e-01 3.3372e+02 -1.7202e+01 3.2645e+02 3.2815e+02
2.8504e-01 3.2702e+02 -1.6578e+01 3.2028e+02 3.2151e+02
2.9170e-01 3.2214e+02 -1.6062e+01 3.1587e+02 3.1664e+02
2.9850e-01 3.1844e+02 -1.5599e+01 3.1260e+02 3.1294e+02
3.0547e-01 3.1482e+02 -1.5143e+01 3.0939e+02 3.0932e+02
3.1260e-01 3.1032e+02 -1.4657e+01 3.0531e+02 3.0483e+02
3.1990e-01 3.0444e+02 -1.4121e+01 2.9984e+02 2.9898e+02
3.2736e-01 2.9738e+02 -1.3547e+01 2.9320e+02 2.9198e+02
3.3500e-01 2.8997e+02 -1.2973e+01 2.8619e+02 2.8463e+02
3.4282e-01 2.8316e+02 -1.2434e+01 2.7976e+02 2.7788e+02
3.5082e-01 2.7738e+02 -1.1936e+01 2.7431e+02 2.7212e+02
3.5901e-01 2.7254e+02 -1.1493e+01 2.6978e+02 2.6730e+02
3.6739e-01 2.6808e+02 -1.1079e+01 2.6561e+02 2.6284e+02
3.7597e-01 2.6324e+02 -1.0661e+01 2.6105e+02 2.5802e+02
3.8474e-01 2.5770e+02 -1.0228e+01 2.5579e+02 2.5250e+02
3.9372e-01 2.5166e+02 -9.7888e+00 2.5002e+02 2.4650e+02
4.0291e-01 2.4565e+02 -9.3367e+00 2.4424e+02 2.4053e+02
4.1232e-01 2.4013e+02 -8.9179e+00 2.3896e+02 2.3505e+02
4.2194e-01 2.3517e+02 -8.5323e+00 2.3420e+02 2.3011e+02
4.3179e-01 2.3047e+02 -8.1682e+00 2.2970e+02 2.2542e+02
4.4187e-01 2.2561e+02 -7.8105e+00 2.2503e+02 2.2058e+02
4.5218e-01 2.2048e+02 -7.4549e+00 2.2006e+02 2.1547e+02
4.6273e-01 2.1521e+02 -7.0887e+00 2.1496e+02 2.1024e+02
4.7353e-01 2.1013e+02 -6.7337e+00 2.1003e+02 2.0520e+02
4.8459e-01 2.0535e+02 -6.4000e+00 2.0539e+02 2.0044e+02
4.9590e-01 2.0076e+02 -6.0835e+00 2.0093e+02 1.9588e+02
5.0747e-01 1.9616e+02 -5.7773e+00 1.9645e+02 1.9130e+02
5.1931e-01 1.9149e+02 -5.4797e+00 1.9188e+02 1.8666e+02
5.3144e-01 1.8683e+02 -5.1848e+00 1.8732e+02 1.8203e+02
5.4384e-01 1.8230e+02 -4.8914e+00 1.8289e+02 1.7755e+02
5.5653e-01 1.7794e+02 -4.6126e+00 1.7862e+02 1.7322e+02
5.6952e-01 1.7364e+02 -4.3457e+00 1.7440e+02 1.6896e+02
5.8282e-01 1.6936e+02 -4.0889e+00 1.7019e+02 1.6471e+02
5.9642e-01 1.6512e+02 -3.8429e+00 1.6601e+02 1.6051e+02
6.1034e-01 1.6100e+02 -3.6078e+00 1.6195e+02 1.5643e+02
6.2458e-01 1.5694e+02 -3.3679e+00 1.5794e+02 1.5241e+02
6.3916e-01 1.5296e+02 -3.1391e+00 1.5401e+02 1.4848e+02
6.5408e-01 1.4906e+02 -2.9209e+00 1.5016e+02 1.4462e+02
6.6935e-01 1.4522e+02 -2.7127e+00 1.4636e+02 1.4083e+02
6.8497e-01 1.4146e+02 -2.5144e+00 1.4263e+02 1.3712e+02
7.0096e-01 1.3777e+02 -2.3256e+00 1.3897e+02 1.3347e+02
7.1732e-01 1.3413e+02 -2.1368e+00 1.3535e+02 1.2988e+02
7.3406e-01 1.3054e+02 -1.9542e+00 1.3180e+02 1.2635e+02
7.5119e-01 1.2703e+02 -1.7808e+00 1.2831e+02 1.2290e+02
7.6873e-01 1.2360e+02 -1.6161e+00 1.2490e+02 1.1952e+02
7.8667e-01 1.2024e+02 -1.4599e+00 1.2155e+02 1.1622e+02
8.0503e-01 1.1696e+02 -1.3117e+00 1.1827e+02 1.1298e+02
8.2382e-01 1.1372e+02 -1.1679e+00 1.1505e+02 1.0981e+02
8.4305e-01 1.1054e+02 -1.0275e+00 1.1188e+02 1.0670e+02
8.6272e-01 1.0743e+02 -8.9464e-01 1.0879e+02 1.0365e+02
8.8286e-01 1.0440e+02 -7.6910e-01 1.0576e+02 1.0068e+02
9.0347e-01 1.0144e+02 -6.5059e-01 1.0280e+02 9.7785e+01
9.2455e-01 9.8552e+01 -5.3886e-01 9.9911e+01 9.4958e+01
9.4613e-01 9.5730e+01 -4.3301e-01 9.7085e+01 9.2196e+01
9.6822e-01 9.2940e+01 -3.2943e-01 9.4302e+01 8.9480e+01
9.9081e-01 9.0220e+01 -2.3201e-01 9.1584e+01 8.6832e+01
1.0139e+00 8.7567e+01 -1.4049e-01 8.8929e+01 8.4248e+01
1.0376e+00 8.4992e+01 -5.4645e-02 8.6350e+01 8.1739e+01
1.0618e+00 8.2469e+01 2.5777e-02 8.3819e+01 7.9281e+01
1.0866e+00 8.0024e+01 1.0100e-01 8.1363e+01 7.6898e+01
1.1120e+00 7.7602e+01 1.7301e-01 7.8939e+01 7.4549e+01
1.1379e+00 7.5244e+01 2.4061e-01 7.6577e+01 7.2264e+01
1.1645e+00 7.2948e+01 3.0356e-01 7.4275e+01 7.0038e+01
1.1917e+00 7.0709e+01 3.6205e-01 7.2028e+01 6.7868e+01
1.2195e+00 6.8537e+01 4.1633e-01 6.9845e+01 6.5761e+01
1.2479e+00 6.6420e+01 4.6654e-01 6.7714e+01 6.3708e+01
1.2771e+00 6.4354e+01 5.1328e-01 6.5638e+01 6.1709e+01
1.3069e+00 6.2317e+01 5.5654e-01 6.3594e+01 5.9745e+01
1.3374e+00 6.0344e+01 5.9632e-01 6.1612e+01 5.7841e+01
1.3686e+00 5.8426e+01 6.3273e-01 5.9683e+01 5.5990e+01
1.4005e+00 5.6562e+01 6.6592e-01 5.7805e+01 5.4189e+01
1.4332e+00 5.4753e+01 6.9610e-01 5.5982e+01 5.2442e+01
1.4667e+00 5.2996e+01 7.2340e-01 5.4209e+01 5.0746e+01
1.5009e+00 5.1262e+01 7.4766e-01 5.2465e+01 4.9080e+01
1.5359e+00 4.9586e+01 7.6943e-01 5.0778e+01 4.7468e+01
1.5718e+00 4.7948e+01 7.8857e-01 4.9127e+01 4.5893e+01
1.6085e+00 4.6373e+01 8.0561e-01 4.7537e+01 4.4378e+01
1.6460e+00 4.4835e+01 8.2029e-01 4.5983e+01 4.2899e+01
1.6844e+00 4.3351e+01 8.3302e-01 4.4481e+01 4.1470e+01
1.7237e+00 4.1891e+01 8.4315e-01 4.3008e+01 4.0070e+01
1.7640e+00 4.0474e+01 8.5137e-01 4.1578e+01 3.8712e+01
1.8051e+00 3.9097e+01 8.5783e-01 4.0187e+01 3.7392e+01
1.8473e+00 3.7770e+01 8.6284e-01 3.8844e+01 3.6120e+01
1.8904e+00 3.6478e+01 8.6617e-01 3.7535e+01 3.4879e+01
1.9345e+00 3.5234e+01 8.6829e-01 3.6273e+01 3.3685e+01
1.9797e+00 3.4016e+01 8.6852e-01 3.5039e+01 3.2519e+01
2.0259e+00 3.2829e+01 8.6713e-01 3.3838e+01 3.1384e+01
2.0732e+00 3.1683e+01 8.6472e-01 3.2677e+01 3.0288e+01
2.1216e+00 3.0574e+01 8.6127e-01 3.1551e+01 2.9227e+01
2.1711e+00 2.9501e+01 8.5687e-01 3.0461e+01 2.8200e+01
2.2217e+00 2.8463e+01 8.5155e-01 2.9405e+01 2.7205e+01
2.2736e+00 2.7458e+01 8.4531e-01 2.8382e+01 2.6243e+01
2.3267e+00 2.6474e+01 8.3757e-01 2.7383e+01 2.5304e+01
2.3810e+00 2.5523e+01 8.2921e-01 2.6417e+01 2.4396e+01
2.4365e+00 2.4605e+01 8.2027e-01 2.5482e+01 2.3519e+01
2.4934e+00 2.3720e+01 8.1086e-01 2.4580e+01 2.2673e+01
2.5516e+00 2.2862e+01 8.0087e-01 2.3704e+01 2.1853e+01
2.6112e+00 2.2035e+01 7.9049e-01 2.2859e+01 2.1062e+01
2.6721e+00 2.1227e+01 7.7902e-01 2.2036e+01 2.0291e+01
2.7345e+00 2.0445e+01 7.6712e-01 2.1238e+01 1.9545e+01
2.7983e+00 1.9691e+01 7.5499e-01 2.0468e+01 1.8826e+01
2.8636e+00 1.8963e+01 7.4259e-01 1.9723e+01 1.8130e+01
2.9304e+00 1.8261e+01 7.3006e-01 1.9005e+01 1.7461e+01
2.9988e+00 1.7584e+01 7.1734e-01 1.8311e+01 1.6814e+01
3.0688e+00 1.6926e+01 7.0407e-01 1.7637e+01 1.6186e+01
3.1405e+00 1.6289e+01 6.9046e-01 1.6984e+01 1.5578e+01
3.2138e+00 1.5674e+01 6.7681e-01 1.6354e+01 1.4992e+01
3.2888e+00 1.5081e+01 6.6314e-01 1.5746e+01 1.4426e+01
3.3655e+00 1.4510e+01 6.4947e-01 1.5159e+01 1.3881e+01
3.4441e+00 1.3960e+01 6.3583e-01 1.4593e+01 1.3355e+01
3.5245e+00 1.3427e+01 6.2207e-01 1.4045e+01 1.2847e+01
3.6067e+00 1.2911e+01 6.0801e-01 1.3514e+01 1.2355e+01
3.6909e+00 1.2413e+01 5.9402e-01 1.3001e+01 1.1880e+01
3.7771e+00 1.1934e+01 5.8019e-01 1.2507e+01 1.1423e+01
3.8652e+00 1.1472e+01 5.6649e-01 1.2032e+01 1.0983e+01
3.9554e+00 1.1028e+01 5.5294e-01 1.1573e+01 1.0559e+01
4.0478e+00 1.0600e+01 5.3954e-01 1.1130e+01 1.0150e+01
4.1422e+00 1.0184e+01 5.2586e-01 1.0701e+01 9.7530e+00
4.2389e+00 9.7837e+00 5.1239e-01 1.0287e+01 9.3713e+00
4.3379e+00 9.3979e+00 4.9909e-01 9.8881e+00 9.0032e+00
4.4391e+00 9.0273e+00 4.8604e-01 9.5042e+00 8.6495e+00
4.5427e+00 8.6709e+00 4.7320e-01 9.1346e+00 8.3090e+00
4.6487e+00 8.3281e+00 4.6059e-01 8.7788e+00 7.9815e+00
4.7572e+00 7.9960e+00 4.4797e-01 8.4343e+00 7.6645e+00
4.8683e+00 7.6758e+00 4.3547e-01 8.1020e+00 7.3590e+00
4.9819e+00 7.3677e+00 4.2322e-01 7.7821e+00 7.0650e+00
5.0982e+00 7.0720e+00 4.1124e-01 7.4745e+00 6.7825e+00
5.2172e+00 6.7873e+00 3.9948e-01 7.1781e+00 6.5105e+00
5.3389e+00 6.5140e+00 3.8800e-01 6.8933e+00 6.2493e+00
5.4636e+00 6.2506e+00 3.7668e-01 6.6187e+00 5.9975e+00
5.5911e+00 5.9959e+00 3.6544e-01 6.3533e+00 5.7543e+00
5.7216e+00 5.7512e+00 3.5445e-01 6.0980e+00 5.5205e+00
5.8551e+00 5.5162e+00 3.4374e-01 5.8527e+00 5.2959e+00
5.9918e+00 5.2907e+00 3.3329e-01 5.6169e+00 5.0803e+00
6.1316e+00 5.0739e+00 3.2310e-01 5.3901e+00 4.8729e+00
6.2747e+00 4.8658e+00 3.1316e-01 5.1721e+00 4.6738e+00
6.4212e+00 4.6644e+00 3.0328e-01 4.9614e+00 4.4813e+00
6.5711e+00 4.4709e+00 2.9365e-01 4.7587e+00 4.2964e+00
6.7244e+00 4.2854e+00 2.8429e-01 4.5642e+00 4.1189e+00
6.8814e+00 4.1072e+00 2.7518e-01 4.3772e+00 3.9484e+00
7.0420e+00 3.9364e+00 2.6633e-01 4.1977e+00 3.7849e+00
7.2064e+00 3.7724e+00 2.5772e-01 4.0252e+00 3.6278e+00
7.3745e+00 3.6142e+00 2.4924e-01 3.8589e+00 3.4764e+00
7.5467e+00 3.4620e+00 2.4095e-01 3.6988e+00 3.3307e+00
7.7228e+00 3.3162e+00 2.3291e-01 3.5452e+00 3.1911e+00
7.9031e+00 3.1763e+00 2.2511e-01 3.3978e+00 3.0571e+00
8.0875e+00 3.0422e+00 2.1755e-01 3.2564e+00 2.9286e+00
8.2763e+00 2.9136e+00 2.1021e-01 3.1205e+00 2.8052e+00
8.4695e+00 2.7900e+00 2.0304e-01 2.9899e+00 2.6867e+00
8.6671e+00 2.6708e+00 1.9602e-01 2.8641e+00 2.5726e+00
8.8694e+00 2.5567e+00 1.8922e-01 2.7435e+00 2.4632e+00
9.0764e+00 2.4474e+00 1.8264e-01 2.6278e+00 2.3583e+00
9.2883e+00 2.3426e+00 1.7626e-01 2.5168e+00 2.2578e+00
9.5051e+00 2.2422e+00 1.7009e-01 2.4104e+00 2.1615e+00
9.7269e+00 2.1460e+00 1.6411e-01 2.3083e+00 2.0691e+00
9.9540e+00 2.0531e+00 1.5824e-01 2.2097e+00 1.9800e+00
1.0186e+01 1.9643e+00 1.5257e-01 2.1155e+00 1.8947e+00
1.0424e+01 1.8791e+00 1.4707e-01 2.0250e+00 1.8130e+00
1.0667e+01 1.7975e+00 1.4176e-01 1.9382e+00 1.7346e+00
1.0916e+01 1.7197e+00 1.3665e-01 1.8553e+00 1.6598e+00
1.1171e+01 1.6448e+00 1.3168e-01 1.7755e+00 1.5878e+00
1.1432e+01 1.5730e+00 1.2685e-01 1.6991e+00 1.5188e+00
1.1699e+01 1.5041e+00 1.2217e-01 1.6256e+00 1.4526e+00
1.1972e+01 1.4379e+00 1.1762e-01 1.5550e+00 1.3890e+00
1.2251e+01 1.3748e+00 1.1326e-01 1.4877e+00 1.3283e+00
1.2537e+01 1.3143e+00 1.0904e-01 1.4231e+00 1.2701e+00
1.2830e+01 1.2566e+00 1.0498e-01 1.3613e+00 1.2145e+00
1.3129e+01 1.2011e+00 1.0103e-01 1.3019e+00 1.1611e+00
1.3436e+01 1.1476e+00 9.7185e-02 1.2447e+00 1.1097e+00
1.3749e+01 1.0968e+00 9.3499e-02 1.1903e+00 1.0608e+00
1.4070e+01 1.0480e+00 8.9932e-02 1.1380e+00 1.0138e+00
1.4398e+01 1.0014e+00 8.6498e-02 1.0880e+00 9.6892e-01
1.4735e+01 9.5686e-01 8.3191e-02 1.0402e+00 9.2599e-01
1.5078e+01 9.1417e-01 7.9994e-02 9.9434e-01 8.8483e-01
1.5430e+01 8.7315e-01 7.6886e-02 9.5030e-01 8.4533e-01
1.5791e+01 8.3394e-01 7.3892e-02 9.0816e-01 8.0754e-01
1.6159e+01 7.9637e-01 7.1002e-02 8.6775e-01 7.7132e-01
1.6536e+01 7.6056e-01 6.8228e-02 8.2919e-01 7.3678e-01
1.6922e+01 7.2636e-01 6.5561e-02 7.9234e-01 7.0378e-01
1.7317e+01 6.9367e-01 6.2992e-02 7.5707e-01 6.7222e-01
1.7721e+01 6.6218e-01 6.0491e-02 7.2312e-01 6.4184e-01
1.8135e+01 6.3213e-01 5.8086e-02 6.9071e-01 6.1285e-01
1.8558e+01 6.0339e-01 5.5771e-02 6.5968e-01 5.8511e-01
1.8991e+01 5.7596e-01 5.3546e-02 6.3004e-01 5.5862e-01
1.9435e+01 5.4976e-01 5.1406e-02 6.0170e-01 5.3330e-01
1.9888e+01 5.2477e-01 4.9352e-02 5.7465e-01 5.0915e-01
2.0352e+01 5.0073e-01 4.7360e-02 5.4862e-01 4.8592e-01
2.0828e+01 4.7776e-01 4.5440e-02 5.2376e-01 4.6374e-01
2.1314e+01 4.5581e-01 4.3593e-02 4.9998e-01 4.4252e-01
2.1811e+01 4.3488e-01 4.1821e-02 4.7728e-01 4.2228e-01
2.2320e+01 4.1490e-01 4.0120e-02 4.5560e-01 4.0296e-01
2.2841e+01 3.9579e-01 3.8481e-02 4.3483e-01 3.8446e-01
2.3374e+01 3.7757e-01 3.6910e-02 4.1503e-01 3.6682e-01
2.3920e+01 3.6003e-01 3.5383e-02 3.9597e-01 3.4986e-01
2.4478e+01 3.4334e-01 3.3922e-02 3.7784e-01 3.3371e-01
2.5049e+01 3.2740e-01 3.2518e-02 3.6049e-01 3.1828e-01
2.5634e+01 3.1219e-01 3.1170e-02 3.4392e-01 3.0355e-01
2.6232e+01 2.9767e-01 2.9876e-02 3.2809e-01 2.8948e-01
2.6845e+01 2.8383e-01 2.8636e-02 3.1299e-01 2.7606e-01
2.7471e+01 2.7057e-01 2.7437e-02 2.9854e-01 2.6322e-01
2.8112e+01 2.5789e-01 2.6285e-02 2.8471e-01 2.5094e-01
2.8769e+01 2.4579e-01 2.5178e-02 2.7149e-01 2.3921e-01
2.9440e+01 2.3425e-01 2.4117e-02 2.5889e-01 2.2802e-01
3.0127e+01 2.2327e-01 2.3102e-02 2.4687e-01 2.1737e-01
3.0830e+01 2.1276e-01 2.2126e-02 2.3538e-01 2.0717e-01
3.1550e+01 2.0273e-01 2.1187e-02 2.2439e-01 1.9744e-01
3.2286e+01 1.9314e-01 2.0284e-02 2.1390e-01 1.8814e-01
3.3040e+01 1.8400e-01 1.9418e-02 2.0388e-01 1.7926e-01
3.3811e+01 1.7527e-01 1.8587e-02 1.9432e-01 1.7080e-01
3.4600e+01 1.6697e-01 1.7793e-02 1.8520e-01 1.6273e-01
3.5408e+01 1.5904e-01 1.7031e-02 1.7650e-01 1.5503e-01
3.6234e+01 1.5148e-01 1.6299e-02 1.6819e-01 1.4768e-01
3.7080e+01 1.4424e-01 1.5594e-02 1.6025e-01 1.4065e-01
3.7945e+01 1.3734e-01 1.4919e-02 1.5266e-01 1.3395e-01
3.8831e+01 1.3076e-01 1.4272e-02 1.4543e-01 1.2756e-01
3.9737e+01 1.2450e-01 1.3653e-02 1.3854e-01 1.2147e-01
4.0665e+01 1.1853e-01 1.3059e-02 1.3196e-01 1.1566e-01
4.1614e+01 1.1285e-01 1.2492e-02 1.2570e-01 1.1014e-01
4.2585e+01 1.0741e-01 1.1945e-02 1.1970e-01 1.0484e-01
4.3579e+01 1.0221e-01 1.1420e-02 1.1397e-01 9.9792e-02
4.4596e+01 9.7276e-02 1.0919e-02 1.0852e-01 9.4988e-02
4.5637e+01 9.2566e-02 1.0438e-02 1.0332e-01 9.0404e-02
4.6702e+01 8.8086e-02 9.9788e-03 9.8372e-02 8.6042e-02
4.7792e+01 8.3817e-02 9.5391e-03 9.3650e-02 8.1883e-02
4.8908e+01 7.9738e-02 9.1165e-03 8.9140e-02 7.7911e-02
5.0049e+01 7.5845e-02 8.7109e-03 8.4835e-02 7.4121e-02
5.1218e+01 7.2136e-02 8.3228e-03 8.0730e-02 7.0509e-02
5.2413e+01 6.8611e-02 7.9522e-03 7.6825e-02 6.7075e-02
5.3636e+01 6.5254e-02 7.5975e-03 7.3104e-02 6.3802e-02
5.4888e+01 6.2059e-02 7.2586e-03 6.9560e-02 6.0687e-02
5.6169e+01 5.9012e-02 6.9335e-03 6.6178e-02 5.7715e-02
5.7480e+01 5.6099e-02 6.6210e-03 6.2946e-02 5.4877e-02
5.8822e+01 5.3326e-02 6.3222e-03 5.9869e-02 5.2174e-02
6.0195e+01 5.0688e-02 6.0365e-03 5.6937e-02 4.9600e-02
6.1600e+01 4.8179e-02 5.7637e-03 5.4148e-02 4.7153e-02
6.3038e+01 4.5794e-02 5.5031e-03 5.1493e-02 4.4824e-02
6.4509e+01 4.3524e-02 5.2540e-03 4.8964e-02 4.2607e-02
6.6014e+01 4.1351e-02 5.0142e-03 4.6547e-02 4.0488e-02
6.7555e+01 3.9284e-02 4.7849e-03 4.4245e-02 3.8470e-02
6.9132e+01 3.7315e-02 4.5656e-03 4.2051e-02 3.6549e-02
7.0746e+01 3.5447e-02 4.3565e-03 3.9967e-02 3.4724e-02
7.2397e+01 3.3668e-02 4.1566e-03 3.7981e-02 3.2986e-02
7.4087e+01 3.1980e-02 3.9659e-03 3.6095e-02 3.1335e-02
7.5816e+01 3.0366e-02 3.7827e-03 3.4292e-02 2.9759e-02
7.7585e+01 2.8829e-02 3.6074e-03 3.2575e-02 2.8257e-02
7.9396e+01 2.7367e-02 3.4400e-03 3.0941e-02 2.6829e-02
8.1249e+01 2.5978e-02 3.2801e-03 2.9387e-02 2.5471e-02
8.3146e+01 2.4658e-02 3.1275e-03 2.7909e-02 2.4180e-02
8.5086e+01 2.3404e-02 2.9818e-03 2.6503e-02 2.2952e-02
8.7072e+01 2.2210e-02 2.8425e-03 2.5164e-02 2.1784e-02
8.9105e+01 2.1069e-02 2.7087e-03 2.3886e-02 2.0669e-02
9.1184e+01 1.9985e-02 2.5810e-03 2.2671e-02 1.9609e-02
9.3313e+01 1.8956e-02 2.4593e-03 2.1516e-02 1.8602e-02
9.5490e+01 1.7979e-02 2.3431e-03 2.0418e-02 1.7646e-02
9.7719e+01 1.7051e-02 2.2323e-03 1.9375e-02 1.6737e-02
1.0000e+02 1.6169e-02 2.1265e-03 1.8383e-02 1.5873e-02
