1.0000e-03 2.0517e-02 -4.9280e-03 1.5169e-02 2.0041e-02
1.0233e-03 2.2152e-02 -5.3207e-03 1.6381e-02 2.1640e-02
1.0472e-03 2.3911e-02 -5.7432e-03 1.7686e-02 2.3360e-02
1.0717e-03 2.5804e-02 -6.1978e-03 1.9091e-02 2.5212e-02
1.0967e-03 2.7843e-02 -6.6875e-03 2.0604e-02 2.7207e-02
1.1223e-03 3.0040e-02 -7.2149e-03 2.2235e-02 2.9356e-02
1.1485e-03 3.2409e-02 -7.7835e-03 2.3994e-02 3.1673e-02
1.1753e-03 3.4956e-02 -8.3953e-03 2.5887e-02 3.4166e-02
1.2027e-03 3.7705e-02 -9.0553e-03 2.7930e-02 3.6856e-02
1.2308e-03 4.0664e-02 -9.7659e-03 3.0130e-02 3.9752e-02
1.2595e-03 4.3852e-02 -1.0532e-02 3.2502e-02 4.2874e-02
1.2889e-03 4.7285e-02 -1.1356e-02 3.5056e-02 4.6235e-02
1.3190e-03 5.0978e-02 -1.2242e-02 3.7805e-02 4.9851e-02
1.3498e-03 5.4949e-02 -1.3196e-02 4.0762e-02 5.3741e-02
1.3813e-03 5.9219e-02 -1.4221e-02 4.3944e-02 5.7923e-02
1.4135e-03 6.3806e-02 -1.5322e-02 4.7363e-02 6.2418e-02
1.4465e-03 6.8724e-02 -1.6503e-02 5.1030e-02 6.7237e-02
1.4803e-03 7.4003e-02 -1.7770e-02 5.4968e-02 7.2411e-02
1.5148e-03 7.9662e-02 -1.9127e-02 5.9190e-02 7.7957e-02
1.5502e-03 8.5727e-02 -2.0582e-02 6.3718e-02 8.3903e-02
1.5864e-03 9.2229e-02 -2.2142e-02 6.8575e-02 9.0278e-02
1.6234e-03 9.9195e-02 -2.3812e-02 7.3781e-02 9.7109e-02
1.6613e-03 1.0666e-01 -2.5602e-02 7.9364e-02 1.0443e-01
1.7000e-03 1.1467e-01 -2.7522e-02 8.5353e-02 1.1229e-01
1.7397e-03 1.2327e-01 -2.9582e-02 9.1785e-02 1.2072e-01
1.7803e-03 1.3249e-01 -3.1789e-02 9.8684e-02 1.2977e-01
1.8219e-03 1.4238e-01 -3.4159e-02 1.0610e-01 1.3948e-01
1.8644e-03 1.5300e-01 -3.6702e-02 1.1405e-01 1.4990e-01
1.9079e-03 1.6438e-01 -3.9427e-02 1.2259e-01 1.6107e-01
1.9525e-03 1.7658e-01 -4.2349e-02 1.3174e-01 1.7306e-01
1.9980e-03 1.8967e-01 -4.5480e-02 1.4156e-01 1.8591e-01
2.0447e-03 2.0368e-01 -4.8831e-02 1.5208e-01 1.9967e-01
2.0924e-03 2.1867e-01 -5.2415e-02 1.6335e-01 2.1439e-01
2.1412e-03 2.3470e-01 -5.6248e-02 1.7540e-01 2.3015e-01
2.1912e-03 2.5185e-01 -6.0344e-02 1.8830e-01 2.4700e-01
2.2423e-03 2.7018e-01 -6.4721e-02 2.0209e-01 2.6501e-01
2.2947e-03 2.8978e-01 -6.9397e-02 2.1685e-01 2.8428e-01
2.3482e-03 3.1073e-01 -7.4395e-02 2.3263e-01 3.0487e-01
2.4030e-03 3.3314e-01 -7.9738e-02 2.4953e-01 3.2691e-01
2.4591e-03 3.5714e-01 -8.5456e-02 2.6762e-01 3.5051e-01
2.5165e-03 3.8280e-01 -9.1566e-02 2.8699e-01 3.7574e-01
2.5753e-03 4.1023e-01 -9.8095e-02 3.0770e-01 4.0273e-01
2.6354e-03 4.3956e-01 -1.0507e-01 3.2986e-01 4.3158e-01
2.6969e-03 4.7086e-01 -1.1251e-01 3.5353e-01 4.6239e-01
2.7598e-03 5.0430e-01 -1.2046e-01 3.7883e-01 4.9530e-01
2.8242e-03 5.4001e-01 -1.2893e-01 4.0585e-01 5.3044e-01
2.8902e-03 5.7811e-01 -1.3796e-01 4.3470e-01 5.6794e-01
2.9576e-03 6.1875e-01 -1.4759e-01 4.6550e-01 6.0796e-01
3.0266e-03 6.6212e-01 -1.5786e-01 4.9838e-01 6.5066e-01
3.0973e-03 7.0839e-01 -1.6880e-01 5.3349e-01 6.9622e-01
3.1696e-03 7.5775e-01 -1.8047e-01 5.7097e-01 7.4484e-01
3.2436e-03 8.1043e-01 -1.9290e-01 6.1099e-01 7.9672e-01
3.3193e-03 8.6658e-01 -2.0614e-01 6.5368e-01 8.5204e-01
3.3967e-03 9.2644e-01 -2.2024e-01 6.9921e-01 9.1100e-01
3.4760e-03 9.9025e-01 -2.3526e-01 7.4778e-01 9.7387e-01
3.5572e-03 1.0581e+00 -2.5121e-01 7.9950e-01 1.0408e+00
3.6402e-03 1.1304e+00 -2.6818e-01 8.5460e-01 1.1120e+00
3.7251e-03 1.2075e+00 -2.8624e-01 9.1336e-01 1.1879e+00
3.8121e-03 1.2895e+00 -3.0545e-01 9.7600e-01 1.2688e+00
3.9011e-03 1.3768e+00 -3.2585e-01 1.0426e+00 1.3548e+00
3.9921e-03 1.4697e+00 -3.4754e-01 1.1137e+00 1.4464e+00
4.0853e-03 1.5684e+00 -3.7056e-01 1.1892e+00 1.5438e+00
4.1806e-03 1.6735e+00 -3.9503e-01 1.2696e+00 1.6474e+00
4.2782e-03 1.7851e+00 -4.2097e-01 1.3552e+00 1.7575e+00
4.3781e-03 1.9038e+00 -4.4852e-01 1.4462e+00 1.8746e+00
4.4803e-03 2.0299e+00 -4.7772e-01 1.5429e+00 1.9989e+00
4.5848e-03 2.1640e+00 -5.0871e-01 1.6459e+00 2.1311e+00
4.6918e-03 2.3063e+00 -5.4156e-01 1.7552e+00 2.2715e+00
4.8013e-03 2.4573e+00 -5.7635e-01 1.8714e+00 2.4205e+00
4.9134e-03 2.6175e+00 -6.1321e-01 1.9948e+00 2.5786e+00
5.0281e-03 2.7876e+00 -6.5224e-01 2.1258e+00 2.7465e+00
5.1454e-03 2.9681e+00 -6.9356e-01 2.2650e+00 2.9245e+00
5.2655e-03 3.1595e+00 -7.3730e-01 2.4127e+00 3.1134e+00
5.3884e-03 3.3623e+00 -7.8353e-01 2.5693e+00 3.3135e+00
5.5142e-03 3.5770e+00 -8.3237e-01 2.7353e+00 3.5254e+00
5.6429e-03 3.8046e+00 -8.8404e-01 2.9115e+00 3.7501e+00
5.7746e-03 4.0455e+00 -9.3859e-01 3.0982e+00 3.9879e+00
5.9094e-03 4.3007e+00 -9.9622e-01 3.2961e+00 4.2399e+00
6.0473e-03 4.5707e+00 -1.0570e+00 3.5056e+00 4.5064e+00
6.1885e-03 4.8564e+00 -1.1212e+00 3.7276e+00 4.7885e+00
6.3329e-03 5.1582e+00 -1.1889e+00 3.9624e+00 5.0865e+00
6.4807e-03 5.4773e+00 -1.2602e+00 4.2108e+00 5.4016e+00
6.6320e-03 5.8144e+00 -1.3353e+00 4.4737e+00 5.7347e+00
6.7868e-03 6.1705e+00 -1.4144e+00 4.7515e+00 6.0864e+00
6.9452e-03 6.5465e+00 -1.4976e+00 5.0452e+00 6.4577e+00
7.1073e-03 6.9432e+00 -1.5852e+00 5.3555e+00 6.8496e+00
7.2732e-03 7.3616e+00 -1.6773e+00 5.6831e+00 7.2630e+00
7.4429e-03 7.8025e+00 -1.7739e+00 6.0287e+00 7.6985e+00
7.6166e-03 8.2674e+00 -1.8756e+00 6.3937e+00 8.1580e+00
7.7944e-03 8.7572e+00 -1.9823e+00 6.7787e+00 8.6421e+00
7.9763e-03 9.2730e+00 -2.0942e+00 7.1845e+00 9.1518e+00
8.1625e-03 9.8157e+00 -2.2115e+00 7.6119e+00 9.6880e+00
8.3530e-03 1.0386e+01 -2.3344e+00 8.0622e+00 1.0252e+01
8.5480e-03 1.0986e+01 -2.4631e+00 8.5362e+00 1.0845e+01
8.7475e-03 1.1617e+01 -2.5978e+00 9.0350e+00 1.1469e+01
8.9517e-03 1.2279e+01 -2.7387e+00 9.5596e+00 1.2123e+01
9.1606e-03 1.2975e+01 -2.8860e+00 1.0111e+01 1.2811e+01
9.3744e-03 1.3704e+01 -3.0398e+00 1.0690e+01 1.3532e+01
9.5932e-03 1.4468e+01 -3.2003e+00 1.1299e+01 1.4288e+01
9.8171e-03 1.5270e+01 -3.3678e+00 1.1937e+01 1.5081e+01
1.0046e-02 1.6109e+01 -3.5424e+00 1.2607e+01 1.5911e+01
1.0281e-02 1.6987e+01 -3.7241e+00 1.3309e+01 1.6780e+01
1.0521e-02 1.7905e+01 -3.9133e+00 1.4044e+01 1.7689e+01
1.0766e-02 1.8866e+01 -4.1101e+00 1.4814e+01 1.8639e+01
1.1018e-02 1.9868e+01 -4.3143e+00 1.5619e+01 1.9631e+01
1.1275e-02 2.0915e+01 -4.5266e+00 1.6461e+01 2.0667e+01
1.1538e-02 2.2006e+01 -4.7466e+00 1.7341e+01 2.1747e+01
1.1807e-02 2.3144e+01 -4.9747e+00 1.8259e+01 2.2874e+01
1.2083e-02 2.4328e+01 -5.2107e+00 1.9217e+01 2.4047e+01
1.2365e-02 2.5561e+01 -5.4548e+00 2.0215e+01 2.5267e+01
1.2653e-02 2.6844e+01 -5.7072e+00 2.1256e+01 2.6537e+01
1.2949e-02 2.8175e+01 -5.9676e+00 2.2339e+01 2.7856e+01
1.3251e-02 2.9557e+01 -6.2363e+00 2.3465e+01 2.9226e+01
1.3560e-02 3.0991e+01 -6.5131e+00 2.4636e+01 3.0646e+01
1.3877e-02 3.2476e+01 -6.7979e+00 2.5851e+01 3.2118e+01
1.4201e-02 3.4012e+01 -7.0902e+00 2.7110e+01 3.3641e+01
1.4532e-02 3.5599e+01 -7.3899e+00 2.8413e+01 3.5213e+01
1.4871e-02 3.7236e+01 -7.6969e+00 2.9760e+01 3.6836e+01
1.5218e-02 3.8926e+01 -8.0114e+00 3.1154e+01 3.8512e+01
1.5573e-02 4.0670e+01 -8.3336e+00 3.2597e+01 4.0242e+01
1.5937e-02 4.2473e+01 -8.6641e+00 3.4091e+01 4.2031e+01
1.6309e-02 4.4339e+01 -9.0033e+00 3.5639e+01 4.3882e+01
1.6690e-02 4.6261e+01 -9.3498e+00 3.7237e+01 4.5789e+01
1.7079e-02 4.8235e+01 -9.7027e+00 3.8884e+01 4.7748e+01
1.7478e-02 5.0255e+01 -1.0061e+01 4.0572e+01 4.9753e+01
1.7886e-02 5.2315e+01 -1.0422e+01 4.2299e+01 5.1798e+01
1.8303e-02 5.4409e+01 -1.0785e+01 4.4059e+01 5.3878e+01
1.8730e-02 5.6540e+01 -1.1151e+01 4.5855e+01 5.5995e+01
1.9167e-02 5.8710e+01 -1.1520e+01 4.7687e+01 5.8149e+01
1.9615e-02 6.0922e+01 -1.1892e+01 4.9561e+01 6.0347e+01
2.0073e-02 6.3173e+01 -1.2267e+01 5.1473e+01 6.2585e+01
2.0541e-02 6.5455e+01 -1.2642e+01 5.3416e+01 6.4853e+01
2.1021e-02 6.7759e+01 -1.3016e+01 5.5385e+01 6.7144e+01
2.1511e-02 7.0078e+01 -1.3388e+01 5.7373e+01 6.9451e+01
2.2013e-02 7.2403e+01 -1.3755e+01 5.9371e+01 7.1763e+01
2.2527e-02 7.4732e+01 -1.4118e+01 6.1380e+01 7.4081e+01
2.3053e-02 7.7067e+01 -1.4476e+01 6.3401e+01 7.6404e+01
2.3591e-02 7.9408e+01 -1.4829e+01 6.5435e+01 7.8735e+01
2.4142e-02 8.1757e+01 -1.5179e+01 6.7482e+01 8.1075e+01
2.4705e-02 8.4115e+01 -1.5525e+01 6.9545e+01 8.3425e+01
2.5282e-02 8.6479e+01 -1.5866e+01 7.1617e+01 8.5779e+01
2.5872e-02 8.8836e+01 -1.6199e+01 7.3692e+01 8.8128e+01
2.6476e-02 9.1186e+01 -1.6526e+01 7.5768e+01 9.0471e+01
2.7094e-02 9.3523e+01 -1.6845e+01 7.7842e+01 9.2802e+01
2.7726e-02 9.5835e+01 -1.7154e+01 7.9903e+01 9.5109e+01
2.8373e-02 9.8121e+01 -1.7453e+01 8.1949e+01 9.7391e+01
2.9035e-02 1.0037e+02 -1.7738e+01 8.3967e+01 9.9633e+01
2.9713e-02 1.0257e+02 -1.8012e+01 8.5961e+01 1.0184e+02
3.0406e-02 1.0473e+02 -1.8271e+01 8.7920e+01 1.0399e+02
3.1116e-02 1.0684e+02 -1.8517e+01 8.9847e+01 1.0610e+02
3.1842e-02 1.0890e+02 -1.8749e+01 9.1741e+01 1.0817e+02
3.2586e-02 1.1092e+02 -1.8969e+01 9.3606e+01 1.1019e+02
3.3346e-02 1.1289e+02 -1.9176e+01 9.5436e+01 1.1216e+02
3.4124e-02 1.1483e+02 -1.9372e+01 9.7245e+01 1.1410e+02
3.4921e-02 1.1674e+02 -1.9558e+01 9.9035e+01 1.1602e+02
3.5736e-02 1.1862e+02 -1.9734e+01 1.0081e+02 1.1790e+02
3.6570e-02 1.2048e+02 -1.9903e+01 1.0257e+02 1.1977e+02
3.7424e-02 1.2234e+02 -2.0067e+01 1.0434e+02 1.2164e+02
3.8297e-02 1.2419e+02 -2.0223e+01 1.0611e+02 1.2350e+02
3.9191e-02 1.2604e+02 -2.0376e+01 1.0789e+02 1.2536e+02
4.0106e-02 1.2792e+02 -2.0526e+01 1.0969e+02 1.2724e+02
4.1042e-02 1.2980e+02 -2.0674e+01 1.1150e+02 1.2914e+02
4.2000e-02 1.3172e+02 -2.0822e+01 1.1336e+02 1.3106e+02
4.2980e-02 1.3367e+02 -2.0970e+01 1.1525e+02 1.3303e+02
4.3983e-02 1.3567e+02 -2.1121e+01 1.1719e+02 1.3504e+02
4.5010e-02 1.3774e+02 -2.1275e+01 1.1920e+02 1.3712e+02
4.6060e-02 1.3990e+02 -2.1437e+01 1.2129e+02 1.3929e+02
4.7135e-02 1.4217e+02 -2.1611e+01 1.2349e+02 1.4158e+02
4.8235e-02 1.4458e+02 -2.1800e+01 1.2582e+02 1.4401e+02
4.9361e-02 1.4713e+02 -2.2003e+01 1.2828e+02 1.4657e+02
5.0513e-02 1.4981e+02 -2.2218e+01 1.3087e+02 1.4927e+02
5.1692e-02 1.5262e+02 -2.2443e+01 1.3358e+02 1.5210e+02
5.2899e-02 1.5556e+02 -2.2679e+01 1.3641e+02 1.5505e+02
5.4134e-02 1.5860e+02 -2.2921e+01 1.3934e+02 1.5810e+02
5.5397e-02 1.6175e+02 -2.3171e+01 1.4238e+02 1.6128e+02
5.6690e-02 1.6499e+02 -2.3424e+01 1.4551e+02 1.6453e+02
5.8013e-02 1.6831e+02 -2.3681e+01 1.4873e+02 1.6787e+02
5.9367e-02 1.7169e+02 -2.3936e+01 1.5202e+02 1.7128e+02
6.0753e-02 1.7510e+02 -2.4184e+01 1.5534e+02 1.7471e+02
6.2171e-02 1.7851e+02 -2.4422e+01 1.5867e+02 1.7814e+02
6.3622e-02 1.8186e+02 -2.4644e+01 1.6197e+02 1.8151e+02
6.5107e-02 1.8514e+02 -2.4846e+01 1.6521e+02 1.8481e+02
6.6627e-02 1.8826e+02 -2.5020e+01 1.6833e+02 1.8796e+02
6.8182e-02 1.9113e+02 -2.5153e+01 1.7123e+02 1.9086e+02
6.9773e-02 1.9367e+02 -2.5232e+01 1.7385e+02 1.9343e+02
7.1402e-02 1.9584e+02 -2.5257e+01 1.7614e+02 1.9562e+02
7.3068e-02 1.9767e+02 -2.5234e+01 1.7813e+02 1.9748e+02
7.4773e-02 1.9915e+02 -2.5163e+01 1.7981e+02 1.9899e+02
7.6519e-02 2.0015e+02 -2.5029e+01 1.8107e+02 2.0002e+02
7.8305e-02 2.0052e+02 -2.4816e+01 1.8176e+02 2.0042e+02
8.0132e-02 2.0026e+02 -2.4524e+01 1.8187e+02 2.0018e+02
8.2003e-02 1.9948e+02 -2.4170e+01 1.8151e+02 1.9943e+02
8.3917e-02 1.9830e+02 -2.3771e+01 1.8077e+02 1.9828e+02
8.5875e-02 1.9676e+02 -2.3334e+01 1.7971e+02 1.9676e+02
8.7880e-02 1.9493e+02 -2.2870e+01 1.7837e+02 1.9496e+02
8.9931e-02 1.9290e+02 -2.2389e+01 1.7684e+02 1.9294e+02
9.2030e-02 1.9077e+02 -2.1903e+01 1.7522e+02 1.9084e+02
9.4178e-02 1.8868e+02 -2.1424e+01 1.7361e+02 1.8877e+02
9.6376e-02 1.8675e+02 -2.0970e+01 1.7214e+02 1.8685e+02
9.8625e-02 1.8508e+02 -2.0552e+01 1.7091e+02 1.8520e+02
1.0093e-01 1.8383e+02 -2.0186e+01 1.7006e+02 1.8396e+02
1.0328e-01 1.8310e+02 -1.9883e+01 1.6969e+02 1.8324e+02
1.0569e-01 1.8295e+02 -1.9646e+01 1.6986e+02 1.8312e+02
1.0816e-01 1.8344e+02 -1.9471e+01 1.7061e+02 1.8362e+02
1.1068e-01 1.8456e+02 -1.9363e+01 1.7194e+02 1.8474e+02
1.1327e-01 1.8620e+02 -1.9307e+01 1.7376e+02 1.8639e+02
1.1591e-01 1.8825e+02 -1.9291e+01 1.7597e+02 1.8845e+02
1.1862e-01 1.9052e+02 -1.9295e+01 1.7840e+02 1.9073e+02
1.2139e-01 1.9278e+02 -1.9294e+01 1.8082e+02 1.9300e+02
1.2422e-01 1.9482e+02 -1.9263e+01 1.8304e+02 1.9505e+02
1.2712e-01 1.9638e+02 -1.9176e+01 1.8480e+02 1.9660e+02
1.3009e-01 1.9725e+02 -1.9023e+01 1.8592e+02 1.9747e+02
1.3312e-01 1.9728e+02 -1.8788e+01 1.8624e+02 1.9749e+02
1.3623e-01 1.9634e+02 -1.8465e+01 1.8565e+02 1.9654e+02
1.3941e-01 1.9442e+02 -1.8057e+01 1.8413e+02 1.9462e+02
1.4266e-01 1.9162e+02 -1.7571e+01 1.8175e+02 1.9180e+02
1.4599e-01 1.8811e+02 -1.7021e+01 1.7868e+02 1.8827e+02
1.4940e-01 1.8410e+02 -1.6438e+01 1.7513e+02 1.8423e+02
1.5289e-01 1.7990e+02 -1.5850e+01 1.7139e+02 1.8002e+02
1.5645e-01 1.7594e+02 -1.5296e+01 1.6786e+02 1.7604e+02
1.6011e-01 1.7250e+02 -1.4798e+01 1.6481e+02 1.7257e+02
1.6384e-01 1.6996e+02 -1.4386e+01 1.6261e+02 1.7000e+02
1.6767e-01 1.6839e+02 -1.4053e+01 1.6132e+02 1.6841e+02
1.7158e-01 1.6779e+02 -1.3803e+01 1.6096e+02 1.6777e+02
1.7559e-01 1.6797e+02 -1.3622e+01 1.6134e+02 1.6792e+02
1.7968e-01 1.6865e+02 -1.3482e+01 1.6221e+02 1.6857e+02
1.8388e-01 1.6950e+02 -1.3357e+01 1.6323e+02 1.6938e+02
1.8817e-01 1.7011e+02 -1.3213e+01 1.6403e+02 1.6995e+02
1.9256e-01 1.7007e+02 -1.3012e+01 1.6418e+02 1.6987e+02
1.9706e-01 1.6902e+02 -1.2731e+01 1.6336e+02 1.6877e+02
2.0166e-01 1.6684e+02 -1.2372e+01 1.6144e+02 1.6655e+02
2.0636e-01 1.6366e+02 -1.1947e+01 1.5854e+02 1.6332e+02
2.1118e-01 1.5984e+02 -1.1487e+01 1.5502e+02 1.5947e+02
2.1611e-01 1.5583e+02 -1.1023e+01 1.5129e+02 1.5541e+02
2.2115e-01 1.5208e+02 -1.0586e+01 1.4781e+02 1.5162e+02
2.2631e-01 1.4897e+02 -1.0193e+01 1.4494e+02 1.4847e+02
2.3160e-01 1.4678e+02 -9.8721e+00 1.4295e+02 1.4624e+02
2.3700e-01 1.4548e+02 -9.6164e+00 1.4182e+02 1.4488e+02
2.4253e-01 1.4484e+02 -9.4092e+00 1.4134e+02 1.4419e+02
2.4819e-01 1.4446e+02 -9.2220e+00 1.4110e+02 1.4375e+02
2.5399e-01 1.4382e+02 -9.0211e+00 1.4060e+02 1.4305e+02
2.5991e-01 1.4249e+02 -8.7696e+00 1.3943e+02 1.4167e+02
2.6598e-01 1.4030e+02 -8.4708e+00 1.3741e+02 1.3944e+02
2.7219e-01 1.3741e+02 -8.1373e+00 1.3470e+02 1.3651e+02
2.7854e-01 1.3413e+02 -7.7894e+00 1.3159e+02 1.3318e+02
2.8504e-01 1.3091e+02 -7.4545e+00 1.2854e+02 1.2993e+02
2.9170e-01 1.2814e+02 -7.1541e+00 1.2593e+02 1.2712e+02
2.9850e-01 1.2604e+02 -6.8913e+00 1.2396e+02 1.2498e+02
3.0547e-01 1.2452e+02 -6.6623e+00 1.2256e+02 1.2342e+02
3.1260e-01 1.2325e+02 -6.4516e+00 1.2141e+02 1.2210e+02
3.1990e-01 1.2186e+02 -6.2390e+00 1.2013e+02 1.2066e+02
3.2736e-01 1.2005e+02 -6.0102e+00 1.1843e+02 1.1881e+02
3.3500e-01 1.1771e+02 -5.7609e+00 1.1620e+02 1.1643e+02
3.4282e-01 1.1504e+02 -5.4999e+00 1.1365e+02 1.1373e+02
3.5082e-01 1.1238e+02 -5.2414e+00 1.1110e+02 1.1105e+02
3.5901e-01 1.1002e+02 -5.0039e+00 1.0885e+02 1.0867e+02
3.6739e-01 1.0805e+02 -4.7901e+00 1.0697e+02 1.0666e+02
3.7597e-01 1.0635e+02 -4.5942e+00 1.0536e+02 1.0493e+02
3.8474e-01 1.0467e+02 -4.4036e+00 1.0375e+02 1.0321e+02
3.9372e-01 1.0277e+02 -4.2090e+00 1.0193e+02 1.0128e+02
4.0291e-01 1.0058e+02 -4.0025e+00 9.9830e+01 9.9082e+01
4.1232e-01 9.8281e+01 -3.7979e+00 9.7616e+01 9.6775e+01
4.2194e-01 9.6081e+01 -3.6031e+00 9.5493e+01 9.4562e+01
4.3179e-01 9.4092e+01 -3.4219e+00 9.3574e+01 9.2557e+01
4.4187e-01 9.2268e+01 -3.2520e+00 9.1815e+01 9.0715e+01
4.5218e-01 9.0474e+01 -3.0880e+00 9.0080e+01 8.8901e+01
4.6273e-01 8.8562e+01 -2.9222e+00 8.8233e+01 8.6983e+01
4.7353e-01 8.6543e+01 -2.7567e+00 8.6278e+01 8.4963e+01
4.8459e-01 8.4538e+01 -2.5971e+00 8.4333e+01 8.2957e+01
4.9590e-01 8.2627e+01 -2.4455e+00 8.2477e+01 8.1044e+01
5.0747e-01 8.0825e+01 -2.3020e+00 8.0724e+01 7.9236e+01
5.1931e-01 7.9056e+01 -2.1642e+00 7.9001e+01 7.7462e+01
5.3144e-01 7.7250e+01 -2.0289e+00 7.7241e+01 7.5657e+01
5.4384e-01 7.5404e+01 -1.8956e+00 7.5445e+01 7.3820e+01
5.5653e-01 7.3596e+01 -1.7679e+00 7.3683e+01 7.2021e+01
5.6952e-01 7.1855e+01 -1.6463e+00 7.1984e+01 7.0287e+01
5.8282e-01 7.0162e+01 -1.5302e+00 7.0329e+01 6.8601e+01
5.9642e-01 6.8477e+01 -1.4185e+00 6.8677e+01 6.6922e+01
6.1034e-01 6.6801e+01 -1.3111e+00 6.7032e+01 6.5252e+01
6.2458e-01 6.5126e+01 -1.2064e+00 6.5395e+01 6.3596e+01
6.3916e-01 6.3493e+01 -1.1064e+00 6.3797e+01 6.1979e+01
6.5408e-01 6.1897e+01 -1.0111e+00 6.2232e+01 6.0400e+01
6.6935e-01 6.0334e+01 -9.2025e-01 6.0697e+01 5.8852e+01
6.8497e-01 5.8799e+01 -8.3353e-01 5.9185e+01 5.7331e+01
7.0096e-01 5.7288e+01 -7.5086e-01 5.7696e+01 5.5834e+01
7.1732e-01 5.5789e+01 -6.7124e-01 5.6223e+01 5.4356e+01
7.3406e-01 5.4314e+01 -5.9522e-01 5.4773e+01 5.2904e+01
7.5119e-01 5.2865e+01 -5.2295e-01 5.3346e+01 5.1477e+01
7.6873e-01 5.1449e+01 -4.5437e-01 5.1949e+01 5.0082e+01
7.8667e-01 5.0062e+01 -3.8935e-01 5.0578e+01 4.8715e+01
8.0503e-01 4.8701e+01 -3.2772e-01 4.9231e+01 4.7373e+01
8.2382e-01 4.7363e+01 -2.6919e-01 4.7908e+01 4.6058e+01
8.4305e-01 4.6043e+01 -2.1356e-01 4.6605e+01 4.4765e+01
8.6272e-01 4.4750e+01 -1.6104e-01 4.5326e+01 4.3497e+01
8.8286e-01 4.3489e+01 -1.1152e-01 4.4077e+01 4.2260e+01
9.0347e-01 4.2256e+01 -6.4896e-02 4.2854e+01 4.1051e+01
9.2455e-01 4.1055e+01 -2.1051e-02 4.1660e+01 3.9872e+01
9.4613e-01 3.9879e+01 2.0139e-02 4.0490e+01 3.8719e+01
9.6822e-01 3.8716e+01 5.8860e-02 3.9337e+01 3.7583e+01
9.9081e-01 3.7581e+01 9.5106e-02 3.8210e+01 3.6476e+01
1.0139e+00 3.6474e+01 1.2898e-01 3.7110e+01 3.5395e+01
1.0376e+00 3.5399e+01 1.6059e-01 3.6038e+01 3.4344e+01
1.0618e+00 3.4346e+01 1.9000e-01 3.4987e+01 3.3314e+01
1.0866e+00 3.3324e+01 2.1735e-01 3.3967e+01 3.2315e+01
1.1120e+00 3.2313e+01 2.4256e-01 3.2959e+01 3.1331e+01
1.1379e+00 3.1328e+01 2.6586e-01 3.1978e+01 3.0372e+01
1.1645e+00 3.0369e+01 2.8734e-01 3.1020e+01 2.9438e+01
1.1917e+00 2.9434e+01 3.0706e-01 3.0084e+01 2.8528e+01
1.2195e+00 2.8526e+01 3.2515e-01 2.9175e+01 2.7643e+01
1.2479e+00 2.7642e+01 3.4165e-01 2.8288e+01 2.6781e+01
1.2771e+00 2.6779e+01 3.5655e-01 2.7423e+01 2.5941e+01
1.3069e+00 2.5929e+01 3.6982e-01 2.6572e+01 2.5116e+01
1.3374e+00 2.5105e+01 3.8177e-01 2.5745e+01 2.4316e+01
1.3686e+00 2.4304e+01 3.9244e-01 2.4941e+01 2.3538e+01
1.4005e+00 2.3525e+01 4.0188e-01 2.4157e+01 2.2781e+01
1.4332e+00 2.2770e+01 4.1020e-01 2.3396e+01 2.2047e+01
1.4667e+00 2.2036e+01 4.1739e-01 2.2657e+01 2.1333e+01
1.5009e+00 2.1312e+01 4.2322e-01 2.1929e+01 2.0632e+01
1.5359e+00 2.0613e+01 4.2814e-01 2.1224e+01 1.9955e+01
1.5718e+00 1.9929e+01 4.3207e-01 2.0535e+01 1.9292e+01
1.6085e+00 1.9272e+01 4.3526e-01 1.9870e+01 1.8654e+01
1.6460e+00 1.8630e+01 4.3758e-01 1.9222e+01 1.8032e+01
1.6844e+00 1.8011e+01 4.3921e-01 1.8594e+01 1.7431e+01
1.7237e+00 1.7401e+01 4.3977e-01 1.7978e+01 1.6841e+01
1.7640e+00 1.6811e+01 4.3967e-01 1.7380e+01 1.6269e+01
1.8051e+00 1.6238e+01 4.3895e-01 1.6800e+01 1.5715e+01
1.8473e+00 1.5684e+01 4.3771e-01 1.6238e+01 1.5179e+01
1.8904e+00 1.5147e+01 4.3591e-01 1.5692e+01 1.4658e+01
1.9345e+00 1.4626e+01 4.3364e-01 1.5163e+01 1.4154e+01
1.9797e+00 1.4120e+01 4.3076e-01 1.4648e+01 1.3664e+01
2.0259e+00 1.3626e+01 4.2729e-01 1.4146e+01 1.3186e+01
2.0732e+00 1.3149e+01 4.2350e-01 1.3661e+01 1.2726e+01
2.1216e+00 1.2688e+01 4.1935e-01 1.3190e+01 1.2279e+01
2.1711e+00 1.2241e+01 4.1489e-01 1.2734e+01 1.1847e+01
2.2217e+00 1.1809e+01 4.1015e-01 1.2293e+01 1.1428e+01
2.2736e+00 1.1391e+01 4.0512e-01 1.1865e+01 1.1024e+01
2.3267e+00 1.0982e+01 3.9959e-01 1.1447e+01 1.0629e+01
2.3810e+00 1.0586e+01 3.9388e-01 1.1043e+01 1.0247e+01
2.4365e+00 1.0205e+01 3.8801e-01 1.0653e+01 9.8779e+00
2.4934e+00 9.8368e+00 3.8201e-01 1.0276e+01 9.5221e+00
2.5516e+00 9.4802e+00 3.7584e-01 9.9095e+00 9.1771e+00
2.6112e+00 9.1362e+00 3.6958e-01 9.5560e+00 8.8442e+00
2.6721e+00 8.8009e+00 3.6300e-01 9.2119e+00 8.5204e+00
2.7345e+00 8.4763e+00 3.5631e-01 8.8785e+00 8.2068e+00
2.7983e+00 8.1633e+00 3.4958e-01 8.5566e+00 7.9045e+00
2.8636e+00 7.8609e+00 3.4280e-01 8.2452e+00 7.6121e+00
2.9304e+00 7.5697e+00 3.3602e-01 7.9450e+00 7.3306e+00
2.9988e+00 7.2883e+00 3.2922e-01 7.6546e+00 7.0583e+00
3.0688e+00 7.0153e+00 3.2228e-01 7.3728e+00 6.7945e+00
3.1405e+00 6.7510e+00 3.1528e-01 7.1001e+00 6.5392e+00
3.2138e+00 6.4959e+00 3.0831e-01 6.8366e+00 6.2928e+00
3.2888e+00 6.2500e+00 3.0137e-01 6.5823e+00 6.0552e+00
3.3655e+00 6.0132e+00 2.9449e-01 6.3370e+00 5.8262e+00
3.4441e+00 5.7846e+00 2.8765e-01 6.1000e+00 5.6050e+00
3.5245e+00 5.5639e+00 2.8083e-01 5.8710e+00 5.3916e+00
3.6067e+00 5.3498e+00 2.7397e-01 5.6492e+00 5.1849e+00
3.6909e+00 5.1434e+00 2.6717e-01 5.4350e+00 4.9854e+00
3.7771e+00 4.9447e+00 2.6046e-01 5.2285e+00 4.7934e+00
3.8652e+00 4.7535e+00 2.5385e-01 5.0296e+00 4.6085e+00
3.9554e+00 4.5692e+00 2.4734e-01 4.8377e+00 4.4302e+00
4.0478e+00 4.3919e+00 2.4092e-01 4.6529e+00 4.2586e+00
4.1422e+00 4.2195e+00 2.3446e-01 4.4733e+00 4.0920e+00
4.2389e+00 4.0537e+00 2.2812e-01 4.3004e+00 3.9317e+00
4.3379e+00 3.8939e+00 2.2187e-01 4.1337e+00 3.7772e+00
4.4391e+00 3.7402e+00 2.1575e-01 3.9731e+00 3.6286e+00
4.5427e+00 3.5925e+00 2.0976e-01 3.8187e+00 3.4857e+00
4.6487e+00 3.4504e+00 2.0387e-01 3.6698e+00 3.3481e+00
4.7572e+00 3.3129e+00 1.9804e-01 3.5259e+00 3.2151e+00
4.8683e+00 3.1802e+00 1.9228e-01 3.3870e+00 3.0868e+00
4.9819e+00 3.0528e+00 1.8666e-01 3.2534e+00 2.9636e+00
5.0982e+00 2.9301e+00 1.8115e-01 3.1247e+00 2.8448e+00
5.2172e+00 2.8122e+00 1.7577e-01 3.0008e+00 2.7307e+00
5.3389e+00 2.6991e+00 1.7053e-01 2.8819e+00 2.6212e+00
5.4636e+00 2.5900e+00 1.6537e-01 2.7671e+00 2.5155e+00
5.5911e+00 2.4845e+00 1.6027e-01 2.6561e+00 2.4134e+00
5.7216e+00 2.3831e+00 1.5530e-01 2.5494e+00 2.3153e+00
5.8551e+00 2.2858e+00 1.5046e-01 2.4469e+00 2.2211e+00
5.9918e+00 2.1924e+00 1.4575e-01 2.3483e+00 2.1306e+00
6.1316e+00 2.1026e+00 1.4116e-01 2.2535e+00 2.0435e+00
6.2747e+00 2.0164e+00 1.3669e-01 2.1624e+00 1.9600e+00
6.4212e+00 1.9330e+00 1.3227e-01 2.0743e+00 1.8792e+00
6.5711e+00 1.8529e+00 1.2797e-01 1.9896e+00 1.8016e+00
6.7244e+00 1.7760e+00 1.2379e-01 1.9083e+00 1.7272e+00
6.8814e+00 1.7022e+00 1.1973e-01 1.8301e+00 1.6557e+00
7.0420e+00 1.6315e+00 1.1578e-01 1.7551e+00 1.5871e+00
7.2064e+00 1.5636e+00 1.1195e-01 1.6830e+00 1.5212e+00
7.3745e+00 1.4981e+00 1.0819e-01 1.6135e+00 1.4577e+00
7.5467e+00 1.4350e+00 1.0452e-01 1.5466e+00 1.3966e+00
7.7228e+00 1.3746e+00 1.0097e-01 1.4824e+00 1.3380e+00
7.9031e+00 1.3167e+00 9.7525e-02 1.4208e+00 1.2818e+00
8.0875e+00 1.2612e+00 9.4183e-02 1.3616e+00 1.2279e+00
8.2763e+00 1.2079e+00 9.0943e-02 1.3048e+00 1.1762e+00
8.4695e+00 1.1567e+00 8.7789e-02 1.2502e+00 1.1265e+00
8.6671e+00 1.1073e+00 8.4706e-02 1.1977e+00 1.0786e+00
8.8694e+00 1.0601e+00 8.1723e-02 1.1472e+00 1.0328e+00
9.0764e+00 1.0148e+00 7.8833e-02 1.0988e+00 9.8877e-01
9.2883e+00 9.7135e-01 7.6038e-02 1.0524e+00 9.4660e-01
9.5051e+00 9.2977e-01 7.3334e-02 1.0079e+00 9.0620e-01
9.7269e+00 8.8991e-01 7.0716e-02 9.6526e-01 8.6746e-01
9.9540e+00 8.5144e-01 6.8152e-02 9.2410e-01 8.3011e-01
1.0186e+01 8.1462e-01 6.5676e-02 8.8466e-01 7.9435e-01
1.0424e+01 7.7934e-01 6.3282e-02 8.4684e-01 7.6007e-01
1.0667e+01 7.4552e-01 6.0966e-02 8.1055e-01 7.2720e-01
1.0916e+01 7.1331e-01 5.8742e-02 7.7595e-01 6.9587e-01
1.1171e+01 6.8225e-01 5.6576e-02 7.4256e-01 6.6565e-01
1.1432e+01 6.5253e-01 5.4480e-02 7.1062e-01 6.3676e-01
1.1699e+01 6.2395e-01 5.2445e-02 6.7990e-01 6.0898e-01
1.1972e+01 5.9650e-01 5.0472e-02 6.5036e-01 5.8229e-01
1.2251e+01 5.7034e-01 4.8578e-02 6.2219e-01 5.5684e-01
1.2537e+01 5.4535e-01 4.6755e-02 5.9524e-01 5.3251e-01
1.2830e+01 5.2138e-01 4.4990e-02 5.6937e-01 5.0917e-01
1.3129e+01 4.9841e-01 4.3283e-02 5.4458e-01 4.8680e-01
1.3436e+01 4.7621e-01 4.1617e-02 5.2063e-01 4.6521e-01
1.3749e+01 4.5515e-01 4.0025e-02 4.9789e-01 4.4471e-01
1.4070e+01 4.3494e-01 3.8484e-02 4.7603e-01 4.2503e-01
1.4398e+01 4.1562e-01 3.7001e-02 4.5513e-01 4.0621e-01
1.4735e+01 3.9715e-01 3.5573e-02 4.3513e-01 3.8821e-01
1.5078e+01 3.7945e-01 3.4193e-02 4.1595e-01 3.7095e-01
1.5430e+01 3.6245e-01 3.2854e-02 3.9753e-01 3.5439e-01
1.5791e+01 3.4619e-01 3.1565e-02 3.7992e-01 3.3856e-01
1.6159e+01 3.3061e-01 3.0320e-02 3.6302e-01 3.2337e-01
1.6536e+01 3.1577e-01 2.9126e-02 3.4690e-01 3.0890e-01
1.6922e+01 3.0159e-01 2.7978e-02 3.3149e-01 2.9507e-01
1.7317e+01 2.8802e-01 2.6872e-02 3.1673e-01 2.8183e-01
1.7721e+01 2.7497e-01 2.5798e-02 3.0254e-01 2.6910e-01
1.8135e+01 2.6250e-01 2.4766e-02 2.8898e-01 2.5695e-01
1.8558e+01 2.5059e-01 2.3772e-02 2.7601e-01 2.4532e-01
1.8991e+01 2.3921e-01 2.2817e-02 2.6362e-01 2.3422e-01
1.9435e+01 2.2834e-01 2.1899e-02 2.5177e-01 2.2361e-01
1.9888e+01 2.1798e-01 2.1017e-02 2.4045e-01 2.1348e-01
2.0352e+01 2.0800e-01 2.0163e-02 2.2957e-01 2.0375e-01
2.0828e+01 1.9848e-01 1.9340e-02 2.1917e-01 1.9445e-01
2.1314e+01 1.8937e-01 1.8550e-02 2.0923e-01 1.8556e-01
2.1811e+01 1.8069e-01 1.7791e-02 1.9973e-01 1.7707e-01
2.2320e+01 1.7240e-01 1.7063e-02 1.9067e-01 1.6897e-01
2.2841e+01 1.6447e-01 1.6362e-02 1.8198e-01 1.6122e-01
2.3374e+01 1.5691e-01 1.5690e-02 1.7370e-01 1.5383e-01
2.3920e+01 1.4963e-01 1.5037e-02 1.6573e-01 1.4672e-01
2.4478e+01 1.4271e-01 1.4413e-02 1.5815e-01 1.3996e-01
2.5049e+01 1.3609e-01 1.3813e-02 1.5089e-01 1.3349e-01
2.5634e+01 1.2978e-01 1.3237e-02 1.4396e-01 1.2731e-01
2.6232e+01 1.2375e-01 1.2685e-02 1.3734e-01 1.2142e-01
2.6845e+01 1.1801e-01 1.2155e-02 1.3103e-01 1.1579e-01
2.7471e+01 1.1250e-01 1.1644e-02 1.2498e-01 1.1041e-01
2.8112e+01 1.0724e-01 1.1152e-02 1.1920e-01 1.0526e-01
2.8769e+01 1.0222e-01 1.0681e-02 1.1367e-01 1.0035e-01
2.9440e+01 9.7428e-02 1.0228e-02 1.0840e-01 9.5658e-02
3.0127e+01 9.2864e-02 9.7952e-03 1.0337e-01 9.1189e-02
3.0830e+01 8.8511e-02 9.3799e-03 9.8566e-02 8.6923e-02
3.1550e+01 8.4344e-02 8.9799e-03 9.3972e-02 8.2843e-02
3.2286e+01 8.0361e-02 8.5954e-03 8.9580e-02 7.8944e-02
3.3040e+01 7.6563e-02 8.2268e-03 8.5390e-02 7.5225e-02
3.3811e+01 7.2941e-02 7.8735e-03 8.1390e-02 7.1676e-02
3.4600e+01 6.9492e-02 7.5354e-03 7.7578e-02 6.8295e-02
3.5408e+01 6.6202e-02 7.2113e-03 7.3939e-02 6.5070e-02
3.6234e+01 6.3061e-02 6.9002e-03 7.0463e-02 6.1989e-02
3.7080e+01 6.0055e-02 6.6007e-03 6.7139e-02 5.9044e-02
3.7945e+01 5.7189e-02 6.3137e-03 6.3967e-02 5.6235e-02
3.8831e+01 5.4457e-02 6.0388e-03 6.0940e-02 5.3556e-02
3.9737e+01 5.1857e-02 5.7760e-03 5.8058e-02 5.1005e-02
4.0665e+01 4.9376e-02 5.5239e-03 5.5306e-02 4.8570e-02
4.1614e+01 4.7016e-02 5.2831e-03 5.2685e-02 4.6253e-02
4.2585e+01 4.4754e-02 5.0509e-03 5.0176e-02 4.4035e-02
4.3579e+01 4.2596e-02 4.8283e-03 4.7781e-02 4.1918e-02
4.4596e+01 4.0544e-02 4.6156e-03 4.5502e-02 3.9904e-02
4.5637e+01 3.8586e-02 4.4118e-03 4.3326e-02 3.7983e-02
4.6702e+01 3.6725e-02 4.2171e-03 4.1254e-02 3.6154e-02
4.7792e+01 3.4950e-02 4.0307e-03 3.9279e-02 3.4411e-02
4.8908e+01 3.3255e-02 3.8517e-03 3.7392e-02 3.2747e-02
5.0049e+01 3.1637e-02 3.6798e-03 3.5590e-02 3.1157e-02
5.1218e+01 3.0096e-02 3.5155e-03 3.3873e-02 2.9644e-02
5.2413e+01 2.8630e-02 3.3586e-03 3.2239e-02 2.8204e-02
5.3636e+01 2.7234e-02 3.2085e-03 3.0682e-02 2.6832e-02
5.4888e+01 2.5906e-02 3.0649e-03 2.9199e-02 2.5526e-02
5.6169e+01 2.4639e-02 2.9274e-03 2.7784e-02 2.4280e-02
5.7480e+01 2.3428e-02 2.7952e-03 2.6431e-02 2.3090e-02
5.8822e+01 2.2275e-02 2.6689e-03 2.5143e-02 2.1957e-02
6.0195e+01 2.1178e-02 2.5482e-03 2.3918e-02 2.0879e-02
6.1600e+01 2.0134e-02 2.4328e-03 2.2749e-02 1.9852e-02
6.3038e+01 1.9143e-02 2.3227e-03 2.1639e-02 1.8876e-02
6.4509e+01 1.8198e-02 2.2174e-03 2.0580e-02 1.7946e-02
6.6014e+01 1.7294e-02 2.1160e-03 1.9568e-02 1.7057e-02
6.7555e+01 1.6434e-02 2.0192e-03 1.8605e-02 1.6211e-02
6.9132e+01 1.5616e-02 1.9267e-03 1.7687e-02 1.5406e-02
7.0746e+01 1.4837e-02 1.8384e-03 1.6814e-02 1.4640e-02
7.2397e+01 1.4098e-02 1.7541e-03 1.5984e-02 1.3912e-02
7.4087e+01 1.3395e-02 1.6736e-03 1.5193e-02 1.3219e-02
7.5816e+01 1.2723e-02 1.5963e-03 1.4439e-02 1.2558e-02
7.7585e+01 1.2083e-02 1.5224e-03 1.3720e-02 1.1928e-02
7.9396e+01 1.1475e-02 1.4518e-03 1.3036e-02 1.1329e-02
8.1249e+01 1.0896e-02 1.3844e-03 1.2385e-02 1.0759e-02
8.3146e+01 1.0346e-02 1.3200e-03 1.1765e-02 1.0217e-02
8.5086e+01 9.8239e-03 1.2587e-03 1.1177e-02 9.7020e-03
8.7072e+01 9.3265e-03 1.2000e-03 1.0616e-02 9.2117e-03
8.9105e+01 8.8512e-03 1.1436e-03 1.0081e-02 8.7435e-03
9.1184e+01 8.3997e-03 1.0899e-03 9.5716e-03 8.2986e-03
9.3313e+01 7.9709e-03 1.0386e-03 9.0877e-03 7.8760e-03
9.5490e+01 7.5635e-03 9.8966e-04 8.6275e-03 7.4742e-03
9.7719e+01 7.1766e-03 9.4301e-04 8.1903e-03 7.0924e-03
1.0000e+02 6.8089e-03 8.9849e-04 7.7744e-03 6.7296e-03
