1.0000e-03 2.0519e-02 -4.9310e-03 1.5168e-02 2.0041e-02
1.0233e-03 2.2154e-02 -5.3240e-03 1.6380e-02 2.1640e-02
1.0472e-03 2.3913e-02 -5.7468e-03 1.7685e-02 2.3360e-02
1.0717e-03 2.5807e-02 -6.2017e-03 1.9089e-02 2.5212e-02
1.0967e-03 2.7846e-02 -6.6918e-03 2.0603e-02 2.7207e-02
1.1223e-03 3.0043e-02 -7.2196e-03 2.2233e-02 2.9356e-02
1.1485e-03 3.2412e-02 -7.7886e-03 2.3992e-02 3.1673e-02
1.1753e-03 3.4960e-02 -8.4008e-03 2.5885e-02 3.4166e-02
1.2027e-03 3.7709e-02 -9.0614e-03 2.7928e-02 3.6856e-02
1.2308e-03 4.0668e-02 -9.7725e-03 3.0128e-02 3.9752e-02
1.2595e-03 4.3857e-02 -1.0539e-02 3.2499e-02 4.2874e-02
1.2889e-03 4.7290e-02 -1.1364e-02 3.5053e-02 4.6235e-02
1.3190e-03 5.0984e-02 -1.2251e-02 3.7802e-02 4.9852e-02
1.3498e-03 5.4956e-02 -1.3205e-02 4.0759e-02 5.3741e-02
1.3813e-03 5.9226e-02 -1.4231e-02 4.3940e-02 5.7924e-02
1.4135e-03 6.3814e-02 -1.5333e-02 4.7360e-02 6.2418e-02
1.4465e-03 6.8732e-02 -1.6515e-02 5.1027e-02 6.7238e-02
1.4803e-03 7.4012e-02 -1.7783e-02 5.4964e-02 7.2411e-02
1.5148e-03 7.9671e-02 -1.9141e-02 5.9187e-02 7.7957e-02
1.5502e-03 8.5738e-02 -2.0597e-02 6.3715e-02 8.3903e-02
1.5864e-03 9.2241e-02 -2.2158e-02 6.8571e-02 9.0278e-02
1.6234e-03 9.9208e-02 -2.3830e-02 7.3776e-02 9.7109e-02
1.6613e-03 1.0668e-01 -2.5622e-02 7.9359e-02 1.0443e-01
1.7000e-03 1.1469e-01 -2.7543e-02 8.5348e-02 1.1229e-01
1.7397e-03 1.2329e-01 -2.9605e-02 9.1780e-02 1.2072e-01
1.7803e-03 1.3250e-01 -3.1815e-02 9.8679e-02 1.2977e-01
1.8219e-03 1.4240e-01 -3.4187e-02 1.0609e-01 1.3948e-01
1.8644e-03 1.5302e-01 -3.6731e-02 1.1404e-01 1.4990e-01
1.9079e-03 1.6440e-01 -3.9459e-02 1.2258e-01 1.6107e-01
1.9525e-03 1.7661e-01 -4.2384e-02 1.3174e-01 1.7306e-01
1.9980e-03 1.8970e-01 -4.5518e-02 1.4156e-01 1.8591e-01
2.0447e-03 2.0371e-01 -4.8872e-02 1.5208e-01 1.9967e-01
2.0924e-03 2.1870e-01 -5.2460e-02 1.6334e-01 2.1439e-01
2.1412e-03 2.3474e-01 -5.6297e-02 1.7540e-01 2.3015e-01
2.1912e-03 2.5189e-01 -6.0396e-02 1.8829e-01 2.4700e-01
2.2423e-03 2.7022e-01 -6.4778e-02 2.0208e-01 2.6501e-01
2.2947e-03 2.8982e-01 -6.9459e-02 2.1684e-01 2.8428e-01
2.3482e-03 3.1078e-01 -7.4462e-02 2.3262e-01 3.0488e-01
2.4030e-03 3.3320e-01 -7.9811e-02 2.4952e-01 3.2692e-01
2.4591e-03 3.5720e-01 -8.5534e-02 2.6762e-01 3.5051e-01
2.5165e-03 3.8286e-01 -9.1651e-02 2.8698e-01 3.7575e-01
2.5753e-03 4.1030e-01 -9.8187e-02 3.0769e-01 4.0273e-01
2.6354e-03 4.3963e-01 -1.0517e-01 3.2985e-01 4.3159e-01
2.6969e-03 4.7095e-01 -1.1262e-01 3.5352e-01 4.6239e-01
2.7598e-03 5.0439e-01 -1.2057e-01 3.7882e-01 4.9530e-01
2.8242e-03 5.4011e-01 -1.2906e-01 4.0584e-01 5.3045e-01
2.8902e-03 5.7821e-01 -1.3810e-01 4.3469e-01 5.6795e-01
2.9576e-03 6.1887e-01 -1.4774e-01 4.6549e-01 6.0796e-01
3.0266e-03 6.6225e-01 -1.5802e-01 4.9837e-01 6.5066e-01
3.0973e-03 7.0852e-01 -1.6897e-01 5.3348e-01 6.9622e-01
3.1696e-03 7.5790e-01 -1.8065e-01 5.7096e-01 7.4484e-01
3.2436e-03 8.1059e-01 -1.9310e-01 6.1098e-01 7.9672e-01
3.3193e-03 8.6676e-01 -2.0636e-01 6.5366e-01 8.5204e-01
3.3967e-03 9.2663e-01 -2.2047e-01 6.9919e-01 9.1100e-01
3.4760e-03 9.9045e-01 -2.3551e-01 7.4777e-01 9.7387e-01
3.5572e-03 1.0584e+00 -2.5148e-01 7.9949e-01 1.0408e+00
3.6402e-03 1.1307e+00 -2.6847e-01 8.5459e-01 1.1120e+00
3.7251e-03 1.2077e+00 -2.8655e-01 9.1335e-01 1.1879e+00
3.8121e-03 1.2898e+00 -3.0579e-01 9.7599e-01 1.2688e+00
3.9011e-03 1.3771e+00 -3.2622e-01 1.0426e+00 1.3548e+00
3.9921e-03 1.4700e+00 -3.4794e-01 1.1136e+00 1.4464e+00
4.0853e-03 1.5688e+00 -3.7098e-01 1.1892e+00 1.5438e+00
4.1806e-03 1.6739e+00 -3.9548e-01 1.2696e+00 1.6474e+00
4.2782e-03 1.7855e+00 -4.2146e-01 1.3552e+00 1.7575e+00
4.3781e-03 1.9043e+00 -4.4904e-01 1.4462e+00 1.8746e+00
4.4803e-03 2.0304e+00 -4.7828e-01 1.5429e+00 1.9989e+00
4.5848e-03 2.1645e+00 -5.0932e-01 1.6458e+00 2.1311e+00
4.6918e-03 2.3068e+00 -5.4221e-01 1.7552e+00 2.2715e+00
4.8013e-03 2.4579e+00 -5.7705e-01 1.8714e+00 2.4205e+00
4.9134e-03 2.6182e+00 -6.1396e-01 1.9948e+00 2.5786e+00
5.0281e-03 2.7883e+00 -6.5305e-01 2.1258e+00 2.7465e+00
5.1454e-03 2.9688e+00 -6.9442e-01 2.2650e+00 2.9245e+00
5.2655e-03 3.1603e+00 -7.3823e-01 2.4127e+00 3.1134e+00
5.3884e-03 3.3631e+00 -7.8452e-01 2.5693e+00 3.3135e+00
5.5142e-03 3.5779e+00 -8.3344e-01 2.7354e+00 3.5254e+00
5.6429e-03 3.8055e+00 -8.8518e-01 2.9116e+00 3.7501e+00
5.7746e-03 4.0465e+00 -9.3981e-01 3.0982e+00 3.9880e+00
5.9094e-03 4.3018e+00 -9.9753e-01 3.2961e+00 4.2399e+00
6.0473e-03 4.5719e+00 -1.0584e+00 3.5057e+00 4.5064e+00
6.1885e-03 4.8576e+00 -1.1227e+00 3.7276e+00 4.7885e+00
6.3329e-03 5.1596e+00 -1.1905e+00 3.9624e+00 5.0866e+00
6.4807e-03 5.4787e+00 -1.2619e+00 4.2109e+00 5.4017e+00
6.6320e-03 5.8160e+00 -1.3371e+00 4.4738e+00 5.7347e+00
6.7868e-03 6.1722e+00 -1.4163e+00 4.7516e+00 6.0864e+00
6.9452e-03 6.5483e+00 -1.4997e+00 5.0453e+00 6.4577e+00
7.1073e-03 6.9452e+00 -1.5874e+00 5.3556e+00 6.8496e+00
7.2732e-03 7.3637e+00 -1.6797e+00 5.6832e+00 7.2630e+00
7.4429e-03 7.8047e+00 -1.7765e+00 6.0288e+00 7.6986e+00
7.6166e-03 8.2697e+00 -1.8783e+00 6.3938e+00 8.1580e+00
7.7944e-03 8.7597e+00 -1.9852e+00 6.7788e+00 8.6421e+00
7.9763e-03 9.2757e+00 -2.0972e+00 7.1846e+00 9.1518e+00
8.1625e-03 9.8185e+00 -2.2147e+00 7.6121e+00 9.6881e+00
8.3530e-03 1.0389e+01 -2.3379e+00 8.0623e+00 1.0252e+01
8.5480e-03 1.0990e+01 -2.4668e+00 8.5364e+00 1.0845e+01
8.7475e-03 1.1620e+01 -2.6018e+00 9.0352e+00 1.1469e+01
8.9517e-03 1.2283e+01 -2.7429e+00 9.5598e+00 1.2123e+01
9.1606e-03 1.2979e+01 -2.8905e+00 1.0111e+01 1.2811e+01
9.3744e-03 1.3708e+01 -3.0445e+00 1.0691e+01 1.3532e+01
9.5932e-03 1.4473e+01 -3.2053e+00 1.1299e+01 1.4288e+01
9.8171e-03 1.5274e+01 -3.3732e+00 1.1937e+01 1.5081e+01
1.0046e-02 1.6114e+01 -3.5481e+00 1.2607e+01 1.5911e+01
1.0281e-02 1.6992e+01 -3.7302e+00 1.3309e+01 1.6780e+01
1.0521e-02 1.7911e+01 -3.9197e+00 1.4044e+01 1.7689e+01
1.0766e-02 1.8872e+01 -4.1168e+00 1.4814e+01 1.8639e+01
1.1018e-02 1.9874e+01 -4.3215e+00 1.5619e+01 1.9631e+01
1.1275e-02 2.0922e+01 -4.5342e+00 1.6462e+01 2.0667e+01
1.1538e-02 2.2013e+01 -4.7546e+00 1.7341e+01 2.1748e+01
1.1807e-02 2.3151e+01 -4.9832e+00 1.8260e+01 2.2874e+01
1.2083e-02 2.4336e+01 -5.2197e+00 1.9218e+01 2.4047e+01
1.2365e-02 2.5569e+01 -5.4643e+00 2.0216e+01 2.5267e+01
1.2653e-02 2.6853e+01 -5.7172e+00 2.1257e+01 2.6538e+01
1.2949e-02 2.8184e+01 -5.9782e+00 2.2340e+01 2.7856e+01
1.3251e-02 2.9567e+01 -6.2474e+00 2.3466e+01 2.9226e+01
1.3560e-02 3.1001e+01 -6.5248e+00 2.4637e+01 3.0646e+01
1.3877e-02 3.2487e+01 -6.8102e+00 2.5852e+01 3.2118e+01
1.4201e-02 3.4024e+01 -7.1032e+00 2.7111e+01 3.3641e+01
1.4532e-02 3.5611e+01 -7.4036e+00 2.8414e+01 3.5213e+01
1.4871e-02 3.7249e+01 -7.7113e+00 2.9761e+01 3.6836e+01
1.5218e-02 3.8940e+01 -8.0266e+00 3.1156e+01 3.8513e+01
1.5573e-02 4.0685e+01 -8.3495e+00 3.2598e+01 4.0243e+01
1.5937e-02 4.2488e+01 -8.6808e+00 3.4092e+01 4.2032e+01
1.6309e-02 4.4355e+01 -9.0208e+00 3.5641e+01 4.3882e+01
1.6690e-02 4.6278e+01 -9.3681e+00 3.7239e+01 4.5789e+01
1.7079e-02 4.8253e+01 -9.7220e+00 3.8886e+01 4.7748e+01
1.7478e-02 5.0274e+01 -1.0081e+01 4.0574e+01 4.9753e+01
1.7886e-02 5.2334e+01 -1.0443e+01 4.2301e+01 5.1798e+01
1.8303e-02 5.4429e+01 -1.0807e+01 4.4061e+01 5.3878e+01
1.8730e-02 5.6562e+01 -1.1174e+01 4.5857e+01 5.5995e+01
1.9167e-02 5.8732e+01 -1.1544e+01 4.7690e+01 5.8150e+01
1.9615e-02 6.0945e+01 -1.1917e+01 4.9563e+01 6.0347e+01
2.0073e-02 6.3198e+01 -1.2293e+01 5.1476e+01 6.2585e+01
2.0541e-02 6.5480e+01 -1.2669e+01 5.3420e+01 6.4854e+01
2.1021e-02 6.7785e+01 -1.3044e+01 5.5389e+01 6.7145e+01
2.1511e-02 7.0106e+01 -1.3417e+01 5.7377e+01 6.9452e+01
2.2013e-02 7.2431e+01 -1.3785e+01 5.9374e+01 7.1763e+01
2.2527e-02 7.4762e+01 -1.4149e+01 6.1384e+01 7.4081e+01
2.3053e-02 7.7098e+01 -1.4508e+01 6.3405e+01 7.6405e+01
2.3591e-02 7.9440e+01 -1.4863e+01 6.5439e+01 7.8736e+01
2.4142e-02 8.1790e+01 -1.5214e+01 6.7487e+01 8.1076e+01
2.4705e-02 8.4150e+01 -1.5561e+01 6.9550e+01 8.3425e+01
2.5282e-02 8.6514e+01 -1.5903e+01 7.1623e+01 8.5780e+01
2.5872e-02 8.8873e+01 -1.6238e+01 7.3698e+01 8.8129e+01
2.6476e-02 9.1224e+01 -1.6566e+01 7.5774e+01 9.0471e+01
2.7094e-02 9.3562e+01 -1.6886e+01 7.7848e+01 9.2803e+01
2.7726e-02 9.5876e+01 -1.7196e+01 7.9909e+01 9.5110e+01
2.8373e-02 9.8162e+01 -1.7496e+01 8.1956e+01 9.7392e+01
2.9035e-02 1.0041e+02 -1.7783e+01 8.3975e+01 9.9634e+01
2.9713e-02 1.0262e+02 -1.8057e+01 8.5968e+01 1.0184e+02
3.0406e-02 1.0478e+02 -1.8318e+01 8.7928e+01 1.0399e+02
3.1116e-02 1.0689e+02 -1.8565e+01 8.9856e+01 1.0610e+02
3.1842e-02 1.0895e+02 -1.8799e+01 9.1750e+01 1.0817e+02
3.2586e-02 1.1097e+02 -1.9020e+01 9.3615e+01 1.1019e+02
3.3346e-02 1.1294e+02 -1.9227e+01 9.5446e+01 1.1216e+02
3.4124e-02 1.1488e+02 -1.9424e+01 9.7255e+01 1.1411e+02
3.4921e-02 1.1679e+02 -1.9612e+01 9.9046e+01 1.1602e+02
3.5736e-02 1.1868e+02 -1.9789e+01 1.0082e+02 1.1790e+02
3.6570e-02 1.2054e+02 -1.9959e+01 1.0258e+02 1.1977e+02
3.7424e-02 1.2240e+02 -2.0124e+01 1.0435e+02 1.2164e+02
3.8297e-02 1.2425e+02 -2.0282e+01 1.0612e+02 1.2350e+02
3.9191e-02 1.2610e+02 -2.0436e+01 1.0790e+02 1.2536e+02
4.0106e-02 1.2798e+02 -2.0588e+01 1.0970e+02 1.2724e+02
4.1042e-02 1.2986e+02 -2.0736e+01 1.1152e+02 1.2914e+02
4.2000e-02 1.3178e+02 -2.0885e+01 1.1337e+02 1.3107e+02
4.2980e-02 1.3373e+02 -2.1035e+01 1.1526e+02 1.3303e+02
4.3983e-02 1.3574e+02 -2.1187e+01 1.1721e+02 1.3505e+02
4.5010e-02 1.3781e+02 -2.1343e+01 1.1921e+02 1.3713e+02
4.6060e-02 1.3997e+02 -2.1506e+01 1.2130e+02 1.3929e+02
4.7135e-02 1.4225e+02 -2.1682e+01 1.2351e+02 1.4159e+02
4.8235e-02 1.4466e+02 -2.1873e+01 1.2584e+02 1.4401e+02
4.9361e-02 1.4721e+02 -2.2077e+01 1.2830e+02 1.4658e+02
5.0513e-02 1.4989e+02 -2.2294e+01 1.3089e+02 1.4927e+02
5.1692e-02 1.5270e+02 -2.2522e+01 1.3360e+02 1.5210e+02
5.2899e-02 1.5564e+02 -2.2759e+01 1.3643e+02 1.5505e+02
5.4134e-02 1.5868e+02 -2.3003e+01 1.3936e+02 1.5811e+02
5.5397e-02 1.6184e+02 -2.3256e+01 1.4241e+02 1.6128e+02
5.6690e-02 1.6508e+02 -2.3511e+01 1.4554e+02 1.6453e+02
5.8013e-02 1.6840e+02 -2.3770e+01 1.4876e+02 1.6788e+02
5.9367e-02 1.7179e+02 -2.4028e+01 1.5205e+02 1.7128e+02
6.0753e-02 1.7520e+02 -2.4278e+01 1.5536e+02 1.7471e+02
6.2171e-02 1.7861e+02 -2.4519e+01 1.5870e+02 1.7814e+02
6.3622e-02 1.8196e+02 -2.4742e+01 1.6199e+02 1.8151e+02
6.5107e-02 1.8524e+02 -2.4947e+01 1.6524e+02 1.8481e+02
6.6627e-02 1.8837e+02 -2.5124e+01 1.6836e+02 1.8797e+02
6.8182e-02 1.9124e+02 -2.5258e+01 1.7126e+02 1.9086e+02
6.9773e-02 1.9378e+02 -2.5340e+01 1.7388e+02 1.9343e+02
7.1402e-02 1.9596e+02 -2.5366e+01 1.7617e+02 1.9563e+02
7.3068e-02 1.9779e+02 -2.5345e+01 1.7816e+02 1.9748e+02
7.4773e-02 1.9927e+02 -2.5275e+01 1.7985e+02 1.9899e+02
7.6519e-02 2.0027e+02 -2.5142e+01 1.8110e+02 2.0002e+02
7.8305e-02 2.0064e+02 -2.4930e+01 1.8179e+02 2.0042e+02
8.0132e-02 2.0038e+02 -2.4639e+01 1.8191e+02 2.0019e+02
8.2003e-02 1.9961e+02 -2.4284e+01 1.8155e+02 1.9944e+02
8.3917e-02 1.9843e+02 -2.3885e+01 1.8081e+02 1.9828e+02
8.5875e-02 1.9689e+02 -2.3448e+01 1.7975e+02 1.9676e+02
8.7880e-02 1.9506e+02 -2.2983e+01 1.7841e+02 1.9496e+02
8.9931e-02 1.9302e+02 -2.2502e+01 1.7688e+02 1.9295e+02
9.2030e-02 1.9089e+02 -2.2016e+01 1.7526e+02 1.9084e+02
9.4178e-02 1.8881e+02 -2.1536e+01 1.7366e+02 1.8877e+02
9.6376e-02 1.8687e+02 -2.1081e+01 1.7218e+02 1.8685e+02
9.8625e-02 1.8521e+02 -2.0663e+01 1.7095e+02 1.8520e+02
1.0093e-01 1.8395e+02 -2.0297e+01 1.7010e+02 1.8396e+02
1.0328e-01 1.8322e+02 -1.9994e+01 1.6973e+02 1.8325e+02
1.0569e-01 1.8308e+02 -1.9758e+01 1.6990e+02 1.8312e+02
1.0816e-01 1.8357e+02 -1.9584e+01 1.7065e+02 1.8362e+02
1.1068e-01 1.8469e+02 -1.9477e+01 1.7198e+02 1.8475e+02
1.1327e-01 1.8633e+02 -1.9423e+01 1.7381e+02 1.8639e+02
1.1591e-01 1.8838e+02 -1.9409e+01 1.7602e+02 1.8845e+02
1.1862e-01 1.9065e+02 -1.9414e+01 1.7844e+02 1.9073e+02
1.2139e-01 1.9291e+02 -1.9416e+01 1.8087e+02 1.9300e+02
1.2422e-01 1.9496e+02 -1.9387e+01 1.8309e+02 1.9505e+02
1.2712e-01 1.9652e+02 -1.9301e+01 1.8485e+02 1.9660e+02
1.3009e-01 1.9740e+02 -1.9149e+01 1.8597e+02 1.9747e+02
1.3312e-01 1.9742e+02 -1.8915e+01 1.8629e+02 1.9749e+02
1.3623e-01 1.9648e+02 -1.8591e+01 1.8570e+02 1.9655e+02
1.3941e-01 1.9457e+02 -1.8182e+01 1.8418e+02 1.9462e+02
1.4266e-01 1.9176e+02 -1.7695e+01 1.8181e+02 1.9181e+02
1.4599e-01 1.8825e+02 -1.7143e+01 1.7874e+02 1.8827e+02
1.4940e-01 1.8424e+02 -1.6557e+01 1.7518e+02 1.8424e+02
1.5289e-01 1.8004e+02 -1.5968e+01 1.7144e+02 1.8002e+02
1.5645e-01 1.7608e+02 -1.5411e+01 1.6791e+02 1.7604e+02
1.6011e-01 1.7264e+02 -1.4911e+01 1.6487e+02 1.7258e+02
1.6384e-01 1.7009e+02 -1.4498e+01 1.6266e+02 1.7001e+02
1.6767e-01 1.6852e+02 -1.4164e+01 1.6138e+02 1.6841e+02
1.7158e-01 1.6792e+02 -1.3914e+01 1.6101e+02 1.6777e+02
1.7559e-01 1.6810e+02 -1.3733e+01 1.6140e+02 1.6793e+02
1.7968e-01 1.6879e+02 -1.3594e+01 1.6226e+02 1.6857e+02
1.8388e-01 1.6964e+02 -1.3469e+01 1.6329e+02 1.6939e+02
1.8817e-01 1.7025e+02 -1.3326e+01 1.6409e+02 1.6996e+02
1.9256e-01 1.7020e+02 -1.3125e+01 1.6424e+02 1.6987e+02
1.9706e-01 1.6915e+02 -1.2844e+01 1.6342e+02 1.6877e+02
2.0166e-01 1.6697e+02 -1.2483e+01 1.6149e+02 1.6655e+02
2.0636e-01 1.6379e+02 -1.2056e+01 1.5860e+02 1.6333e+02
2.1118e-01 1.5997e+02 -1.1593e+01 1.5507e+02 1.5947e+02
2.1611e-01 1.5595e+02 -1.1127e+01 1.5134e+02 1.5541e+02
2.2115e-01 1.5221e+02 -1.0687e+01 1.4787e+02 1.5163e+02
2.2631e-01 1.4910e+02 -1.0292e+01 1.4499e+02 1.4848e+02
2.3160e-01 1.4690e+02 -9.9694e+00 1.4301e+02 1.4624e+02
2.3700e-01 1.4560e+02 -9.7127e+00 1.4188e+02 1.4489e+02
2.4253e-01 1.4496e+02 -9.5049e+00 1.4139e+02 1.4419e+02
2.4819e-01 1.4458e+02 -9.3173e+00 1.4116e+02 1.4376e+02
2.5399e-01 1.4394e+02 -9.1159e+00 1.4066e+02 1.4306e+02
2.5991e-01 1.4261e+02 -8.8632e+00 1.3949e+02 1.4168e+02
2.6598e-01 1.4042e+02 -8.5626e+00 1.3747e+02 1.3944e+02
2.7219e-01 1.3752e+02 -8.2269e+00 1.3475e+02 1.3651e+02
2.7854e-01 1.3424e+02 -7.8766e+00 1.3164e+02 1.3319e+02
2.8504e-01 1.3102e+02 -7.5393e+00 1.2859e+02 1.2993e+02
2.9170e-01 1.2825e+02 -7.2369e+00 1.2598e+02 1.2712e+02
2.9850e-01 1.2615e+02 -6.9724e+00 1.2402e+02 1.2498e+02
3.0547e-01 1.2463e+02 -6.7420e+00 1.2262e+02 1.2342e+02
3.1260e-01 1.2336e+02 -6.5302e+00 1.2146e+02 1.2210e+02
3.1990e-01 1.2196e+02 -6.3163e+00 1.2018e+02 1.2067e+02
3.2736e-01 1.2015e+02 -6.0859e+00 1.1848e+02 1.1881e+02
3.3500e-01 1.1781e+02 -5.8348e+00 1.1625e+02 1.1643e+02
3.4282e-01 1.1514e+02 -5.5718e+00 1.1370e+02 1.1374e+02
3.5082e-01 1.1248e+02 -5.3112e+00 1.1115e+02 1.1105e+02
3.5901e-01 1.1011e+02 -5.0718e+00 1.0890e+02 1.0867e+02
3.6739e-01 1.0814e+02 -4.8564e+00 1.0702e+02 1.0666e+02
3.7597e-01 1.0644e+02 -4.6590e+00 1.0541e+02 1.0494e+02
3.8474e-01 1.0475e+02 -4.4670e+00 1.0380e+02 1.0322e+02
3.9372e-01 1.0285e+02 -4.2709e+00 1.0198e+02 1.0128e+02
4.0291e-01 1.0066e+02 -4.0627e+00 9.9877e+01 9.9084e+01
4.1232e-01 9.8362e+01 -3.8562e+00 9.7663e+01 9.6776e+01
4.2194e-01 9.6160e+01 -3.6597e+00 9.5539e+01 9.4564e+01
4.3179e-01 9.4169e+01 -3.4769e+00 9.3619e+01 9.2559e+01
4.4187e-01 9.2343e+01 -3.3055e+00 9.1859e+01 9.0717e+01
4.5218e-01 9.0547e+01 -3.1401e+00 9.0124e+01 8.8903e+01
4.6273e-01 8.8634e+01 -2.9727e+00 8.8277e+01 8.6985e+01
4.7353e-01 8.6613e+01 -2.8057e+00 8.6321e+01 8.4964e+01
4.8459e-01 8.4606e+01 -2.6446e+00 8.4375e+01 8.2958e+01
4.9590e-01 8.2694e+01 -2.4915e+00 8.2518e+01 8.1045e+01
5.0747e-01 8.0889e+01 -2.3466e+00 8.0765e+01 7.9238e+01
5.1931e-01 7.9119e+01 -2.2074e+00 7.9041e+01 7.7463e+01
5.3144e-01 7.7312e+01 -2.0708e+00 7.7281e+01 7.5658e+01
5.4384e-01 7.5464e+01 -1.9361e+00 7.5484e+01 7.3822e+01
5.5653e-01 7.3654e+01 -1.8071e+00 7.3721e+01 7.2023e+01
5.6952e-01 7.1911e+01 -1.6842e+00 7.2021e+01 7.0289e+01
5.8282e-01 7.0217e+01 -1.5668e+00 7.0365e+01 6.8602e+01
5.9642e-01 6.8530e+01 -1.4539e+00 6.8713e+01 6.6923e+01
6.1034e-01 6.6853e+01 -1.3453e+00 6.7067e+01 6.5254e+01
6.2458e-01 6.5176e+01 -1.2394e+00 6.5430e+01 6.3597e+01
6.3916e-01 6.3541e+01 -1.1383e+00 6.3830e+01 6.1981e+01
6.5408e-01 6.1945e+01 -1.0419e+00 6.2265e+01 6.0401e+01
6.6935e-01 6.0380e+01 -9.4992e-01 6.0729e+01 5.8853e+01
6.8497e-01 5.8843e+01 -8.6215e-01 5.9217e+01 5.7332e+01
7.0096e-01 5.7332e+01 -7.7845e-01 5.7727e+01 5.5835e+01
7.1732e-01 5.5831e+01 -6.9783e-01 5.6253e+01 5.4357e+01
7.3406e-01 5.4354e+01 -6.2084e-01 5.4802e+01 5.2905e+01
7.5119e-01 5.2904e+01 -5.4762e-01 5.3375e+01 5.1478e+01
7.6873e-01 5.1487e+01 -4.7813e-01 5.1977e+01 5.0083e+01
7.8667e-01 5.0099e+01 -4.1221e-01 5.0606e+01 4.8716e+01
8.0503e-01 4.8737e+01 -3.4972e-01 4.9258e+01 4.7374e+01
8.2382e-01 4.7398e+01 -2.9035e-01 4.7934e+01 4.6059e+01
8.4305e-01 4.6077e+01 -2.3391e-01 4.6630e+01 4.4766e+01
8.6272e-01 4.4783e+01 -1.8060e-01 4.5351e+01 4.3498e+01
8.8286e-01 4.3520e+01 -1.3032e-01 4.4101e+01 4.2261e+01
9.0347e-01 4.2287e+01 -8.2961e-02 4.2878e+01 4.1052e+01
9.2455e-01 4.1084e+01 -3.8401e-02 4.1683e+01 3.9873e+01
9.4613e-01 3.9907e+01 3.4800e-03 4.0513e+01 3.8720e+01
9.6822e-01 3.8743e+01 4.2861e-02 3.9359e+01 3.7584e+01
9.9081e-01 3.7607e+01 7.9748e-02 3.8232e+01 3.6476e+01
1.0139e+00 3.6500e+01 1.1424e-01 3.7130e+01 3.5395e+01
1.0376e+00 3.5423e+01 1.4645e-01 3.6059e+01 3.4344e+01
1.0618e+00 3.4369e+01 1.7644e-01 3.5007e+01 3.3315e+01
1.0866e+00 3.3347e+01 2.0435e-01 3.3986e+01 3.2316e+01
1.1120e+00 3.2335e+01 2.3010e-01 3.2978e+01 3.1331e+01
1.1379e+00 3.1350e+01 2.5391e-01 3.1996e+01 3.0373e+01
1.1645e+00 3.0390e+01 2.7588e-01 3.1037e+01 2.9439e+01
1.1917e+00 2.9454e+01 2.9609e-01 3.0101e+01 2.8528e+01
1.2195e+00 2.8545e+01 3.1464e-01 2.9191e+01 2.7643e+01
1.2479e+00 2.7660e+01 3.3159e-01 2.8304e+01 2.6781e+01
1.2771e+00 2.6796e+01 3.4692e-01 2.7438e+01 2.5942e+01
1.3069e+00 2.5946e+01 3.6059e-01 2.6587e+01 2.5117e+01
1.3374e+00 2.5121e+01 3.7294e-01 2.5760e+01 2.4316e+01
1.3686e+00 2.4320e+01 3.8399e-01 2.4955e+01 2.3539e+01
1.4005e+00 2.3540e+01 3.9380e-01 2.4171e+01 2.2781e+01
1.4332e+00 2.2784e+01 4.0247e-01 2.3410e+01 2.2047e+01
1.4667e+00 2.2050e+01 4.1000e-01 2.2669e+01 2.1334e+01
1.5009e+00 2.1326e+01 4.1615e-01 2.1941e+01 2.0633e+01
1.5359e+00 2.0625e+01 4.2139e-01 2.1236e+01 1.9955e+01
1.5718e+00 1.9941e+01 4.2561e-01 2.0546e+01 1.9292e+01
1.6085e+00 1.9284e+01 4.2909e-01 1.9882e+01 1.8655e+01
1.6460e+00 1.8642e+01 4.3169e-01 1.9233e+01 1.8032e+01
1.6844e+00 1.8022e+01 4.3358e-01 1.8605e+01 1.7431e+01
1.7237e+00 1.7412e+01 4.3439e-01 1.7988e+01 1.6841e+01
1.7640e+00 1.6821e+01 4.3453e-01 1.7390e+01 1.6270e+01
1.8051e+00 1.6248e+01 4.3405e-01 1.6810e+01 1.5715e+01
1.8473e+00 1.5694e+01 4.3303e-01 1.6248e+01 1.5179e+01
1.8904e+00 1.5156e+01 4.3145e-01 1.5701e+01 1.4658e+01
1.9345e+00 1.4635e+01 4.2938e-01 1.5171e+01 1.4154e+01
1.9797e+00 1.4128e+01 4.2670e-01 1.4656e+01 1.3664e+01
2.0259e+00 1.3634e+01 4.2341e-01 1.4154e+01 1.3187e+01
2.0732e+00 1.3157e+01 4.1980e-01 1.3668e+01 1.2726e+01
2.1216e+00 1.2695e+01 4.1582e-01 1.3198e+01 1.2279e+01
2.1711e+00 1.2248e+01 4.1152e-01 1.2741e+01 1.1847e+01
2.2217e+00 1.1816e+01 4.0695e-01 1.2300e+01 1.1429e+01
2.2736e+00 1.1397e+01 4.0206e-01 1.1872e+01 1.1024e+01
2.3267e+00 1.0988e+01 3.9668e-01 1.1454e+01 1.0629e+01
2.3810e+00 1.0592e+01 3.9111e-01 1.1050e+01 1.0247e+01
2.4365e+00 1.0210e+01 3.8536e-01 1.0659e+01 9.8781e+00
2.4934e+00 9.8423e+00 3.7950e-01 1.0281e+01 9.5222e+00
2.5516e+00 9.4854e+00 3.7345e-01 9.9151e+00 9.1772e+00
2.6112e+00 9.1412e+00 3.6730e-01 9.5614e+00 8.8443e+00
2.6721e+00 8.8057e+00 3.6083e-01 9.2172e+00 8.5205e+00
2.7345e+00 8.4809e+00 3.5424e-01 8.8835e+00 8.2070e+00
2.7983e+00 8.1677e+00 3.4761e-01 8.5615e+00 7.9046e+00
2.8636e+00 7.8651e+00 3.4093e-01 8.2499e+00 7.6122e+00
2.9304e+00 7.5738e+00 3.3424e-01 7.9495e+00 7.3307e+00
2.9988e+00 7.2922e+00 3.2752e-01 7.6589e+00 7.0584e+00
3.0688e+00 7.0190e+00 3.2067e-01 7.3770e+00 6.7946e+00
3.1405e+00 6.7545e+00 3.1375e-01 7.1041e+00 6.5393e+00
3.2138e+00 6.4993e+00 3.0685e-01 6.8405e+00 6.2929e+00
3.2888e+00 6.2533e+00 2.9999e-01 6.5860e+00 6.0553e+00
3.3655e+00 6.0163e+00 2.9317e-01 6.3406e+00 5.8263e+00
3.4441e+00 5.7875e+00 2.8640e-01 6.1034e+00 5.6051e+00
3.5245e+00 5.5667e+00 2.7964e-01 5.8744e+00 5.3917e+00
3.6067e+00 5.3525e+00 2.7283e-01 5.6524e+00 5.1850e+00
3.6909e+00 5.1460e+00 2.6609e-01 5.4380e+00 4.9855e+00
3.7771e+00 4.9472e+00 2.5944e-01 5.2315e+00 4.7935e+00
3.8652e+00 4.7558e+00 2.5288e-01 5.0324e+00 4.6085e+00
3.9554e+00 4.5715e+00 2.4641e-01 4.8404e+00 4.4303e+00
4.0478e+00 4.3941e+00 2.4005e-01 4.6555e+00 4.2587e+00
4.1422e+00 4.2215e+00 2.3363e-01 4.4758e+00 4.0920e+00
4.2389e+00 4.0556e+00 2.2733e-01 4.3028e+00 3.9318e+00
4.3379e+00 3.8957e+00 2.2113e-01 4.1360e+00 3.7773e+00
4.4391e+00 3.7420e+00 2.1504e-01 3.9753e+00 3.6287e+00
4.5427e+00 3.5942e+00 2.0908e-01 3.8208e+00 3.4857e+00
4.6487e+00 3.4520e+00 2.0323e-01 3.6719e+00 3.3481e+00
4.7572e+00 3.3145e+00 1.9743e-01 3.5279e+00 3.2152e+00
4.8683e+00 3.1817e+00 1.9170e-01 3.3889e+00 3.0869e+00
4.9819e+00 3.0542e+00 1.8611e-01 3.2552e+00 2.9636e+00
5.0982e+00 2.9315e+00 1.8063e-01 3.1264e+00 2.8449e+00
5.2172e+00 2.8135e+00 1.7528e-01 3.0025e+00 2.7307e+00
5.3389e+00 2.7004e+00 1.7006e-01 2.8835e+00 2.6212e+00
5.4636e+00 2.5912e+00 1.6493e-01 2.7686e+00 2.5155e+00
5.5911e+00 2.4856e+00 1.5986e-01 2.6576e+00 2.4134e+00
5.7216e+00 2.3842e+00 1.5491e-01 2.5508e+00 2.3153e+00
5.8551e+00 2.2868e+00 1.5009e-01 2.4482e+00 2.2211e+00
5.9918e+00 2.1934e+00 1.4540e-01 2.3496e+00 2.1306e+00
6.1316e+00 2.1035e+00 1.4082e-01 2.2547e+00 2.0436e+00
6.2747e+00 2.0173e+00 1.3637e-01 2.1636e+00 1.9600e+00
6.4212e+00 1.9338e+00 1.3197e-01 2.0754e+00 1.8793e+00
6.5711e+00 1.8537e+00 1.2768e-01 1.9907e+00 1.8017e+00
6.7244e+00 1.7768e+00 1.2352e-01 1.9093e+00 1.7272e+00
6.8814e+00 1.7030e+00 1.1947e-01 1.8311e+00 1.6557e+00
7.0420e+00 1.6322e+00 1.1554e-01 1.7560e+00 1.5871e+00
7.2064e+00 1.5642e+00 1.1172e-01 1.6839e+00 1.5212e+00
7.3745e+00 1.4987e+00 1.0798e-01 1.6143e+00 1.4577e+00
7.5467e+00 1.4356e+00 1.0432e-01 1.5474e+00 1.3966e+00
7.7228e+00 1.3752e+00 1.0078e-01 1.4832e+00 1.3380e+00
7.9031e+00 1.3172e+00 9.7342e-02 1.4215e+00 1.2818e+00
8.0875e+00 1.2617e+00 9.4010e-02 1.3623e+00 1.2279e+00
8.2763e+00 1.2084e+00 9.0780e-02 1.3055e+00 1.1762e+00
8.4695e+00 1.1572e+00 8.7635e-02 1.2509e+00 1.1265e+00
8.6671e+00 1.1078e+00 8.4560e-02 1.1983e+00 1.0786e+00
8.8694e+00 1.0605e+00 8.1585e-02 1.1479e+00 1.0328e+00
9.0764e+00 1.0152e+00 7.8703e-02 1.0994e+00 9.8878e-01
9.2883e+00 9.7174e-01 7.5915e-02 1.0530e+00 9.4661e-01
9.5051e+00 9.3014e-01 7.3217e-02 1.0085e+00 9.0621e-01
9.7269e+00 8.9026e-01 7.0606e-02 9.6578e-01 8.6747e-01
9.9540e+00 8.5177e-01 6.8049e-02 9.2459e-01 8.3012e-01
1.0186e+01 8.1494e-01 6.5579e-02 8.8513e-01 7.9436e-01
1.0424e+01 7.7964e-01 6.3190e-02 8.4729e-01 7.6008e-01
1.0667e+01 7.4581e-01 6.0879e-02 8.1098e-01 7.2721e-01
1.0916e+01 7.1358e-01 5.8659e-02 7.7636e-01 6.9588e-01
1.1171e+01 6.8251e-01 5.6498e-02 7.4295e-01 6.6566e-01
1.1432e+01 6.5277e-01 5.4407e-02 7.1099e-01 6.3677e-01
1.1699e+01 6.2419e-01 5.2376e-02 6.8026e-01 6.0899e-01
1.1972e+01 5.9673e-01 5.0407e-02 6.5070e-01 5.8230e-01
1.2251e+01 5.7056e-01 4.8517e-02 6.2251e-01 5.5684e-01
1.2537e+01 5.4556e-01 4.6697e-02 5.9556e-01 5.3252e-01
1.2830e+01 5.2157e-01 4.4936e-02 5.6967e-01 5.0917e-01
1.3129e+01 4.9859e-01 4.3232e-02 5.4487e-01 4.8681e-01
1.3436e+01 4.7639e-01 4.1568e-02 5.2090e-01 4.6522e-01
1.3749e+01 4.5532e-01 3.9979e-02 4.9815e-01 4.4472e-01
1.4070e+01 4.3509e-01 3.8441e-02 4.7628e-01 4.2503e-01
1.4398e+01 4.1577e-01 3.6961e-02 4.5537e-01 4.0621e-01
1.4735e+01 3.9730e-01 3.5535e-02 4.3536e-01 3.8822e-01
1.5078e+01 3.7958e-01 3.4157e-02 4.1616e-01 3.7096e-01
1.5430e+01 3.6257e-01 3.2820e-02 3.9774e-01 3.5440e-01
1.5791e+01 3.4631e-01 3.1533e-02 3.8011e-01 3.3856e-01
1.6159e+01 3.3073e-01 3.0290e-02 3.6320e-01 3.2338e-01
1.6536e+01 3.1588e-01 2.9098e-02 3.4707e-01 3.0890e-01
1.6922e+01 3.0169e-01 2.7952e-02 3.3166e-01 2.9507e-01
1.7317e+01 2.8812e-01 2.6848e-02 3.1689e-01 2.8183e-01
1.7721e+01 2.7506e-01 2.5775e-02 3.0270e-01 2.6911e-01
1.8135e+01 2.6259e-01 2.4744e-02 2.8913e-01 2.5695e-01
1.8558e+01 2.5067e-01 2.3751e-02 2.7615e-01 2.4533e-01
1.8991e+01 2.3929e-01 2.2797e-02 2.6375e-01 2.3422e-01
1.9435e+01 2.2842e-01 2.1881e-02 2.5190e-01 2.2361e-01
1.9888e+01 2.1805e-01 2.1000e-02 2.4057e-01 2.1349e-01
2.0352e+01 2.0807e-01 2.0147e-02 2.2968e-01 2.0375e-01
2.0828e+01 1.9854e-01 1.9326e-02 2.1928e-01 1.9445e-01
2.1314e+01 1.8943e-01 1.8536e-02 2.0933e-01 1.8556e-01
2.1811e+01 1.8075e-01 1.7778e-02 1.9984e-01 1.7708e-01
2.2320e+01 1.7245e-01 1.7051e-02 1.9076e-01 1.6898e-01
2.2841e+01 1.6452e-01 1.6350e-02 1.8208e-01 1.6123e-01
2.3374e+01 1.5696e-01 1.5679e-02 1.7379e-01 1.5383e-01
2.3920e+01 1.4968e-01 1.5027e-02 1.6581e-01 1.4672e-01
2.4478e+01 1.4276e-01 1.4403e-02 1.5823e-01 1.3996e-01
2.5049e+01 1.3614e-01 1.3804e-02 1.5097e-01 1.3349e-01
2.5634e+01 1.2982e-01 1.3229e-02 1.4403e-01 1.2731e-01
2.6232e+01 1.2379e-01 1.2677e-02 1.3741e-01 1.2142e-01
2.6845e+01 1.1805e-01 1.2148e-02 1.3109e-01 1.1580e-01
2.7471e+01 1.1254e-01 1.1637e-02 1.2504e-01 1.1041e-01
2.8112e+01 1.0728e-01 1.1146e-02 1.1926e-01 1.0526e-01
2.8769e+01 1.0225e-01 1.0675e-02 1.1373e-01 1.0035e-01
2.9440e+01 9.7458e-02 1.0223e-02 1.0845e-01 9.5659e-02
3.0127e+01 9.2893e-02 9.7900e-03 1.0342e-01 9.1190e-02
3.0830e+01 8.8537e-02 9.3750e-03 9.8614e-02 8.6924e-02
3.1550e+01 8.4369e-02 8.9754e-03 9.4017e-02 8.2844e-02
3.2286e+01 8.0385e-02 8.5911e-03 8.9624e-02 7.8945e-02
3.3040e+01 7.6586e-02 8.2229e-03 8.5432e-02 7.5226e-02
3.3811e+01 7.2963e-02 7.8698e-03 8.1430e-02 7.1677e-02
3.4600e+01 6.9513e-02 7.5320e-03 7.7615e-02 6.8296e-02
3.5408e+01 6.6222e-02 7.2081e-03 7.3975e-02 6.5070e-02
3.6234e+01 6.3080e-02 6.8973e-03 7.0497e-02 6.1990e-02
3.7080e+01 6.0073e-02 6.5979e-03 6.7171e-02 5.9045e-02
3.7945e+01 5.7205e-02 6.3111e-03 6.3998e-02 5.6236e-02
3.8831e+01 5.4472e-02 6.0364e-03 6.0970e-02 5.3556e-02
3.9737e+01 5.1871e-02 5.7737e-03 5.8086e-02 5.1006e-02
4.0665e+01 4.9390e-02 5.5219e-03 5.5332e-02 4.8571e-02
4.1614e+01 4.7029e-02 5.2812e-03 5.2711e-02 4.6254e-02
4.2585e+01 4.4766e-02 5.0491e-03 5.0200e-02 4.4036e-02
4.3579e+01 4.2608e-02 4.8266e-03 4.7804e-02 4.1919e-02
4.4596e+01 4.0555e-02 4.6141e-03 4.5523e-02 3.9905e-02
4.5637e+01 3.8597e-02 4.4104e-03 4.3346e-02 3.7983e-02
4.6702e+01 3.6735e-02 4.2158e-03 4.1274e-02 3.6155e-02
4.7792e+01 3.4960e-02 4.0295e-03 3.9297e-02 3.4411e-02
4.8908e+01 3.3265e-02 3.8506e-03 3.7410e-02 3.2747e-02
5.0049e+01 3.1645e-02 3.6788e-03 3.5607e-02 3.1158e-02
5.1218e+01 3.0104e-02 3.5146e-03 3.3889e-02 2.9644e-02
5.2413e+01 2.8637e-02 3.3577e-03 3.2254e-02 2.8204e-02
5.3636e+01 2.7242e-02 3.2076e-03 3.0697e-02 2.6833e-02
5.4888e+01 2.5913e-02 3.0642e-03 2.9212e-02 2.5526e-02
5.6169e+01 2.4646e-02 2.9267e-03 2.7797e-02 2.4281e-02
5.7480e+01 2.3434e-02 2.7946e-03 2.6444e-02 2.3090e-02
5.8822e+01 2.2281e-02 2.6683e-03 2.5155e-02 2.1957e-02
6.0195e+01 2.1184e-02 2.5477e-03 2.3929e-02 2.0879e-02
6.1600e+01 2.0140e-02 2.4323e-03 2.2760e-02 1.9852e-02
6.3038e+01 1.9148e-02 2.3223e-03 2.1649e-02 1.8876e-02
6.4509e+01 1.8203e-02 2.2170e-03 2.0590e-02 1.7946e-02
6.6014e+01 1.7298e-02 2.1157e-03 1.9577e-02 1.7057e-02
6.7555e+01 1.6438e-02 2.0189e-03 1.8613e-02 1.6211e-02
6.9132e+01 1.5619e-02 1.9264e-03 1.7695e-02 1.5406e-02
7.0746e+01 1.4841e-02 1.8381e-03 1.6822e-02 1.4640e-02
7.2397e+01 1.4101e-02 1.7538e-03 1.5991e-02 1.3912e-02
7.4087e+01 1.3398e-02 1.6734e-03 1.5200e-02 1.3219e-02
7.5816e+01 1.2726e-02 1.5961e-03 1.4445e-02 1.2558e-02
7.7585e+01 1.2086e-02 1.5222e-03 1.3726e-02 1.1928e-02
7.9396e+01 1.1477e-02 1.4516e-03 1.3042e-02 1.1329e-02
8.1249e+01 1.0899e-02 1.3842e-03 1.2390e-02 1.0759e-02
8.3146e+01 1.0349e-02 1.3199e-03 1.1771e-02 1.0217e-02
8.5086e+01 9.8263e-03 1.2586e-03 1.1182e-02 9.7022e-03
8.7072e+01 9.3287e-03 1.1999e-03 1.0621e-02 9.2118e-03
8.9105e+01 8.8533e-03 1.1435e-03 1.0085e-02 8.7436e-03
9.1184e+01 8.4017e-03 1.0898e-03 9.5759e-03 8.2987e-03
9.3313e+01 7.9728e-03 1.0385e-03 9.0918e-03 7.8761e-03
9.5490e+01 7.5652e-03 9.8962e-04 8.6314e-03 7.4742e-03
9.7719e+01 7.1782e-03 9.4298e-04 8.1939e-03 7.0925e-03
1.0000e+02 6.8105e-03 8.9846e-04 7.7778e-03 6.7296e-03
