1.0000e-03 4.6511e-04 -9.9099e-05 1.8636e-04 1.6898e-04 1.0550e-01 2.1102e-01 8.4531e-02 4.2532e-05 -5.2949e-02 5.3176e-02 2.3002e-02 2.3099e+02
1.0233e-03 5.0841e-04 -1.0796e-04 2.0401e-04 1.8488e-04 1.1081e-01 2.2159e-01 8.8781e-02 4.6795e-05 -5.5610e-02 5.5858e-02 2.4365e-02 2.3600e+02
1.0472e-03 5.5570e-04 -1.1760e-04 2.2333e-04 2.0226e-04 1.1637e-01 2.3264e-01 9.3229e-02 5.1490e-05 -5.8394e-02 5.8666e-02 2.5768e-02 2.4100e+02
1.0717e-03 6.0735e-04 -1.2808e-04 2.4447e-04 2.2126e-04 1.2219e-01 2.4422e-01 9.7889e-02 5.6663e-05 -6.1309e-02 6.1607e-02 2.7213e-02 2.4602e+02
1.0967e-03 6.6374e-04 -1.3947e-04 2.6760e-04 2.4203e-04 1.2829e-01 2.5634e-01 1.0277e-01 6.2362e-05 -6.4363e-02 6.4689e-02 2.8703e-02 2.5111e+02
1.1223e-03 7.2532e-04 -1.5184e-04 2.9290e-04 2.6473e-04 1.3468e-01 2.6904e-01 1.0789e-01 6.8639e-05 -6.7563e-02 6.7921e-02 3.0242e-02 2.5629e+02
1.1485e-03 7.9255e-04 -1.6529e-04 3.2059e-04 2.8954e-04 1.4138e-01 2.8235e-01 1.1325e-01 7.5553e-05 -7.0917e-02 7.1309e-02 3.1839e-02 2.6160e+02
1.1753e-03 8.6593e-04 -1.7990e-04 3.5088e-04 3.1665e-04 1.4840e-01 2.9629e-01 1.1887e-01 8.3169e-05 -7.4433e-02 7.4862e-02 3.3503e-02 2.6707e+02
1.2027e-03 9.4604e-04 -1.9576e-04 3.8402e-04 3.4629e-04 1.5577e-01 3.1090e-01 1.2476e-01 9.1558e-05 -7.8119e-02 7.8589e-02 3.5248e-02 2.7270e+02
1.2308e-03 1.0335e-03 -2.1298e-04 4.2026e-04 3.7866e-04 1.6349e-01 3.2622e-01 1.3095e-01 1.0080e-04 -8.1983e-02 8.2497e-02 3.7086e-02 2.7852e+02
1.2595e-03 1.1289e-03 -2.3168e-04 4.5992e-04 4.1405e-04 1.7159e-01 3.4226e-01 1.3742e-01 1.1097e-04 -8.6033e-02 8.6596e-02 3.9033e-02 2.8449e+02
1.2889e-03 1.2330e-03 -2.5197e-04 5.0329e-04 4.5270e-04 1.8008e-01 3.5906e-01 1.4421e-01 1.2218e-04 -9.0276e-02 9.0893e-02 4.1104e-02 2.9061e+02
1.3190e-03 1.3466e-03 -2.7399e-04 5.5072e-04 4.9493e-04 1.8897e-01 3.7666e-01 1.5133e-01 1.3452e-04 -9.4721e-02 9.5397e-02 4.3314e-02 2.9682e+02
1.3498e-03 1.4705e-03 -2.9787e-04 6.0261e-04 5.4107e-04 1.9828e-01 3.9507e-01 1.5878e-01 1.4812e-04 -9.9374e-02 1.0011e-01 4.5672e-02 3.0308e+02
1.3813e-03 1.6057e-03 -3.2376e-04 6.5935e-04 5.9146e-04 2.0803e-01 4.1433e-01 1.6657e-01 1.6309e-04 -1.0424e-01 1.0505e-01 4.8186e-02 3.0933e+02
1.4135e-03 1.7532e-03 -3.5184e-04 7.2141e-04 6.4650e-04 2.1823e-01 4.3446e-01 1.7473e-01 1.7959e-04 -1.0934e-01 1.1022e-01 5.0858e-02 3.1551e+02
1.4465e-03 1.9140e-03 -3.8227e-04 7.8927e-04 7.0660e-04 2.2890e-01 4.5551e-01 1.8327e-01 1.9776e-04 -1.1466e-01 1.1563e-01 5.3688e-02 3.2155e+02
1.4803e-03 2.0894e-03 -4.1524e-04 8.6347e-04 7.7224e-04 2.4006e-01 4.7750e-01 1.9219e-01 2.1777e-04 -1.2023e-01 1.2129e-01 5.6669e-02 3.2743e+02
1.5148e-03 2.2806e-03 -4.5095e-04 9.4461e-04 8.4391e-04 2.5173e-01 5.0047e-01 2.0152e-01 2.3983e-04 -1.2605e-01 1.2721e-01 5.9794e-02 3.3312e+02
1.5502e-03 2.4890e-03 -4.8963e-04 1.0333e-03 9.2215e-04 2.6393e-01 5.2446e-01 2.1128e-01 2.6413e-04 -1.3213e-01 1.3341e-01 6.3052e-02 3.3860e+02
1.5864e-03 2.7163e-03 -5.3149e-04 1.1303e-03 1.0076e-03 2.7670e-01 5.4953e-01 2.2148e-01 2.9090e-04 -1.3849e-01 1.3989e-01 6.6436e-02 3.4389e+02
1.6234e-03 2.9639e-03 -5.7680e-04 1.2364e-03 1.1008e-03 2.9005e-01 5.7572e-01 2.3215e-01 3.2041e-04 -1.4514e-01 1.4666e-01 6.9938e-02 3.4904e+02
1.6613e-03 3.2339e-03 -6.2583e-04 1.3523e-03 1.2025e-03 3.0402e-01 6.0310e-01 2.4332e-01 3.5292e-04 -1.5209e-01 1.5376e-01 7.3559e-02 3.5410e+02
1.7000e-03 3.5280e-03 -6.7884e-04 1.4790e-03 1.3136e-03 3.1864e-01 6.3172e-01 2.5500e-01 3.8875e-04 -1.5936e-01 1.6119e-01 7.7307e-02 3.5912e+02
1.7397e-03 3.8484e-03 -7.3616e-04 1.6175e-03 1.4348e-03 3.3394e-01 6.6164e-01 2.6723e-01 4.2823e-04 -1.6697e-01 1.6897e-01 8.1194e-02 3.6417e+02
1.7803e-03 4.1975e-03 -7.9811e-04 1.7689e-03 1.5670e-03 3.4997e-01 6.9294e-01 2.8004e-01 4.7173e-04 -1.7493e-01 1.7712e-01 8.5241e-02 3.6928e+02
1.8219e-03 4.5776e-03 -8.6504e-04 1.9344e-03 1.7112e-03 3.6675e-01 7.2566e-01 2.9344e-01 5.1967e-04 -1.8326e-01 1.8566e-01 8.9469e-02 3.7449e+02
1.8644e-03 4.9917e-03 -9.3732e-04 2.1153e-03 1.8686e-03 3.8433e-01 7.5989e-01 3.0748e-01 5.7249e-04 -1.9198e-01 1.9461e-01 9.3905e-02 3.7982e+02
1.9079e-03 5.4426e-03 -1.0154e-03 2.3129e-03 2.0402e-03 4.0273e-01 7.9567e-01 3.2217e-01 6.3068e-04 -2.0110e-01 2.0398e-01 9.8578e-02 3.8524e+02
1.9525e-03 5.9334e-03 -1.0996e-03 2.5289e-03 2.2274e-03 4.2199e-01 8.3308e-01 3.3756e-01 6.9481e-04 -2.1065e-01 2.1379e-01 1.0352e-01 3.9072e+02
1.9980e-03 6.4677e-03 -1.1904e-03 2.7649e-03 2.4315e-03 4.4216e-01 8.7218e-01 3.5365e-01 7.6546e-04 -2.2063e-01 2.2407e-01 1.0874e-01 3.9618e+02
2.0447e-03 7.0493e-03 -1.2884e-03 3.0228e-03 2.6540e-03 4.6325e-01 9.1302e-01 3.7049e-01 8.4331e-04 -2.3106e-01 2.3483e-01 1.1426e-01 4.0157e+02
2.0924e-03 7.6822e-03 -1.3939e-03 3.3045e-03 2.8967e-03 4.8532e-01 9.5567e-01 3.8810e-01 9.2909e-04 -2.4197e-01 2.4609e-01 1.2008e-01 4.0681e+02
2.1412e-03 8.3708e-03 -1.5077e-03 3.6123e-03 3.1612e-03 5.0841e-01 1.0002e+00 4.0653e-01 1.0236e-03 -2.5337e-01 2.5788e-01 1.2617e-01 4.1188e+02
2.1912e-03 9.1198e-03 -1.6301e-03 3.9485e-03 3.4494e-03 5.3256e-01 1.0467e+00 4.2579e-01 1.1278e-03 -2.6529e-01 2.7022e-01 1.3255e-01 4.1675e+02
2.2423e-03 9.9346e-03 -1.7619e-03 4.3158e-03 3.7636e-03 5.5783e-01 1.0953e+00 4.4594e-01 1.2425e-03 -2.7774e-01 2.8314e-01 1.3920e-01 4.2146e+02
2.2947e-03 1.0821e-02 -1.9037e-03 4.7170e-03 4.1059e-03 5.8426e-01 1.1460e+00 4.6702e-01 1.3689e-03 -2.9075e-01 2.9665e-01 1.4611e-01 4.2605e+02
2.3482e-03 1.1784e-02 -2.0562e-03 5.1552e-03 4.4789e-03 6.1191e-01 1.1989e+00 4.8907e-01 1.5082e-03 -3.0435e-01 3.1081e-01 1.5332e-01 4.3057e+02
2.4030e-03 1.2831e-02 -2.2200e-03 5.6338e-03 4.8851e-03 6.4085e-01 1.2542e+00 5.1213e-01 1.6617e-03 -3.1857e-01 3.2563e-01 1.6083e-01 4.3508e+02
2.4591e-03 1.3970e-02 -2.3960e-03 6.1564e-03 5.3276e-03 6.7113e-01 1.3119e+00 5.3627e-01 1.8308e-03 -3.3343e-01 3.4115e-01 1.6868e-01 4.3961e+02
2.5165e-03 1.5207e-02 -2.5850e-03 6.7271e-03 5.8095e-03 7.0282e-01 1.3722e+00 5.6152e-01 2.0171e-03 -3.4896e-01 3.5741e-01 1.7691e-01 4.4417e+02
2.5753e-03 1.6551e-02 -2.7876e-03 7.3503e-03 6.3342e-03 7.3598e-01 1.4351e+00 5.8793e-01 2.2224e-03 -3.6520e-01 3.7443e-01 1.8556e-01 4.4876e+02
2.6354e-03 1.8011e-02 -3.0050e-03 8.0306e-03 6.9055e-03 7.7067e-01 1.5008e+00 6.1556e-01 2.4485e-03 -3.8216e-01 3.9226e-01 1.9466e-01 4.5332e+02
2.6969e-03 1.9597e-02 -3.2378e-03 8.7734e-03 7.5273e-03 8.0696e-01 1.5693e+00 6.4445e-01 2.6975e-03 -3.9988e-01 4.1092e-01 2.0423e-01 4.5780e+02
2.7598e-03 2.1319e-02 -3.4872e-03 9.5843e-03 8.2040e-03 8.4491e-01 1.6408e+00 6.7466e-01 2.9719e-03 -4.1839e-01 4.3046e-01 2.1427e-01 4.6217e+02
2.8242e-03 2.3188e-02 -3.7541e-03 1.0469e-02 8.9404e-03 8.8462e-01 1.7153e+00 7.0626e-01 3.2740e-03 -4.3773e-01 4.5092e-01 2.2480e-01 4.6639e+02
2.8902e-03 2.5217e-02 -4.0394e-03 1.1436e-02 9.7417e-03 9.2615e-01 1.7931e+00 7.3930e-01 3.6069e-03 -4.5791e-01 4.7234e-01 2.3580e-01 4.7048e+02
2.9576e-03 2.7419e-02 -4.3444e-03 1.2490e-02 1.0613e-02 9.6958e-01 1.8742e+00 7.7384e-01 3.9734e-03 -4.7900e-01 4.9476e-01 2.4730e-01 4.7446e+02
3.0266e-03 2.9808e-02 -4.6700e-03 1.3641e-02 1.1561e-02 1.0150e+00 1.9588e+00 8.0996e-01 4.3771e-03 -5.0101e-01 5.1824e-01 2.5933e-01 4.7838e+02
3.0973e-03 3.2400e-02 -5.0173e-03 1.4897e-02 1.2592e-02 1.0625e+00 2.0470e+00 8.4772e-01 4.8217e-03 -5.2400e-01 5.4283e-01 2.7190e-01 4.8226e+02
3.1696e-03 3.5210e-02 -5.3876e-03 1.6267e-02 1.3713e-02 1.1122e+00 2.1389e+00 8.8721e-01 5.3113e-03 -5.4800e-01 5.6857e-01 2.8508e-01 4.8613e+02
3.2436e-03 3.8257e-02 -5.7821e-03 1.7762e-02 1.4931e-02 1.1642e+00 2.2348e+00 9.2849e-01 5.8503e-03 -5.7305e-01 5.9553e-01 2.9891e-01 4.8997e+02
3.3193e-03 4.1560e-02 -6.2018e-03 1.9393e-02 1.6255e-02 1.2185e+00 2.3347e+00 9.7165e-01 6.4438e-03 -5.9919e-01 6.2376e-01 3.1342e-01 4.9376e+02
3.3967e-03 4.5140e-02 -6.6480e-03 2.1172e-02 1.7694e-02 1.2754e+00 2.4387e+00 1.0168e+00 7.0972e-03 -6.2648e-01 6.5332e-01 3.2864e-01 4.9746e+02
3.4760e-03 4.9018e-02 -7.1219e-03 2.3112e-02 1.9257e-02 1.3348e+00 2.5471e+00 1.0639e+00 7.8164e-03 -6.5495e-01 6.8426e-01 3.4460e-01 5.0105e+02
3.5572e-03 5.3218e-02 -7.6247e-03 2.5229e-02 2.0955e-02 1.3969e+00 2.6600e+00 1.1132e+00 8.6082e-03 -6.8465e-01 7.1667e-01 3.6132e-01 5.0454e+02
3.6402e-03 5.7767e-02 -8.1576e-03 2.7537e-02 2.2798e-02 1.4619e+00 2.7776e+00 1.1647e+00 9.4796e-03 -7.1562e-01 7.5059e-01 3.7881e-01 5.0795e+02
3.7251e-03 6.2692e-02 -8.7216e-03 3.0054e-02 2.4800e-02 1.5298e+00 2.9000e+00 1.2185e+00 1.0439e-02 -7.4793e-01 7.8612e-01 3.9714e-01 5.1130e+02
3.8121e-03 6.8022e-02 -9.3179e-03 3.2799e-02 2.6973e-02 1.6008e+00 3.0274e+00 1.2747e+00 1.1494e-02 -7.8162e-01 8.2332e-01 4.1633e-01 5.1460e+02
3.9011e-03 7.3790e-02 -9.9475e-03 3.5791e-02 2.9332e-02 1.6750e+00 3.1600e+00 1.3335e+00 1.2655e-02 -8.1675e-01 8.6227e-01 4.3646e-01 5.1785e+02
3.9921e-03 8.0029e-02 -1.0611e-02 3.9053e-02 3.1890e-02 1.7525e+00 3.2980e+00 1.3949e+00 1.3933e-02 -8.5336e-01 9.0305e-01 4.5757e-01 5.2104e+02
4.0853e-03 8.6776e-02 -1.1310e-02 4.2609e-02 3.4666e-02 1.8336e+00 3.4415e+00 1.4590e+00 1.5338e-02 -8.9152e-01 9.4576e-01 4.7971e-01 5.2415e+02
4.1806e-03 9.4071e-02 -1.2045e-02 4.6484e-02 3.7677e-02 1.9183e+00 3.5908e+00 1.5260e+00 1.6884e-02 -9.3128e-01 9.9048e-01 5.0291e-01 5.2718e+02
4.2782e-03 1.0196e-01 -1.2816e-02 5.0708e-02 4.0941e-02 2.0068e+00 3.7460e+00 1.5959e+00 1.8584e-02 -9.7269e-01 1.0373e+00 5.2723e-01 5.3013e+02
4.3781e-03 1.1047e-01 -1.3624e-02 5.5310e-02 4.4480e-02 2.0993e+00 3.9073e+00 1.6690e+00 2.0453e-02 -1.0158e+00 1.0863e+00 5.5270e-01 5.3302e+02
4.4803e-03 1.1968e-01 -1.4468e-02 6.0325e-02 4.8315e-02 2.1960e+00 4.0749e+00 1.7453e+00 2.2508e-02 -1.0608e+00 1.1377e+00 5.7941e-01 5.3584e+02
4.5848e-03 1.2961e-01 -1.5350e-02 6.5788e-02 5.2470e-02 2.2969e+00 4.2491e+00 1.8249e+00 2.4768e-02 -1.1075e+00 1.1914e+00 6.0741e-01 5.3861e+02
4.6918e-03 1.4034e-01 -1.6267e-02 7.1739e-02 5.6972e-02 2.4024e+00 4.4300e+00 1.9081e+00 2.7252e-02 -1.1562e+00 1.2477e+00 6.3677e-01 5.4132e+02
4.8013e-03 1.5192e-01 -1.7220e-02 7.8221e-02 6.1846e-02 2.5126e+00 4.6178e+00 1.9949e+00 2.9982e-02 -1.2069e+00 1.3067e+00 6.6756e-01 5.4396e+02
4.9134e-03 1.6440e-01 -1.8207e-02 8.5280e-02 6.7124e-02 2.6276e+00 4.8128e+00 2.0855e+00 3.2981e-02 -1.2595e+00 1.3684e+00 6.9984e-01 5.4652e+02
5.0281e-03 1.7787e-01 -1.9226e-02 9.2967e-02 7.2836e-02 2.7477e+00 5.0151e+00 2.1801e+00 3.6277e-02 -1.3143e+00 1.4330e+00 7.3367e-01 5.4902e+02
5.1454e-03 1.9239e-01 -2.0275e-02 1.0134e-01 7.9017e-02 2.8732e+00 5.2249e+00 2.2788e+00 3.9897e-02 -1.3713e+00 1.5007e+00 7.6915e-01 5.5147e+02
5.2655e-03 2.0804e-01 -2.1352e-02 1.1045e-01 8.5703e-02 3.0042e+00 5.4426e+00 2.3818e+00 4.3873e-02 -1.4305e+00 1.5715e+00 8.0635e-01 5.5385e+02
5.3884e-03 2.2489e-01 -2.2451e-02 1.2037e-01 9.2934e-02 3.1409e+00 5.6682e+00 2.4892e+00 4.8239e-02 -1.4921e+00 1.6457e+00 8.4536e-01 5.5618e+02
5.5142e-03 2.4305e-01 -2.3570e-02 1.3116e-01 1.0075e-01 3.2836e+00 5.9020e+00 2.6012e+00 5.3032e-02 -1.5560e+00 1.7234e+00 8.8627e-01 5.5844e+02
5.6429e-03 2.6259e-01 -2.4702e-02 1.4291e-01 1.0920e-01 3.4326e+00 6.1442e+00 2.7180e+00 5.8293e-02 -1.6224e+00 1.8047e+00 9.2917e-01 5.6064e+02
5.7746e-03 2.8362e-01 -2.5842e-02 1.5569e-01 1.1833e-01 3.5880e+00 6.3950e+00 2.8399e+00 6.4068e-02 -1.6913e+00 1.8899e+00 9.7415e-01 5.6278e+02
5.9094e-03 3.0625e-01 -2.6981e-02 1.6960e-01 1.2819e-01 3.7502e+00 6.6546e+00 2.9669e+00 7.0403e-02 -1.7628e+00 1.9791e+00 1.0213e+00 5.6487e+02
6.0473e-03 3.3057e-01 -2.8111e-02 1.8472e-01 1.3884e-01 3.9194e+00 6.9233e+00 3.0994e+00 7.7354e-02 -1.8369e+00 2.0725e+00 1.0708e+00 5.6690e+02
6.1885e-03 3.5672e-01 -2.9221e-02 2.0117e-01 1.5033e-01 4.0959e+00 7.2012e+00 3.2374e+00 8.4976e-02 -1.9138e+00 2.1703e+00 1.1227e+00 5.6887e+02
6.3329e-03 3.8482e-01 -3.0299e-02 2.1906e-01 1.6273e-01 4.2800e+00 7.4885e+00 3.3812e+00 9.3335e-02 -1.9935e+00 2.2727e+00 1.1771e+00 5.7079e+02
6.4807e-03 4.1499e-01 -3.1332e-02 2.3851e-01 1.7611e-01 4.4719e+00 7.7854e+00 3.5310e+00 1.0250e-01 -2.0761e+00 2.3799e+00 1.2342e+00 5.7265e+02
6.6320e-03 4.4738e-01 -3.2304e-02 2.5965e-01 1.9054e-01 4.6721e+00 8.0921e+00 3.6871e+00 1.1254e-01 -2.1616e+00 2.4922e+00 1.2940e+00 5.7446e+02
6.7868e-03 4.8214e-01 -3.3198e-02 2.8263e-01 2.0609e-01 4.8807e+00 8.4088e+00 3.8497e+00 1.2354e-01 -2.2500e+00 2.6097e+00 1.3568e+00 5.7622e+02
6.9452e-03 5.1942e-01 -3.3992e-02 3.0761e-01 2.2285e-01 5.0981e+00 8.7357e+00 4.0190e+00 1.3560e-01 -2.3416e+00 2.7328e+00 1.4227e+00 5.7792e+02
7.1073e-03 5.5939e-01 -3.4665e-02 3.3474e-01 2.4090e-01 5.3247e+00 9.0728e+00 4.1952e+00 1.4880e-01 -2.4363e+00 2.8617e+00 1.4917e+00 5.7958e+02
7.2732e-03 6.0222e-01 -3.5189e-02 3.6421e-01 2.6034e-01 5.5608e+00 9.4204e+00 4.3786e+00 1.6325e-01 -2.5341e+00 2.9967e+00 1.5642e+00 5.8119e+02
7.4429e-03 6.4810e-01 -3.5537e-02 3.9622e-01 2.8126e-01 5.8067e+00 9.7786e+00 4.5695e+00 1.7907e-01 -2.6351e+00 3.1380e+00 1.6402e+00 5.8274e+02
7.6166e-03 6.9722e-01 -3.5675e-02 4.3098e-01 3.0377e-01 6.0628e+00 1.0147e+01 4.7681e+00 1.9638e-01 -2.7395e+00 3.2859e+00 1.7199e+00 5.8425e+02
7.7944e-03 7.4978e-01 -3.5568e-02 4.6872e-01 3.2798e-01 6.3295e+00 1.0527e+01 4.9746e+00 2.1531e-01 -2.8471e+00 3.4408e+00 1.8035e+00 5.8571e+02
7.9763e-03 8.0599e-01 -3.5175e-02 5.0969e-01 3.5401e-01 6.6071e+00 1.0918e+01 5.1894e+00 2.3602e-01 -2.9580e+00 3.6030e+00 1.8912e+00 5.8713e+02
8.1625e-03 8.6608e-01 -3.4452e-02 5.5414e-01 3.8198e-01 6.8961e+00 1.1320e+01 5.4127e+00 2.5865e-01 -3.0724e+00 3.7728e+00 1.9831e+00 5.8849e+02
8.3530e-03 9.3029e-01 -3.3348e-02 6.0237e-01 4.1202e-01 7.1968e+00 1.1732e+01 5.6448e+00 2.8339e-01 -3.1901e+00 3.9506e+00 2.0796e+00 5.8982e+02
8.5480e-03 9.9885e-01 -3.1809e-02 6.5470e-01 4.4428e-01 7.5096e+00 1.2156e+01 5.8860e+00 3.1041e-01 -3.3112e+00 4.1368e+00 2.1807e+00 5.9110e+02
8.7475e-03 1.0720e+00 -2.9773e-02 7.1144e-01 4.7890e-01 7.8349e+00 1.2591e+01 6.1365e+00 3.3993e-01 -3.4357e+00 4.3317e+00 2.2868e+00 5.9233e+02
8.9517e-03 1.1501e+00 -2.7175e-02 7.7296e-01 5.1604e-01 8.1732e+00 1.3038e+01 6.3967e+00 3.7215e-01 -3.5637e+00 4.5357e+00 2.3981e+00 5.9353e+02
9.1606e-03 1.2333e+00 -2.3941e-02 8.3965e-01 5.5586e-01 8.5249e+00 1.3495e+01 6.6668e+00 4.0731e-01 -3.6950e+00 4.7493e+00 2.5148e+00 5.9468e+02
9.3744e-03 1.3220e+00 -1.9990e-02 9.1192e-01 5.9853e-01 8.8904e+00 1.3963e+01 6.9472e+00 4.4568e-01 -3.8297e+00 4.9730e+00 2.6371e+00 5.9579e+02
9.5932e-03 1.4164e+00 -1.5234e-02 9.9022e-01 6.4424e-01 9.2702e+00 1.4443e+01 7.2381e+00 4.8751e-01 -3.9677e+00 5.2071e+00 2.7655e+00 5.9686e+02
9.8171e-03 1.5169e+00 -9.5760e-03 1.0750e+00 6.9319e-01 9.6647e+00 1.4933e+01 7.5399e+00 5.3311e-01 -4.1090e+00 5.4522e+00 2.9000e+00 5.9789e+02
1.0046e-02 1.6238e+00 -2.9124e-03 1.1669e+00 7.4556e-01 1.0074e+01 1.5435e+01 7.8528e+00 5.8281e-01 -4.2534e+00 5.7087e+00 3.0411e+00 5.9889e+02
1.0281e-02 1.7374e+00 4.8718e-03 1.2663e+00 8.0158e-01 1.0499e+01 1.5946e+01 8.1771e+00 6.3693e-01 -4.4010e+00 5.9773e+00 3.1889e+00 5.9984e+02
1.0521e-02 1.8581e+00 1.3899e-02 1.3739e+00 8.6147e-01 1.0941e+01 1.6469e+01 8.5133e+00 6.9585e-01 -4.5516e+00 6.2584e+00 3.3440e+00 6.0076e+02
1.0766e-02 1.9862e+00 2.4304e-02 1.4903e+00 9.2545e-01 1.1399e+01 1.7001e+01 8.8615e+00 7.5998e-01 -4.7051e+00 6.5526e+00 3.5065e+00 6.0165e+02
1.1018e-02 2.1221e+00 3.6233e-02 1.6162e+00 9.9377e-01 1.1874e+01 1.7544e+01 9.2220e+00 8.2973e-01 -4.8613e+00 6.8606e+00 3.6768e+00 6.0249e+02
1.1275e-02 2.2662e+00 4.9842e-02 1.7523e+00 1.0667e+00 1.2366e+01 1.8096e+01 9.5952e+00 9.0558e-01 -5.0202e+00 7.1829e+00 3.8553e+00 6.0330e+02
1.1538e-02 2.4189e+00 6.5301e-02 1.8994e+00 1.1445e+00 1.2876e+01 1.8658e+01 9.9814e+00 9.8799e-01 -5.1814e+00 7.5202e+00 4.0424e+00 6.0408e+02
1.1807e-02 2.5806e+00 8.2790e-02 2.0584e+00 1.2274e+00 1.3405e+01 1.9229e+01 1.0381e+01 1.0775e+00 -5.3449e+00 7.8732e+00 4.2383e+00 6.0483e+02
1.2083e-02 2.7516e+00 1.0250e-01 2.2301e+00 1.3157e+00 1.3952e+01 1.9809e+01 1.0794e+01 1.1747e+00 -5.5104e+00 8.2426e+00 4.4436e+00 6.0554e+02
1.2365e-02 2.9323e+00 1.2465e-01 2.4155e+00 1.4097e+00 1.4519e+01 2.0396e+01 1.1221e+01 1.2802e+00 -5.6776e+00 8.6291e+00 4.6587e+00 6.0621e+02
1.2653e-02 3.1233e+00 1.4945e-01 2.6156e+00 1.5098e+00 1.5106e+01 2.0992e+01 1.1662e+01 1.3946e+00 -5.8462e+00 9.0335e+00 4.8839e+00 6.0686e+02
1.2949e-02 3.3249e+00 1.7714e-01 2.8315e+00 1.6162e+00 1.5713e+01 2.1595e+01 1.2117e+01 1.5185e+00 -6.0160e+00 9.4566e+00 5.1197e+00 6.0747e+02
1.3251e-02 3.5375e+00 2.0797e-01 3.0643e+00 1.7292e+00 1.6340e+01 2.2205e+01 1.2587e+01 1.6529e+00 -6.1866e+00 9.8992e+00 5.3665e+00 6.0806e+02
1.3560e-02 3.7616e+00 2.4222e-01 3.3153e+00 1.8493e+00 1.6989e+01 2.2821e+01 1.3072e+01 1.7983e+00 -6.3576e+00 1.0362e+01 5.6249e+00 6.0861e+02
1.3877e-02 3.9977e+00 2.8016e-01 3.5858e+00 1.9767e+00 1.7660e+01 2.3443e+01 1.3572e+01 1.9557e+00 -6.5287e+00 1.0846e+01 5.8953e+00 6.0914e+02
1.4201e-02 4.2460e+00 3.2210e-01 3.8771e+00 2.1118e+00 1.8352e+01 2.4069e+01 1.4088e+01 2.1259e+00 -6.6994e+00 1.1353e+01 6.1781e+00 6.0963e+02
1.4532e-02 4.5072e+00 3.6833e-01 4.1907e+00 2.2549e+00 1.9067e+01 2.4700e+01 1.4619e+01 2.3098e+00 -6.8692e+00 1.1882e+01 6.4740e+00 6.1009e+02
1.4871e-02 4.7815e+00 4.1921e-01 4.5281e+00 2.4065e+00 1.9804e+01 2.5335e+01 1.5166e+01 2.5085e+00 -7.0377e+00 1.2436e+01 6.7834e+00 6.1053e+02
1.5218e-02 5.0694e+00 4.7507e-01 4.8911e+00 2.5669e+00 2.0565e+01 2.5973e+01 1.5729e+01 2.7229e+00 -7.2044e+00 1.3015e+01 7.1067e+00 6.1094e+02
1.5573e-02 5.3714e+00 5.3627e-01 5.2813e+00 2.7365e+00 2.1349e+01 2.6613e+01 1.6308e+01 2.9542e+00 -7.3686e+00 1.3619e+01 7.4447e+00 6.1132e+02
1.5937e-02 5.6878e+00 6.0319e-01 5.7005e+00 2.9157e+00 2.2157e+01 2.7255e+01 1.6904e+01 3.2035e+00 -7.5297e+00 1.4252e+01 7.7978e+00 6.1167e+02
1.6309e-02 6.0190e+00 6.7622e-01 6.1506e+00 3.1048e+00 2.2990e+01 2.7898e+01 1.7516e+01 3.4720e+00 -7.6872e+00 1.4912e+01 8.1665e+00 6.1199e+02
1.6690e-02 6.3654e+00 7.5576e-01 6.6338e+00 3.3042e+00 2.3846e+01 2.8540e+01 1.8145e+01 3.7611e+00 -7.8404e+00 1.5603e+01 8.5515e+00 6.1229e+02
1.7079e-02 6.7274e+00 8.4222e-01 7.1521e+00 3.5145e+00 2.4728e+01 2.9182e+01 1.8790e+01 4.0720e+00 -7.9886e+00 1.6324e+01 8.9533e+00 6.1256e+02
1.7478e-02 7.1053e+00 9.3604e-01 7.7077e+00 3.7358e+00 2.5635e+01 2.9823e+01 1.9452e+01 4.4062e+00 -8.1310e+00 1.7077e+01 9.3724e+00 6.1280e+02
1.7886e-02 7.4995e+00 1.0376e+00 8.3032e+00 3.9687e+00 2.6566e+01 3.0461e+01 2.0131e+01 4.7651e+00 -8.2670e+00 1.7863e+01 9.8095e+00 6.1302e+02
1.8303e-02 7.9102e+00 1.1475e+00 8.9408e+00 4.2134e+00 2.7523e+01 3.1096e+01 2.0827e+01 5.1503e+00 -8.3957e+00 1.8684e+01 1.0265e+01 6.1321e+02
1.8730e-02 8.3377e+00 1.2659e+00 9.6233e+00 4.4704e+00 2.8506e+01 3.1727e+01 2.1540e+01 5.5634e+00 -8.5163e+00 1.9541e+01 1.0740e+01 6.1337e+02
1.9167e-02 8.7822e+00 1.3935e+00 1.0353e+01 4.7401e+00 2.9515e+01 3.2353e+01 2.2270e+01 6.0059e+00 -8.6281e+00 2.0435e+01 1.1234e+01 6.1351e+02
1.9615e-02 9.2441e+00 1.5306e+00 1.1133e+01 5.0226e+00 3.0549e+01 3.2975e+01 2.3017e+01 6.4797e+00 -8.7301e+00 2.1368e+01 1.1749e+01 6.1362e+02
2.0073e-02 9.7235e+00 1.6777e+00 1.1966e+01 5.3185e+00 3.1609e+01 3.3590e+01 2.3780e+01 6.9863e+00 -8.8216e+00 2.2340e+01 1.2284e+01 6.1371e+02
2.0541e-02 1.0221e+01 1.8352e+00 1.2855e+01 5.6279e+00 3.2695e+01 3.4198e+01 2.4561e+01 7.5276e+00 -8.9017e+00 2.3355e+01 1.2840e+01 6.1377e+02
2.1021e-02 1.0736e+01 2.0036e+00 1.3803e+01 5.9513e+00 3.3807e+01 3.4799e+01 2.5357e+01 8.1055e+00 -8.9696e+00 2.4412e+01 1.3418e+01 6.1380e+02
2.1511e-02 1.1268e+01 2.1831e+00 1.4814e+01 6.2888e+00 3.4945e+01 3.5392e+01 2.6171e+01 8.7219e+00 -9.0242e+00 2.5514e+01 1.4019e+01 6.1381e+02
2.2013e-02 1.1819e+01 2.3743e+00 1.5890e+01 6.6406e+00 3.6108e+01 3.5976e+01 2.7001e+01 9.3786e+00 -9.0650e+00 2.6661e+01 1.4642e+01 6.1379e+02
2.2527e-02 1.2388e+01 2.5775e+00 1.7034e+01 7.0071e+00 3.7297e+01 3.6551e+01 2.7847e+01 1.0077e+01 -9.0908e+00 2.7856e+01 1.5289e+01 6.1374e+02
2.3053e-02 1.2975e+01 2.7929e+00 1.8251e+01 7.3884e+00 3.8512e+01 3.7116e+01 2.8709e+01 1.0821e+01 -9.1011e+00 2.9100e+01 1.5959e+01 6.1367e+02
2.3591e-02 1.3580e+01 3.0211e+00 1.9543e+01 7.7846e+00 3.9752e+01 3.7671e+01 2.9586e+01 1.1610e+01 -9.0948e+00 3.0394e+01 1.6653e+01 6.1357e+02
2.4142e-02 1.4203e+01 3.2621e+00 2.0914e+01 8.1959e+00 4.1017e+01 3.8214e+01 3.0480e+01 1.2447e+01 -9.0713e+00 3.1740e+01 1.7372e+01 6.1345e+02
2.4705e-02 1.4844e+01 3.5163e+00 2.2368e+01 8.6224e+00 4.2307e+01 3.8746e+01 3.1388e+01 1.3334e+01 -9.0299e+00 3.3139e+01 1.8115e+01 6.1329e+02
2.5282e-02 1.5502e+01 3.7838e+00 2.3907e+01 9.0641e+00 4.3621e+01 3.9267e+01 3.2312e+01 1.4274e+01 -8.9697e+00 3.4593e+01 1.8884e+01 6.1311e+02
2.5872e-02 1.6178e+01 4.0648e+00 2.5535e+01 9.5210e+00 4.4960e+01 3.9775e+01 3.3251e+01 1.5267e+01 -8.8901e+00 3.6103e+01 1.9677e+01 6.1290e+02
2.6476e-02 1.6872e+01 4.3595e+00 2.7256e+01 9.9931e+00 4.6322e+01 4.0271e+01 3.4204e+01 1.6316e+01 -8.7906e+00 3.7671e+01 2.0497e+01 6.1267e+02
2.7094e-02 1.7583e+01 4.6679e+00 2.9074e+01 1.0480e+01 4.7708e+01 4.0753e+01 3.5171e+01 1.7422e+01 -8.6705e+00 3.9298e+01 2.1341e+01 6.1240e+02
2.7726e-02 1.8312e+01 4.9900e+00 3.0991e+01 1.0983e+01 4.9117e+01 4.1222e+01 3.6152e+01 1.8589e+01 -8.5294e+00 4.0985e+01 2.2212e+01 6.1211e+02
2.8373e-02 1.9057e+01 5.3258e+00 3.3012e+01 1.1500e+01 5.0548e+01 4.1677e+01 3.7146e+01 1.9816e+01 -8.3668e+00 4.2734e+01 2.3109e+01 6.1179e+02
2.9035e-02 1.9819e+01 5.6752e+00 3.5140e+01 1.2032e+01 5.2002e+01 4.2118e+01 3.8154e+01 2.1107e+01 -8.1824e+00 4.4546e+01 2.4031e+01 6.1143e+02
2.9713e-02 2.0598e+01 6.0380e+00 3.7378e+01 1.2579e+01 5.3478e+01 4.2544e+01 3.9175e+01 2.2462e+01 -7.9759e+00 4.6423e+01 2.4979e+01 6.1105e+02
3.0406e-02 2.1393e+01 6.4140e+00 3.9730e+01 1.3140e+01 5.4975e+01 4.2955e+01 4.0208e+01 2.3884e+01 -7.7472e+00 4.8366e+01 2.5953e+01 6.1064e+02
3.1116e-02 2.2205e+01 6.8031e+00 4.2198e+01 1.3715e+01 5.6493e+01 4.3350e+01 4.1254e+01 2.5373e+01 -7.4960e+00 5.0375e+01 2.6953e+01 6.1019e+02
3.1842e-02 2.3033e+01 7.2048e+00 4.4786e+01 1.4303e+01 5.8030e+01 4.3728e+01 4.2311e+01 2.6931e+01 -7.2223e+00 5.2453e+01 2.7978e+01 6.0971e+02
3.2586e-02 2.3877e+01 7.6189e+00 4.7496e+01 1.4906e+01 5.9587e+01 4.4088e+01 4.3380e+01 2.8560e+01 -6.9262e+00 5.4600e+01 2.9029e+01 6.0920e+02
3.3346e-02 2.4737e+01 8.0449e+00 5.0332e+01 1.5521e+01 6.1164e+01 4.4430e+01 4.4461e+01 3.0260e+01 -6.6075e+00 5.6816e+01 3.0105e+01 6.0866e+02
3.4124e-02 2.5613e+01 8.4826e+00 5.3295e+01 1.6149e+01 6.2759e+01 4.4753e+01 4.5552e+01 3.2033e+01 -6.2664e+00 5.9104e+01 3.1205e+01 6.0808e+02
3.4921e-02 2.6505e+01 8.9315e+00 5.6388e+01 1.6790e+01 6.4373e+01 4.5055e+01 4.6655e+01 3.3879e+01 -5.9029e+00 6.1464e+01 3.2330e+01 6.0747e+02
3.5736e-02 2.7413e+01 9.3913e+00 5.9614e+01 1.7443e+01 6.6003e+01 4.5334e+01 4.7767e+01 3.5799e+01 -5.5171e+00 6.3896e+01 3.3480e+01 6.0682e+02
3.6570e-02 2.8337e+01 9.8617e+00 6.2975e+01 1.8108e+01 6.7651e+01 4.5589e+01 4.8889e+01 3.7795e+01 -5.1088e+00 6.6402e+01 3.4654e+01 6.0613e+02
3.7424e-02 2.9278e+01 1.0342e+01 6.6472e+01 1.8785e+01 6.9314e+01 4.5818e+01 5.0021e+01 3.9867e+01 -4.6781e+00 6.8982e+01 3.5852e+01 6.0541e+02
3.8297e-02 3.0235e+01 1.0833e+01 7.0108e+01 1.9474e+01 7.0993e+01 4.6019e+01 5.1162e+01 4.2015e+01 -4.2248e+00 7.1637e+01 3.7074e+01 6.0465e+02
3.9191e-02 3.1209e+01 1.1334e+01 7.3886e+01 2.0174e+01 7.2689e+01 4.6190e+01 5.2314e+01 4.4242e+01 -3.7484e+00 7.4368e+01 3.8320e+01 6.0385e+02
4.0106e-02 3.2199e+01 1.1844e+01 7.7806e+01 2.0887e+01 7.4398e+01 4.6327e+01 5.3473e+01 4.6548e+01 -3.2487e+00 7.7175e+01 3.9590e+01 6.0301e+02
4.1042e-02 3.3207e+01 1.2364e+01 8.1873e+01 2.1611e+01 7.6121e+01 4.6429e+01 5.4640e+01 4.8934e+01 -2.7248e+00 8.0059e+01 4.0884e+01 6.0213e+02
4.2000e-02 3.4233e+01 1.2895e+01 8.6087e+01 2.2347e+01 7.7856e+01 4.6492e+01 5.5815e+01 5.1402e+01 -2.1759e+00 8.3022e+01 4.2201e+01 6.0120e+02
4.2980e-02 3.5276e+01 1.3436e+01 9.0452e+01 2.3096e+01 7.9604e+01 4.6513e+01 5.6996e+01 5.3952e+01 -1.6007e+00 8.6063e+01 4.3544e+01 6.0024e+02
4.3983e-02 3.6337e+01 1.3988e+01 9.4969e+01 2.3858e+01 8.1362e+01 4.6490e+01 5.8184e+01 5.6587e+01 -9.9780e-01 8.9183e+01 4.4910e+01 5.9923e+02
4.5010e-02 3.7417e+01 1.4552e+01 9.9643e+01 2.4633e+01 8.3132e+01 4.6418e+01 5.9378e+01 5.9309e+01 -3.6521e-01 9.2384e+01 4.6303e+01 5.9817e+02
4.6060e-02 3.8515e+01 1.5129e+01 1.0448e+02 2.5423e+01 8.4911e+01 4.6294e+01 6.0578e+01 6.2119e+01 2.9936e-01 9.5666e+01 4.7721e+01 5.9707e+02
4.7135e-02 3.9632e+01 1.5719e+01 1.0947e+02 2.6228e+01 8.6698e+01 4.6115e+01 6.1781e+01 6.5021e+01 9.9862e-01 9.9030e+01 4.9166e+01 5.9592e+02
4.8235e-02 4.0767e+01 1.6325e+01 1.1463e+02 2.7048e+01 8.8492e+01 4.5878e+01 6.2986e+01 6.8017e+01 1.7358e+00 1.0248e+02 5.0638e+01 5.9472e+02
4.9361e-02 4.1920e+01 1.6949e+01 1.1996e+02 2.7887e+01 9.0290e+01 4.5580e+01 6.4193e+01 7.1110e+01 2.5144e+00 1.0601e+02 5.2140e+01 5.9347e+02
5.0513e-02 4.3091e+01 1.7591e+01 1.2547e+02 2.8743e+01 9.2092e+01 4.5218e+01 6.5400e+01 7.4306e+01 3.3385e+00 1.0962e+02 5.3671e+01 5.9217e+02
5.1692e-02 4.4280e+01 1.8255e+01 1.3116e+02 2.9620e+01 9.3898e+01 4.4790e+01 6.6607e+01 7.7608e+01 4.2125e+00 1.1333e+02 5.5234e+01 5.9081e+02
5.2899e-02 4.5486e+01 1.8942e+01 1.3705e+02 3.0518e+01 9.5705e+01 4.4293e+01 6.7812e+01 8.1022e+01 5.1411e+00 1.1712e+02 5.6829e+01 5.8941e+02
5.4134e-02 4.6708e+01 1.9654e+01 1.4312e+02 3.1438e+01 9.7510e+01 4.3728e+01 6.9011e+01 8.4554e+01 6.1292e+00 1.2100e+02 5.8459e+01 5.8795e+02
5.5397e-02 4.7943e+01 2.0395e+01 1.4941e+02 3.2382e+01 9.9311e+01 4.3092e+01 7.0203e+01 8.8207e+01 7.1818e+00 1.2497e+02 6.0123e+01 5.8643e+02
5.6690e-02 4.9191e+01 2.1165e+01 1.5590e+02 3.3350e+01 1.0111e+02 4.2388e+01 7.1386e+01 9.1989e+01 8.3041e+00 1.2904e+02 6.1823e+01 5.8486e+02
5.8013e-02 5.0449e+01 2.1968e+01 1.6261e+02 3.4344e+01 1.0289e+02 4.1615e+01 7.2557e+01 9.5904e+01 9.5010e+00 1.3320e+02 6.3560e+01 5.8322e+02
5.9367e-02 5.1715e+01 2.2805e+01 1.6955e+02 3.5363e+01 1.0466e+02 4.0775e+01 7.3713e+01 9.9959e+01 1.0777e+01 1.3746e+02 6.5334e+01 5.8153e+02
6.0753e-02 5.2989e+01 2.3679e+01 1.7673e+02 3.6410e+01 1.0642e+02 3.9872e+01 7.4856e+01 1.0416e+02 1.2137e+01 1.4181e+02 6.7146e+01 5.7977e+02
6.2171e-02 5.4265e+01 2.4589e+01 1.8414e+02 3.7483e+01 1.0817e+02 3.8910e+01 7.5978e+01 1.0851e+02 1.3583e+01 1.4625e+02 6.8995e+01 5.7796e+02
6.3622e-02 5.5540e+01 2.5538e+01 1.9181e+02 3.8582e+01 1.0989e+02 3.7893e+01 7.7078e+01 1.1301e+02 1.5119e+01 1.5079e+02 7.0880e+01 5.7607e+02
6.5107e-02 5.6811e+01 2.6525e+01 1.9972e+02 3.9705e+01 1.1158e+02 3.6829e+01 7.8152e+01 1.1766e+02 1.6746e+01 1.5543e+02 7.2799e+01 5.7413e+02
6.6627e-02 5.8073e+01 2.7550e+01 2.0790e+02 4.0851e+01 1.1325e+02 3.5722e+01 7.9197e+01 1.2248e+02 1.8464e+01 1.6016e+02 7.4751e+01 5.7211e+02
6.8182e-02 5.9322e+01 2.8611e+01 2.1633e+02 4.2017e+01 1.1488e+02 3.4582e+01 8.0210e+01 1.2745e+02 2.0270e+01 1.6499e+02 7.6732e+01 5.7003e+02
6.9773e-02 6.0559e+01 2.9707e+01 2.2502e+02 4.3201e+01 1.1649e+02 3.3416e+01 8.1193e+01 1.3258e+02 2.2160e+01 1.6990e+02 7.8736e+01 5.6788e+02
7.1402e-02 6.1776e+01 3.0832e+01 2.3396e+02 4.4397e+01 1.1805e+02 3.2233e+01 8.2141e+01 1.3786e+02 2.4130e+01 1.7490e+02 8.0760e+01 5.6566e+02
7.3068e-02 6.2968e+01 3.1983e+01 2.4316e+02 4.5601e+01 1.1958e+02 3.1042e+01 8.3049e+01 1.4329e+02 2.6169e+01 1.7998e+02 8.2797e+01 5.6337e+02
7.4773e-02 6.4131e+01 3.3154e+01 2.5258e+02 4.6806e+01 1.2105e+02 2.9849e+01 8.3917e+01 1.4885e+02 2.8269e+01 1.8514e+02 8.4838e+01 5.6101e+02
7.6519e-02 6.5262e+01 3.4339e+01 2.6224e+02 4.8007e+01 1.2248e+02 2.8664e+01 8.4742e+01 1.5453e+02 3.0415e+01 1.9036e+02 8.6877e+01 5.5857e+02
7.8305e-02 6.6357e+01 3.5529e+01 2.7210e+02 4.9195e+01 1.2386e+02 2.7494e+01 8.5524e+01 1.6032e+02 3.2595e+01 1.9565e+02 8.8905e+01 5.5606e+02
8.0132e-02 6.7418e+01 3.6718e+01 2.8215e+02 5.0365e+01 1.2519e+02 2.6342e+01 8.6266e+01 1.6621e+02 3.4790e+01 2.0099e+02 9.0911e+01 5.5347e+02
8.2003e-02 6.8441e+01 3.7895e+01 2.9236e+02 5.1509e+01 1.2647e+02 2.5214e+01 8.6968e+01 1.7217e+02 3.6984e+01 2.0637e+02 9.2886e+01 5.5082e+02
8.3917e-02 6.9423e+01 3.9053e+01 3.0270e+02 5.2618e+01 1.2769e+02 2.4110e+01 8.7627e+01 1.7818e+02 3.9160e+01 2.1179e+02 9.4821e+01 5.4808e+02
8.5875e-02 7.0361e+01 4.0182e+01 3.1314e+02 5.3685e+01 1.2885e+02 2.3031e+01 8.8244e+01 1.8422e+02 4.1299e+01 2.1721e+02 9.6708e+01 5.4527e+02
8.7880e-02 7.1256e+01 4.1274e+01 3.2365e+02 5.4705e+01 1.2996e+02 2.1974e+01 8.8821e+01 1.9026e+02 4.3387e+01 2.2265e+02 9.8539e+01 5.4239e+02
8.9931e-02 7.2109e+01 4.2323e+01 3.3419e+02 5.5673e+01 1.3101e+02 2.0935e+01 8.9360e+01 1.9629e+02 4.5410e+01 2.2808e+02 1.0031e+02 5.3944e+02
9.2030e-02 7.2922e+01 4.3325e+01 3.4476e+02 5.6586e+01 1.3201e+02 1.9907e+01 8.9865e+01 2.0229e+02 4.7359e+01 2.3350e+02 1.0201e+02 5.3641e+02
9.4178e-02 7.3705e+01 4.4278e+01 3.5531e+02 5.7446e+01 1.3296e+02 1.8882e+01 9.0343e+01 2.0825e+02 4.9227e+01 2.3890e+02 1.0365e+02 5.3330e+02
9.6376e-02 7.4450e+01 4.5178e+01 3.6585e+02 5.8249e+01 1.3385e+02 1.7852e+01 9.0791e+01 2.1417e+02 5.1013e+01 2.4429e+02 1.0521e+02 5.3013e+02
9.8625e-02 7.5161e+01 4.6028e+01 3.7636e+02 5.9000e+01 1.3469e+02 1.6806e+01 9.1210e+01 2.2003e+02 5.2722e+01 2.4964e+02 1.0672e+02 5.2688e+02
1.0093e-01 7.5838e+01 4.6830e+01 3.8683e+02 5.9701e+01 1.3548e+02 1.5734e+01 9.1602e+01 2.2585e+02 5.4362e+01 2.5497e+02 1.0816e+02 5.2356e+02
1.0328e-01 7.6486e+01 4.7591e+01 3.9729e+02 6.0361e+01 1.3622e+02 1.4628e+01 9.1969e+01 2.3162e+02 5.5949e+01 2.6029e+02 1.0956e+02 5.2018e+02
1.0569e-01 7.7104e+01 4.8320e+01 4.0774e+02 6.0989e+01 1.3690e+02 1.3479e+01 9.2310e+01 2.3738e+02 5.7503e+01 2.6558e+02 1.1092e+02 5.1672e+02
1.0816e-01 7.7710e+01 4.9031e+01 4.1820e+02 6.1598e+01 1.3755e+02 1.2283e+01 9.2636e+01 2.4314e+02 5.9049e+01 2.7087e+02 1.1225e+02 5.1320e+02
1.1068e-01 7.8292e+01 4.9732e+01 4.2872e+02 6.2197e+01 1.3815e+02 1.1038e+01 9.2937e+01 2.4893e+02 6.0614e+01 2.7616e+02 1.1357e+02 5.0961e+02
1.1327e-01 7.8848e+01 5.0435e+01 4.3932e+02 6.2795e+01 1.3870e+02 9.7448e+00 9.3210e+01 2.5478e+02 6.2224e+01 2.8147e+02 1.1488e+02 5.0595e+02
1.1591e-01 7.9376e+01 5.1151e+01 4.5005e+02 6.3401e+01 1.3919e+02 8.4087e+00 9.3452e+01 2.6071e+02 6.3905e+01 2.8681e+02 1.1620e+02 5.0223e+02
1.1862e-01 7.9875e+01 5.1890e+01 4.6094e+02 6.4023e+01 1.3963e+02 7.0387e+00 9.3660e+01 2.6675e+02 6.5678e+01 2.9218e+02 1.1754e+02 4.9844e+02
1.2139e-01 8.0342e+01 5.2658e+01 4.7202e+02 6.4665e+01 1.4002e+02 5.6473e+00 9.3830e+01 2.7293e+02 6.7554e+01 2.9759e+02 1.1891e+02 4.9458e+02
1.2422e-01 8.0785e+01 5.3461e+01 4.8331e+02 6.5333e+01 1.4035e+02 4.2494e+00 9.3964e+01 2.7925e+02 6.9540e+01 3.0306e+02 1.2029e+02 4.9065e+02
1.2712e-01 8.1199e+01 5.4297e+01 4.9480e+02 6.6023e+01 1.4063e+02 2.8619e+00 9.4057e+01 2.8571e+02 7.1626e+01 3.0856e+02 1.2168e+02 4.8666e+02
1.3009e-01 8.1571e+01 5.5158e+01 5.0648e+02 6.6723e+01 1.4085e+02 1.5014e+00 9.4101e+01 2.9228e+02 7.3795e+01 3.1410e+02 1.2307e+02 4.8260e+02
1.3312e-01 8.1898e+01 5.6031e+01 5.1831e+02 6.7422e+01 1.4100e+02 1.8387e-01 9.4092e+01 2.9895e+02 7.6017e+01 3.1965e+02 1.2444e+02 4.7847e+02
1.3623e-01 8.2178e+01 5.6903e+01 5.3023e+02 6.8105e+01 1.4108e+02 -1.0777e+00 9.4031e+01 3.0566e+02 7.8252e+01 3.2520e+02 1.2578e+02 4.7428e+02
1.3941e-01 8.2408e+01 5.7755e+01 5.4216e+02 6.8754e+01 1.4110e+02 -2.2743e+00 9.3916e+01 3.1236e+02 8.0456e+01 3.3070e+02 1.2705e+02 4.7002e+02
1.4266e-01 8.2595e+01 5.8569e+01 5.5404e+02 6.9356e+01 1.4106e+02 -3.4018e+00 9.3753e+01 3.1900e+02 8.2579e+01 3.3614e+02 1.2824e+02 4.6569e+02
1.4599e-01 8.2752e+01 5.9334e+01 5.6577e+02 6.9899e+01 1.4097e+02 -4.4616e+00 9.3551e+01 3.2550e+02 8.4578e+01 3.4149e+02 1.2931e+02 4.6130e+02
1.4940e-01 8.2863e+01 6.0027e+01 5.7727e+02 7.0364e+01 1.4082e+02 -5.4607e+00 9.3306e+01 3.3183e+02 8.6415e+01 3.4672e+02 1.3027e+02 4.5685e+02
1.5289e-01 8.2934e+01 6.0637e+01 5.8850e+02 7.0742e+01 1.4061e+02 -6.4109e+00 9.3022e+01 3.3794e+02 8.8065e+01 3.5180e+02 1.3109e+02 4.5234e+02
1.5645e-01 8.2966e+01 6.1162e+01 5.9940e+02 7.1033e+01 1.4034e+02 -7.3275e+00 9.2704e+01 3.4382e+02 8.9521e+01 3.5673e+02 1.3178e+02 4.4778e+02
1.6011e-01 8.2965e+01 6.1604e+01 6.0997e+02 7.1243e+01 1.4003e+02 -8.2273e+00 9.2359e+01 3.4946e+02 9.0797e+01 3.6151e+02 1.3234e+02 4.4317e+02
1.6384e-01 8.2934e+01 6.1976e+01 6.2023e+02 7.1385e+01 1.3966e+02 -9.1262e+00 9.1989e+01 3.5489e+02 9.1924e+01 3.6615e+02 1.3280e+02 4.3851e+02
1.6767e-01 8.2898e+01 6.2304e+01 6.3024e+02 7.1487e+01 1.3927e+02 -1.0037e+01 9.1609e+01 3.6016e+02 9.2950e+01 3.7068e+02 1.3318e+02 4.3381e+02
1.7158e-01 8.2837e+01 6.2602e+01 6.4010e+02 7.1562e+01 1.3883e+02 -1.0966e+01 9.1208e+01 3.6534e+02 9.3930e+01 3.7512e+02 1.3351e+02 4.2907e+02
1.7559e-01 8.2748e+01 6.2892e+01 6.4989e+02 7.1630e+01 1.3834e+02 -1.1914e+01 9.0786e+01 3.7050e+02 9.4920e+01 3.7951e+02 1.3383e+02 4.2429e+02
1.7968e-01 8.2628e+01 6.3192e+01 6.5970e+02 7.1708e+01 1.3781e+02 -1.2875e+01 9.0339e+01 3.7570e+02 9.5968e+01 3.8389e+02 1.3414e+02 4.1947e+02
1.8388e-01 8.2474e+01 6.3514e+01 6.6959e+02 7.1806e+01 1.3723e+02 -1.3836e+01 8.9863e+01 3.8097e+02 9.7104e+01 3.8827e+02 1.3446e+02 4.1462e+02
1.8817e-01 8.2280e+01 6.3863e+01 6.7959e+02 7.1927e+01 1.3660e+02 -1.4780e+01 8.9353e+01 3.8633e+02 9.8335e+01 3.9266e+02 1.3480e+02 4.0972e+02
1.9256e-01 8.2055e+01 6.4238e+01 6.8966e+02 7.2066e+01 1.3592e+02 -1.5689e+01 8.8812e+01 3.9177e+02 9.9642e+01 3.9704e+02 1.3515e+02 4.0479e+02
1.9706e-01 8.1792e+01 6.4619e+01 6.9977e+02 7.2206e+01 1.3518e+02 -1.6546e+01 8.8234e+01 3.9723e+02 1.0098e+02 4.0139e+02 1.3547e+02 3.9982e+02
2.0166e-01 8.1479e+01 6.4980e+01 7.0982e+02 7.2319e+01 1.3440e+02 -1.7339e+01 8.7615e+01 4.0264e+02 1.0229e+02 4.0568e+02 1.3573e+02 3.9482e+02
2.0636e-01 8.1119e+01 6.5293e+01 7.1966e+02 7.2380e+01 1.3355e+02 -1.8064e+01 8.6957e+01 4.0791e+02 1.0349e+02 4.0985e+02 1.3591e+02 3.8979e+02
2.1118e-01 8.0714e+01 6.5536e+01 7.2918e+02 7.2368e+01 1.3266e+02 -1.8725e+01 8.6264e+01 4.1295e+02 1.0454e+02 4.1385e+02 1.3597e+02 3.8472e+02
2.1611e-01 8.0271e+01 6.5693e+01 7.3828e+02 7.2271e+01 1.3172e+02 -1.9332e+01 8.5541e+01 4.1770e+02 1.0540e+02 4.1766e+02 1.3590e+02 3.7963e+02
2.2115e-01 7.9801e+01 6.5764e+01 7.4691e+02 7.2091e+01 1.3074e+02 -1.9901e+01 8.4796e+01 4.2215e+02 1.0605e+02 4.2126e+02 1.3570e+02 3.7452e+02
2.2631e-01 7.9318e+01 6.5762e+01 7.5512e+02 7.1844e+01 1.2973e+02 -2.0447e+01 8.4037e+01 4.2633e+02 1.0653e+02 4.2467e+02 1.3539e+02 3.6940e+02
2.3160e-01 7.8816e+01 6.5704e+01 7.6297e+02 7.1546e+01 1.2869e+02 -2.0985e+01 8.3265e+01 4.3030e+02 1.0689e+02 4.2792e+02 1.3499e+02 3.6426e+02
2.3700e-01 7.8299e+01 6.5618e+01 7.7058e+02 7.1226e+01 1.2762e+02 -2.1521e+01 8.2482e+01 4.3414e+02 1.0720e+02 4.3107e+02 1.3455e+02 3.5911e+02
2.4253e-01 7.7768e+01 6.5531e+01 7.7805e+02 7.0908e+01 1.2652e+02 -2.2055e+01 8.1686e+01 4.3793e+02 1.0751e+02 4.3415e+02 1.3409e+02 3.5396e+02
2.4819e-01 7.7221e+01 6.5461e+01 7.8549e+02 7.0609e+01 1.2539e+02 -2.2579e+01 8.0876e+01 4.4174e+02 1.0787e+02 4.3720e+02 1.3363e+02 3.4879e+02
2.5399e-01 7.6654e+01 6.5415e+01 7.9292e+02 7.0333e+01 1.2424e+02 -2.3080e+01 8.0047e+01 4.4557e+02 1.0829e+02 4.4023e+02 1.3318e+02 3.4362e+02
2.5991e-01 7.6071e+01 6.5381e+01 8.0033e+02 7.0069e+01 1.2305e+02 -2.3543e+01 7.9200e+01 4.4940e+02 1.0873e+02 4.4321e+02 1.3271e+02 3.3845e+02
2.6598e-01 7.5461e+01 6.5338e+01 8.0760e+02 6.9793e+01 1.2183e+02 -2.3959e+01 7.8329e+01 4.5315e+02 1.0915e+02 4.4611e+02 1.3221e+02 3.3326e+02
2.7219e-01 7.4822e+01 6.5257e+01 8.1461e+02 6.9480e+01 1.2058e+02 -2.4322e+01 7.7436e+01 4.5673e+02 1.0948e+02 4.4887e+02 1.3163e+02 3.2808e+02
2.7854e-01 7.4156e+01 6.5117e+01 8.2124e+02 6.9110e+01 1.1930e+02 -2.4639e+01 7.6524e+01 4.6006e+02 1.0966e+02 4.5146e+02 1.3096e+02 3.2290e+02
2.8504e-01 7.3465e+01 6.4909e+01 8.2744e+02 6.8676e+01 1.1799e+02 -2.4918e+01 7.5596e+01 4.6312e+02 1.0970e+02 4.5384e+02 1.3020e+02 3.1772e+02
2.9170e-01 7.2752e+01 6.4638e+01 8.3320e+02 6.8185e+01 1.1666e+02 -2.5172e+01 7.4657e+01 4.6592e+02 1.0959e+02 4.5605e+02 1.2934e+02 3.1256e+02
2.9850e-01 7.2021e+01 6.4320e+01 8.3862e+02 6.7654e+01 1.1530e+02 -2.5411e+01 7.3709e+01 4.6854e+02 1.0939e+02 4.5810e+02 1.2843e+02 3.0740e+02
3.0547e-01 7.1275e+01 6.3981e+01 8.4378e+02 6.7107e+01 1.1393e+02 -2.5639e+01 7.2753e+01 4.7104e+02 1.0916e+02 4.6006e+02 1.2748e+02 3.0227e+02
3.1260e-01 7.0516e+01 6.3643e+01 8.4881e+02 6.6565e+01 1.1253e+02 -2.5853e+01 7.1790e+01 4.7350e+02 1.0894e+02 4.6195e+02 1.2653e+02 2.9715e+02
3.1990e-01 6.9743e+01 6.3313e+01 8.5372e+02 6.6033e+01 1.1112e+02 -2.6046e+01 7.0818e+01 4.7592e+02 1.0873e+02 4.6379e+02 1.2556e+02 2.9204e+02
3.2736e-01 6.8957e+01 6.2985e+01 8.5850e+02 6.5505e+01 1.0969e+02 -2.6207e+01 6.9838e+01 4.7827e+02 1.0852e+02 4.6555e+02 1.2458e+02 2.8695e+02
3.3500e-01 6.8157e+01 6.2641e+01 8.6307e+02 6.4964e+01 1.0825e+02 -2.6334e+01 6.8848e+01 4.8049e+02 1.0825e+02 4.6720e+02 1.2356e+02 2.8188e+02
3.4282e-01 6.7343e+01 6.2259e+01 8.6733e+02 6.4389e+01 1.0679e+02 -2.6425e+01 6.7848e+01 4.8252e+02 1.0790e+02 4.6871e+02 1.2249e+02 2.7684e+02
3.5082e-01 6.6513e+01 6.1828e+01 8.7121e+02 6.3770e+01 1.0530e+02 -2.6487e+01 6.6838e+01 4.8432e+02 1.0745e+02 4.7004e+02 1.2135e+02 2.7182e+02
3.5901e-01 6.5675e+01 6.1358e+01 8.7471e+02 6.3118e+01 1.0381e+02 -2.6528e+01 6.5826e+01 4.8592e+02 1.0690e+02 4.7122e+02 1.2015e+02 2.6683e+02
3.6739e-01 6.4830e+01 6.0864e+01 8.7791e+02 6.2447e+01 1.0232e+02 -2.6553e+01 6.4813e+01 4.8738e+02 1.0629e+02 4.7228e+02 1.1892e+02 2.6187e+02
3.7597e-01 6.3978e+01 6.0359e+01 8.8087e+02 6.1771e+01 1.0082e+02 -2.6563e+01 6.3798e+01 4.8873e+02 1.0567e+02 4.7325e+02 1.1766e+02 2.5694e+02
3.8474e-01 6.3118e+01 5.9854e+01 8.8366e+02 6.1098e+01 9.9306e+01 -2.6555e+01 6.2782e+01 4.9000e+02 1.0503e+02 4.7414e+02 1.1640e+02 2.5204e+02
3.9372e-01 6.2250e+01 5.9344e+01 8.8626e+02 6.0425e+01 9.7792e+01 -2.6526e+01 6.1764e+01 4.9119e+02 1.0438e+02 4.7495e+02 1.1512e+02 2.4718e+02
4.0291e-01 6.1358e+01 5.8805e+01 8.8863e+02 5.9727e+01 9.6253e+01 -2.6472e+01 6.0736e+01 4.9224e+02 1.0369e+02 4.7565e+02 1.1381e+02 2.4236e+02
4.1232e-01 6.0461e+01 5.8243e+01 8.9070e+02 5.9011e+01 9.4711e+01 -2.6394e+01 5.9708e+01 4.9312e+02 1.0293e+02 4.7621e+02 1.1247e+02 2.3757e+02
4.2194e-01 5.9562e+01 5.7654e+01 8.9245e+02 5.8274e+01 9.3170e+01 -2.6297e+01 5.8681e+01 4.9383e+02 1.0211e+02 4.7664e+02 1.1109e+02 2.3282e+02
4.3179e-01 5.8661e+01 5.7046e+01 8.9389e+02 5.7523e+01 9.1630e+01 -2.6184e+01 5.7658e+01 4.9440e+02 1.0124e+02 4.7695e+02 1.0968e+02 2.2812e+02
4.4187e-01 5.7761e+01 5.6429e+01 8.9509e+02 5.6768e+01 9.0093e+01 -2.6057e+01 5.6639e+01 4.9485e+02 1.0034e+02 4.7717e+02 1.0826e+02 2.2346e+02
4.5218e-01 5.6861e+01 5.5809e+01 8.9606e+02 5.6014e+01 8.8560e+01 -2.5916e+01 5.5624e+01 4.9520e+02 9.9420e+01 4.7730e+02 1.0683e+02 2.1884e+02
4.6273e-01 5.5946e+01 5.5171e+01 8.9684e+02 5.5248e+01 8.7013e+01 -2.5759e+01 5.4605e+01 4.9545e+02 9.8481e+01 4.7734e+02 1.0538e+02 2.1427e+02
4.7353e-01 5.5024e+01 5.4517e+01 8.9737e+02 5.4471e+01 8.5465e+01 -2.5584e+01 5.3587e+01 4.9558e+02 9.7506e+01 4.7728e+02 1.0392e+02 2.0974e+02
4.8459e-01 5.4104e+01 5.3848e+01 8.9764e+02 5.3683e+01 8.3923e+01 -2.5393e+01 5.2575e+01 4.9556e+02 9.6491e+01 4.7710e+02 1.0243e+02 2.0527e+02
4.9590e-01 5.3186e+01 5.3166e+01 8.9763e+02 5.2888e+01 8.2388e+01 -2.5189e+01 5.1569e+01 4.9542e+02 9.5439e+01 4.7682e+02 1.0093e+02 2.0084e+02
5.0747e-01 5.2271e+01 5.2476e+01 8.9737e+02 5.2090e+01 8.0861e+01 -2.4974e+01 5.0571e+01 4.9516e+02 9.4361e+01 4.7644e+02 9.9418e+01 1.9646e+02
5.1931e-01 5.1360e+01 5.1783e+01 8.9689e+02 5.1293e+01 7.9344e+01 -2.4748e+01 4.9579e+01 4.9480e+02 9.3265e+01 4.7598e+02 9.7900e+01 1.9214e+02
5.3144e-01 5.0444e+01 5.1079e+01 8.9620e+02 5.0490e+01 7.7827e+01 -2.4510e+01 4.8592e+01 4.9434e+02 9.2150e+01 4.7544e+02 9.6375e+01 1.8787e+02
5.4384e-01 4.9518e+01 5.0356e+01 8.9527e+02 4.9674e+01 7.6306e+01 -2.4260e+01 4.7605e+01 4.9376e+02 9.1010e+01 4.7480e+02 9.4842e+01 1.8365e+02
5.5653e-01 4.8599e+01 4.9627e+01 8.9410e+02 4.8856e+01 7.4797e+01 -2.4000e+01 4.6627e+01 4.9307e+02 8.9845e+01 4.7406e+02 9.3300e+01 1.7948e+02
5.6952e-01 4.7686e+01 4.8892e+01 8.9269e+02 4.8038e+01 7.3301e+01 -2.3730e+01 4.5659e+01 4.9228e+02 8.8659e+01 4.7324e+02 9.1753e+01 1.7537e+02
5.8282e-01 4.6780e+01 4.8156e+01 8.9106e+02 4.7221e+01 7.1819e+01 -2.3452e+01 4.4701e+01 4.9139e+02 8.7458e+01 4.7233e+02 9.0204e+01 1.7132e+02
5.9642e-01 4.5882e+01 4.7419e+01 8.8923e+02 4.6408e+01 7.0350e+01 -2.3166e+01 4.3753e+01 4.9040e+02 8.6242e+01 4.7135e+02 8.8654e+01 1.6732e+02
6.1034e-01 4.4990e+01 4.6679e+01 8.8718e+02 4.5596e+01 6.8894e+01 -2.2872e+01 4.2814e+01 4.8931e+02 8.5012e+01 4.7028e+02 8.7103e+01 1.6338e+02
6.2458e-01 4.4082e+01 4.5917e+01 8.8491e+02 4.4769e+01 6.7431e+01 -2.2571e+01 4.1876e+01 4.8813e+02 8.3767e+01 4.6913e+02 8.5551e+01 1.5950e+02
6.3916e-01 4.3185e+01 4.5154e+01 8.8244e+02 4.3945e+01 6.5985e+01 -2.2263e+01 4.0949e+01 4.8685e+02 8.2508e+01 4.6790e+02 8.4001e+01 1.5567e+02
6.5408e-01 4.2297e+01 4.4392e+01 8.7977e+02 4.3125e+01 6.4556e+01 -2.1950e+01 4.0034e+01 4.8549e+02 8.1239e+01 4.6660e+02 8.2453e+01 1.5191e+02
6.6935e-01 4.1419e+01 4.3632e+01 8.7690e+02 4.2311e+01 6.3143e+01 -2.1632e+01 3.9131e+01 4.8405e+02 7.9963e+01 4.6524e+02 8.0910e+01 1.4820e+02
6.8497e-01 4.0552e+01 4.2874e+01 8.7384e+02 4.1503e+01 6.1749e+01 -2.1308e+01 3.8240e+01 4.8253e+02 7.8681e+01 4.6380e+02 7.9373e+01 1.4455e+02
7.0096e-01 3.9695e+01 4.2119e+01 8.7058e+02 4.0700e+01 6.0373e+01 -2.0981e+01 3.7362e+01 4.8092e+02 7.7393e+01 4.6229e+02 7.7842e+01 1.4096e+02
7.1732e-01 3.8831e+01 4.1352e+01 8.6713e+02 3.9891e+01 5.8998e+01 -2.0649e+01 3.6488e+01 4.7924e+02 7.6101e+01 4.6072e+02 7.6318e+01 1.3743e+02
7.3406e-01 3.7973e+01 4.0584e+01 8.6348e+02 3.9085e+01 5.7636e+01 -2.0314e+01 3.5624e+01 4.7747e+02 7.4806e+01 4.5907e+02 7.4802e+01 1.3396e+02
7.5119e-01 3.7126e+01 3.9820e+01 8.5964e+02 3.8286e+01 5.6295e+01 -1.9976e+01 3.4773e+01 4.7562e+02 7.3508e+01 4.5735e+02 7.3296e+01 1.3055e+02
7.6873e-01 3.6292e+01 3.9060e+01 8.5562e+02 3.7494e+01 5.4973e+01 -1.9635e+01 3.3936e+01 4.7370e+02 7.2207e+01 4.5557e+02 7.1798e+01 1.2720e+02
7.8667e-01 3.5470e+01 3.8306e+01 8.5141e+02 3.6710e+01 5.3672e+01 -1.9292e+01 3.3112e+01 4.7170e+02 7.0906e+01 4.5372e+02 7.0310e+01 1.2391e+02
8.0503e-01 3.4661e+01 3.7556e+01 8.4704e+02 3.5934e+01 5.2391e+01 -1.8948e+01 3.2301e+01 4.6963e+02 6.9605e+01 4.5181e+02 6.8834e+01 1.2068e+02
8.2382e-01 3.3855e+01 3.6804e+01 8.4249e+02 3.5160e+01 5.1121e+01 -1.8602e+01 3.1500e+01 4.6749e+02 6.8305e+01 4.4984e+02 6.7369e+01 1.1751e+02
8.4305e-01 3.3049e+01 3.6049e+01 8.3778e+02 3.4386e+01 4.9861e+01 -1.8255e+01 3.0707e+01 4.6529e+02 6.7007e+01 4.4782e+02 6.5916e+01 1.1439e+02
8.6272e-01 3.2257e+01 3.5300e+01 8.3289e+02 3.3621e+01 4.8623e+01 -1.7907e+01 2.9929e+01 4.6303e+02 6.5712e+01 4.4574e+02 6.4476e+01 1.1134e+02
8.8286e-01 3.1479e+01 3.4558e+01 8.2784e+02 3.2865e+01 4.7406e+01 -1.7560e+01 2.9164e+01 4.6070e+02 6.4422e+01 4.4361e+02 6.3049e+01 1.0835e+02
9.0347e-01 3.0714e+01 3.3824e+01 8.2265e+02 3.2120e+01 4.6211e+01 -1.7213e+01 2.8414e+01 4.5832e+02 6.3136e+01 4.4143e+02 6.1637e+01 1.0541e+02
9.2455e-01 2.9964e+01 3.3097e+01 8.1730e+02 3.1384e+01 4.5038e+01 -1.6866e+01 2.7677e+01 4.5588e+02 6.1856e+01 4.3920e+02 6.0240e+01 1.0253e+02
9.4613e-01 2.9224e+01 3.2377e+01 8.1182e+02 3.0657e+01 4.3885e+01 -1.6521e+01 2.6954e+01 4.5340e+02 6.0581e+01 4.3693e+02 5.8859e+01 9.9716e+01
9.6822e-01 2.8482e+01 3.1652e+01 8.0620e+02 2.9929e+01 4.2737e+01 -1.6177e+01 2.6238e+01 4.5086e+02 5.9315e+01 4.3461e+02 5.7494e+01 9.6956e+01
9.9081e-01 2.7754e+01 3.0936e+01 8.0045e+02 2.9212e+01 4.1613e+01 -1.5836e+01 2.5536e+01 4.4829e+02 5.8059e+01 4.3226e+02 5.6146e+01 9.4254e+01
1.0139e+00 2.7040e+01 3.0229e+01 7.9459e+02 2.8506e+01 4.0510e+01 -1.5496e+01 2.4848e+01 4.4566e+02 5.6812e+01 4.2987e+02 5.4815e+01 9.1609e+01
1.0376e+00 2.6341e+01 2.9532e+01 7.8862e+02 2.7811e+01 3.9430e+01 -1.5158e+01 2.4174e+01 4.4300e+02 5.5575e+01 4.2744e+02 5.3501e+01 8.9020e+01
1.0618e+00 2.5657e+01 2.8845e+01 7.8254e+02 2.7128e+01 3.8372e+01 -1.4823e+01 2.3515e+01 4.4030e+02 5.4349e+01 4.2497e+02 5.2206e+01 8.6488e+01
1.0866e+00 2.4987e+01 2.8168e+01 7.7635e+02 2.6457e+01 3.7336e+01 -1.4490e+01 2.2870e+01 4.3756e+02 5.3134e+01 4.2247e+02 5.0928e+01 8.4011e+01
1.1120e+00 2.4317e+01 2.7490e+01 7.7005e+02 2.5787e+01 3.6309e+01 -1.4161e+01 2.2233e+01 4.3478e+02 5.1931e+01 4.1994e+02 4.9670e+01 8.1589e+01
1.1379e+00 2.3658e+01 2.6821e+01 7.6364e+02 2.5128e+01 3.5302e+01 -1.3835e+01 2.1608e+01 4.3197e+02 5.0743e+01 4.1737e+02 4.8431e+01 7.9223e+01
1.1645e+00 2.3014e+01 2.6163e+01 7.5714e+02 2.4481e+01 3.4318e+01 -1.3512e+01 2.0998e+01 4.2913e+02 4.9569e+01 4.1478e+02 4.7211e+01 7.6910e+01
1.1917e+00 2.2385e+01 2.5515e+01 7.5055e+02 2.3846e+01 3.3355e+01 -1.3192e+01 2.0401e+01 4.2626e+02 4.8408e+01 4.1216e+02 4.6010e+01 7.4650e+01
1.2195e+00 2.1770e+01 2.4879e+01 7.4386e+02 2.3223e+01 3.2413e+01 -1.2876e+01 1.9818e+01 4.2336e+02 4.7262e+01 4.0951e+02 4.4829e+01 7.2443e+01
1.2479e+00 2.1170e+01 2.4254e+01 7.3710e+02 2.2612e+01 3.1494e+01 -1.2564e+01 1.9249e+01 4.2044e+02 4.6129e+01 4.0683e+02 4.3668e+01 7.0288e+01
1.2771e+00 2.0576e+01 2.3635e+01 7.3025e+02 2.2008e+01 3.0589e+01 -1.2256e+01 1.8690e+01 4.1748e+02 4.5012e+01 4.0413e+02 4.2526e+01 6.8184e+01
1.3069e+00 1.9989e+01 2.3021e+01 7.2334e+02 2.1412e+01 2.9699e+01 -1.1953e+01 1.8141e+01 4.1451e+02 4.3910e+01 4.0140e+02 4.1405e+01 6.6131e+01
1.3374e+00 1.9417e+01 2.2420e+01 7.1636e+02 2.0829e+01 2.8831e+01 -1.1653e+01 1.7605e+01 4.1151e+02 4.2825e+01 3.9865e+02 4.0304e+01 6.4128e+01
1.3686e+00 1.8858e+01 2.1829e+01 7.0932e+02 2.0257e+01 2.7983e+01 -1.1358e+01 1.7083e+01 4.0848e+02 4.1754e+01 3.9588e+02 3.9223e+01 6.2175e+01
1.4005e+00 1.8313e+01 2.1250e+01 7.0223e+02 1.9698e+01 2.7157e+01 -1.1067e+01 1.6574e+01 4.0544e+02 4.0699e+01 3.9309e+02 3.8162e+01 6.0269e+01
1.4332e+00 1.7783e+01 2.0683e+01 6.9510e+02 1.9151e+01 2.6350e+01 -1.0780e+01 1.6077e+01 4.0238e+02 3.9661e+01 3.9028e+02 3.7121e+01 5.8412e+01
1.4667e+00 1.7263e+01 2.0126e+01 6.8794e+02 1.8614e+01 2.5562e+01 -1.0498e+01 1.5592e+01 3.9930e+02 3.8640e+01 3.8746e+02 3.6100e+01 5.6602e+01
1.5009e+00 1.6747e+01 1.9573e+01 6.8073e+02 1.8083e+01 2.4786e+01 -1.0221e+01 1.5115e+01 3.9621e+02 3.7638e+01 3.8461e+02 3.5100e+01 5.4838e+01
1.5359e+00 1.6244e+01 1.9032e+01 6.7348e+02 1.7564e+01 2.4029e+01 -9.9483e+00 1.4651e+01 3.9310e+02 3.6651e+01 3.8175e+02 3.4120e+01 5.3119e+01
1.5718e+00 1.5755e+01 1.8502e+01 6.6621e+02 1.7057e+01 2.3293e+01 -9.6804e+00 1.4199e+01 3.8997e+02 3.5681e+01 3.7887e+02 3.3159e+01 5.1445e+01
1.6085e+00 1.5279e+01 1.7984e+01 6.5892e+02 1.6562e+01 2.2575e+01 -9.4173e+00 1.3758e+01 3.8684e+02 3.4728e+01 3.7598e+02 3.2219e+01 4.9816e+01
1.6460e+00 1.4816e+01 1.7477e+01 6.5162e+02 1.6079e+01 2.1876e+01 -9.1589e+00 1.3330e+01 3.8369e+02 3.3792e+01 3.7308e+02 3.1298e+01 4.8229e+01
1.6844e+00 1.4365e+01 1.6982e+01 6.4431e+02 1.5607e+01 2.1196e+01 -8.9054e+00 1.2913e+01 3.8054e+02 3.2873e+01 3.7017e+02 3.0396e+01 4.6685e+01
1.7237e+00 1.3918e+01 1.6492e+01 6.3699e+02 1.5141e+01 2.0527e+01 -8.6567e+00 1.2504e+01 3.7739e+02 3.1973e+01 3.6725e+02 2.9515e+01 4.5182e+01
1.7640e+00 1.3482e+01 1.6012e+01 6.2968e+02 1.4686e+01 1.9876e+01 -8.4128e+00 1.2105e+01 3.7422e+02 3.1089e+01 3.6431e+02 2.8652e+01 4.3720e+01
1.8051e+00 1.3059e+01 1.5544e+01 6.2240e+02 1.4242e+01 1.9242e+01 -8.1737e+00 1.1718e+01 3.7104e+02 3.0222e+01 3.6138e+02 2.7809e+01 4.2298e+01
1.8473e+00 1.2648e+01 1.5086e+01 6.1514e+02 1.3809e+01 1.8626e+01 -7.9392e+00 1.1341e+01 3.6787e+02 2.9372e+01 3.5843e+02 2.6985e+01 4.0916e+01
1.8904e+00 1.2248e+01 1.4640e+01 6.0790e+02 1.3387e+01 1.8027e+01 -7.7094e+00 1.0975e+01 3.6468e+02 2.8539e+01 3.5547e+02 2.6179e+01 3.9571e+01
1.9345e+00 1.1860e+01 1.4204e+01 6.0070e+02 1.2976e+01 1.7445e+01 -7.4842e+00 1.0620e+01 3.6150e+02 2.7722e+01 3.5252e+02 2.5392e+01 3.8265e+01
1.9797e+00 1.1479e+01 1.3777e+01 5.9355e+02 1.2574e+01 1.6876e+01 -7.2637e+00 1.0273e+01 3.5832e+02 2.6923e+01 3.4956e+02 2.4624e+01 3.6995e+01
2.0259e+00 1.1106e+01 1.3357e+01 5.8645e+02 1.2179e+01 1.6321e+01 -7.0475e+00 9.9340e+00 3.5513e+02 2.6142e+01 3.4659e+02 2.3873e+01 3.5761e+01
2.0732e+00 1.0743e+01 1.2948e+01 5.7940e+02 1.1795e+01 1.5782e+01 -6.8358e+00 9.6053e+00 3.5195e+02 2.5377e+01 3.4362e+02 2.3140e+01 3.4562e+01
2.1216e+00 1.0392e+01 1.2550e+01 5.7240e+02 1.1422e+01 1.5258e+01 -6.6283e+00 9.2864e+00 3.4876e+02 2.4628e+01 3.4066e+02 2.2425e+01 3.3397e+01
2.1711e+00 1.0051e+01 1.2162e+01 5.6543e+02 1.1058e+01 1.4750e+01 -6.4251e+00 8.9769e+00 3.4558e+02 2.3896e+01 3.3769e+02 2.1728e+01 3.2266e+01
2.2217e+00 9.7208e+00 1.1784e+01 5.5850e+02 1.0705e+01 1.4257e+01 -6.2261e+00 8.6767e+00 3.4241e+02 2.3182e+01 3.3472e+02 2.1047e+01 3.1168e+01
2.2736e+00 9.3991e+00 1.1415e+01 5.5162e+02 1.0360e+01 1.3778e+01 -6.0316e+00 8.3849e+00 3.3923e+02 2.2484e+01 3.3174e+02 2.0384e+01 3.0103e+01
2.3267e+00 9.0825e+00 1.1053e+01 5.4479e+02 1.0022e+01 1.3309e+01 -5.8419e+00 8.0998e+00 3.3606e+02 2.1803e+01 3.2877e+02 1.9738e+01 2.9070e+01
2.3810e+00 8.7758e+00 1.0701e+01 5.3798e+02 9.6942e+00 1.2854e+01 -5.6575e+00 7.8235e+00 3.3290e+02 2.1137e+01 3.2581e+02 1.9110e+01 2.8068e+01
2.4365e+00 8.4787e+00 1.0359e+01 5.3120e+02 9.3756e+00 1.2414e+01 -5.4790e+00 7.5557e+00 3.2974e+02 2.0489e+01 3.2284e+02 1.8500e+01 2.7099e+01
2.4934e+00 8.1911e+00 1.0026e+01 5.2443e+02 9.0665e+00 1.1988e+01 -5.3069e+00 7.2963e+00 3.2659e+02 1.9858e+01 3.1988e+02 1.7908e+01 2.6160e+01
2.5516e+00 7.9127e+00 9.7028e+00 5.1768e+02 8.7667e+00 1.1575e+01 -5.1412e+00 7.0449e+00 3.2345e+02 1.9246e+01 3.1693e+02 1.7333e+01 2.5252e+01
2.6112e+00 7.6432e+00 9.3890e+00 5.1092e+02 8.4759e+00 1.1175e+01 -4.9813e+00 6.8015e+00 3.2031e+02 1.8650e+01 3.1398e+02 1.6776e+01 2.4374e+01
2.6721e+00 7.3779e+00 9.0810e+00 5.0415e+02 8.1909e+00 1.0785e+01 -4.8259e+00 6.5638e+00 3.1719e+02 1.8069e+01 3.1103e+02 1.6233e+01 2.3522e+01
2.7345e+00 7.1208e+00 8.7814e+00 4.9738e+02 7.9140e+00 1.0406e+01 -4.6739e+00 6.3335e+00 3.1407e+02 1.7502e+01 3.0808e+02 1.5704e+01 2.2696e+01
2.7983e+00 6.8722e+00 8.4901e+00 4.9060e+02 7.6452e+00 1.0039e+01 -4.5244e+00 6.1106e+00 3.1096e+02 1.6947e+01 3.0515e+02 1.5188e+01 2.1895e+01
2.8636e+00 6.6317e+00 8.2072e+00 4.8382e+02 7.3844e+00 9.6837e+00 -4.3773e+00 5.8949e+00 3.0785e+02 1.6405e+01 3.0221e+02 1.4685e+01 2.1116e+01
2.9304e+00 6.3991e+00 7.9325e+00 4.7703e+02 7.1314e+00 9.3399e+00 -4.2331e+00 5.6862e+00 3.0475e+02 1.5877e+01 2.9928e+02 1.4194e+01 2.0361e+01
2.9988e+00 6.1743e+00 7.6660e+00 4.7025e+02 6.8861e+00 9.0071e+00 -4.0923e+00 5.4843e+00 3.0167e+02 1.5362e+01 2.9635e+02 1.3717e+01 1.9630e+01
3.0688e+00 5.9547e+00 7.4059e+00 4.6349e+02 6.6471e+00 8.6835e+00 -3.9553e+00 5.2880e+00 2.9859e+02 1.4862e+01 2.9343e+02 1.3254e+01 1.8923e+01
3.1405e+00 5.7410e+00 7.1526e+00 4.5676e+02 6.4146e+00 8.3695e+00 -3.8224e+00 5.0976e+00 2.9552e+02 1.4375e+01 2.9052e+02 1.2804e+01 1.8238e+01
3.2138e+00 5.5346e+00 6.9070e+00 4.5006e+02 6.1896e+00 8.0659e+00 -3.6934e+00 4.9135e+00 2.9247e+02 1.3901e+01 2.8762e+02 1.2368e+01 1.7576e+01
3.2888e+00 5.3353e+00 6.6690e+00 4.4338e+02 5.9718e+00 7.7726e+00 -3.5682e+00 4.7355e+00 2.8943e+02 1.3440e+01 2.8472e+02 1.1945e+01 1.6936e+01
3.3655e+00 5.1428e+00 6.4384e+00 4.3674e+02 5.7609e+00 7.4890e+00 -3.4468e+00 4.5636e+00 2.8640e+02 1.2993e+01 2.8183e+02 1.1535e+01 1.6316e+01
3.4441e+00 4.9570e+00 6.2150e+00 4.3015e+02 5.5567e+00 7.2151e+00 -3.3290e+00 4.3975e+00 2.8337e+02 1.2558e+01 2.7895e+02 1.1136e+01 1.5718e+01
3.5245e+00 4.7768e+00 5.9979e+00 4.2360e+02 5.3586e+00 6.9499e+00 -3.2148e+00 4.2366e+00 2.8037e+02 1.2135e+01 2.7608e+02 1.0750e+01 1.5139e+01
3.6067e+00 4.6008e+00 5.7863e+00 4.1711e+02 5.1658e+00 6.6922e+00 -3.1040e+00 4.0803e+00 2.7738e+02 1.1725e+01 2.7323e+02 1.0376e+01 1.4580e+01
3.6909e+00 4.4309e+00 5.5816e+00 4.1067e+02 4.9795e+00 6.4433e+00 -2.9965e+00 3.9294e+00 2.7440e+02 1.1327e+01 2.7038e+02 1.0013e+01 1.4040e+01
3.7771e+00 4.2671e+00 5.3834e+00 4.0429e+02 4.7992e+00 6.2030e+00 -2.8924e+00 3.7837e+00 2.7143e+02 1.0940e+01 2.6754e+02 9.6612e+00 1.3517e+01
3.8652e+00 4.1092e+00 5.1916e+00 3.9797e+02 4.6249e+00 5.9711e+00 -2.7914e+00 3.6430e+00 2.6848e+02 1.0565e+01 2.6471e+02 9.3204e+00 1.3013e+01
3.9554e+00 3.9568e+00 5.0062e+00 3.9170e+02 4.4565e+00 5.7473e+00 -2.6935e+00 3.5073e+00 2.6554e+02 1.0202e+01 2.6189e+02 8.9902e+00 1.2525e+01
4.0478e+00 3.8099e+00 4.8266e+00 3.8550e+02 4.2937e+00 5.5314e+00 -2.5986e+00 3.3763e+00 2.6261e+02 9.8489e+00 2.5909e+02 8.6703e+00 1.2055e+01
4.1422e+00 3.6661e+00 4.6515e+00 3.7937e+02 4.1351e+00 5.3214e+00 -2.5066e+00 3.2490e+00 2.5970e+02 9.5060e+00 2.5629e+02 8.3604e+00 1.1600e+01
4.2389e+00 3.5274e+00 4.4822e+00 3.7333e+02 3.9819e+00 5.1188e+00 -2.4174e+00 3.1261e+00 2.5680e+02 9.1733e+00 2.5350e+02 8.0602e+00 1.1161e+01
4.3379e+00 3.3938e+00 4.3185e+00 3.6737e+02 3.8340e+00 4.9234e+00 -2.3309e+00 3.0076e+00 2.5392e+02 8.8508e+00 2.5072e+02 7.7697e+00 1.0737e+01
4.4391e+00 3.2651e+00 4.1601e+00 3.6152e+02 3.6911e+00 4.7350e+00 -2.2470e+00 2.8934e+00 2.5104e+02 8.5379e+00 2.4795e+02 7.4882e+00 1.0328e+01
4.5427e+00 3.1411e+00 4.0071e+00 3.5577e+02 3.5531e+00 4.5534e+00 -2.1656e+00 2.7832e+00 2.4819e+02 8.2343e+00 2.4520e+02 7.2156e+00 9.9325e+00
4.6487e+00 3.0217e+00 3.8593e+00 3.5013e+02 3.4199e+00 4.3783e+00 -2.0865e+00 2.6770e+00 2.4534e+02 7.9397e+00 2.4246e+02 6.9518e+00 9.5510e+00
4.7572e+00 2.9056e+00 3.7157e+00 3.4461e+02 3.2907e+00 4.2087e+00 -2.0098e+00 2.5742e+00 2.4251e+02 7.6542e+00 2.3973e+02 6.6964e+00 9.1829e+00
4.8683e+00 2.7932e+00 3.5768e+00 3.3918e+02 3.1658e+00 4.0449e+00 -1.9353e+00 2.4748e+00 2.3970e+02 7.3777e+00 2.3701e+02 6.4494e+00 8.8277e+00
4.9819e+00 2.6850e+00 3.4426e+00 3.3386e+02 3.0452e+00 3.8871e+00 -1.8633e+00 2.3791e+00 2.3690e+02 7.1102e+00 2.3430e+02 6.2106e+00 8.4852e+00
5.0982e+00 2.5809e+00 3.3131e+00 3.2862e+02 2.9289e+00 3.7351e+00 -1.7937e+00 2.2868e+00 2.3411e+02 6.8517e+00 2.3160e+02 5.9799e+00 8.1553e+00
5.2172e+00 2.4807e+00 3.1884e+00 3.2345e+02 2.8169e+00 3.5888e+00 -1.7268e+00 2.1980e+00 2.3134e+02 6.6027e+00 2.2892e+02 5.7575e+00 7.8375e+00
5.3389e+00 2.3843e+00 3.0681e+00 3.1833e+02 2.7088e+00 3.4480e+00 -1.6625e+00 2.1125e+00 2.2859e+02 6.3633e+00 2.2625e+02 5.5428e+00 7.5317e+00
5.4636e+00 2.2912e+00 2.9521e+00 3.1322e+02 2.6046e+00 3.3121e+00 -1.6008e+00 2.0299e+00 2.2586e+02 6.1344e+00 2.2360e+02 5.3358e+00 7.2372e+00
5.5911e+00 2.2007e+00 2.8399e+00 3.0810e+02 2.5036e+00 3.1808e+00 -1.5414e+00 1.9500e+00 2.2314e+02 5.9152e+00 2.2095e+02 5.1359e+00 6.9535e+00
5.7216e+00 2.1137e+00 2.7319e+00 3.0297e+02 2.4063e+00 3.0543e+00 -1.4841e+00 1.8731e+00 2.2044e+02 5.7048e+00 2.1832e+02 4.9427e+00 6.6800e+00
5.8551e+00 2.0300e+00 2.6276e+00 2.9783e+02 2.3125e+00 2.9326e+00 -1.4287e+00 1.7991e+00 2.1775e+02 5.5006e+00 2.1570e+02 4.7559e+00 6.4163e+00
5.9918e+00 1.9496e+00 2.5267e+00 2.9270e+02 2.2221e+00 2.8155e+00 -1.3751e+00 1.7279e+00 2.1508e+02 5.3003e+00 2.1309e+02 4.5753e+00 6.1621e+00
6.1316e+00 1.8723e+00 2.4289e+00 2.8762e+02 2.1351e+00 2.7028e+00 -1.3232e+00 1.6594e+00 2.1241e+02 5.1016e+00 2.1050e+02 4.4009e+00 5.9171e+00
6.2747e+00 1.7980e+00 2.3340e+00 2.8262e+02 2.0512e+00 2.5944e+00 -1.2730e+00 1.5935e+00 2.0975e+02 4.9043e+00 2.0791e+02 4.2325e+00 5.6812e+00
6.4212e+00 1.7256e+00 2.2416e+00 2.7773e+02 1.9700e+00 2.4895e+00 -1.2246e+00 1.5296e+00 2.0711e+02 4.7100e+00 2.0534e+02 4.0700e+00 5.4541e+00
6.5711e+00 1.6561e+00 2.1524e+00 2.7299e+02 1.8918e+00 2.3887e+00 -1.1778e+00 1.4682e+00 2.0447e+02 4.5210e+00 2.0279e+02 3.9133e+00 5.2356e+00
6.7244e+00 1.5893e+00 2.0668e+00 2.6841e+02 1.8165e+00 2.2917e+00 -1.1325e+00 1.4092e+00 2.0186e+02 4.3399e+00 2.0024e+02 3.7624e+00 5.0254e+00
6.8814e+00 1.5251e+00 1.9847e+00 2.6396e+02 1.7441e+00 2.1986e+00 -1.0888e+00 1.3524e+00 1.9926e+02 4.1686e+00 1.9771e+02 3.6169e+00 4.8232e+00
7.0420e+00 1.4635e+00 1.9062e+00 2.5963e+02 1.6745e+00 2.1090e+00 -1.0466e+00 1.2979e+00 1.9668e+02 4.0079e+00 1.9519e+02 3.4766e+00 4.6286e+00
7.2064e+00 1.4044e+00 1.8311e+00 2.5536e+02 1.6074e+00 2.0230e+00 -1.0057e+00 1.2454e+00 1.9413e+02 3.8578e+00 1.9269e+02 3.3412e+00 4.4414e+00
7.3745e+00 1.3470e+00 1.7591e+00 2.5109e+02 1.5427e+00 1.9399e+00 -9.6625e-01 1.1948e+00 1.9159e+02 3.7172e+00 1.9019e+02 3.2106e+00 4.2610e+00
7.5467e+00 1.2918e+00 1.6898e+00 2.4680e+02 1.4803e+00 1.8599e+00 -9.2807e-01 1.1460e+00 1.8907e+02 3.5841e+00 1.8771e+02 3.0843e+00 4.0872e+00
7.7228e+00 1.2387e+00 1.6231e+00 2.4248e+02 1.4202e+00 1.7831e+00 -8.9119e-01 1.0992e+00 1.8656e+02 3.4557e+00 1.8524e+02 2.9623e+00 3.9198e+00
7.9031e+00 1.1878e+00 1.5587e+00 2.3812e+02 1.3625e+00 1.7092e+00 -8.5565e-01 1.0542e+00 1.8406e+02 3.3292e+00 1.8279e+02 2.8447e+00 3.7587e+00
8.0875e+00 1.1390e+00 1.4962e+00 2.3377e+02 1.3070e+00 1.6383e+00 -8.2149e-01 1.0109e+00 1.8158e+02 3.2031e+00 1.8035e+02 2.7314e+00 3.6038e+00
8.2763e+00 1.0922e+00 1.4357e+00 2.2946e+02 1.2536e+00 1.5703e+00 -7.8872e-01 9.6942e-01 1.7910e+02 3.0769e+00 1.7792e+02 2.6223e+00 3.4550e+00
8.4695e+00 1.0470e+00 1.3770e+00 2.2524e+02 1.2022e+00 1.5048e+00 -7.5732e-01 9.2945e-01 1.7664e+02 2.9519e+00 1.7550e+02 2.5175e+00 3.3122e+00
8.6671e+00 1.0033e+00 1.3202e+00 2.2113e+02 1.1528e+00 1.4418e+00 -7.2720e-01 8.9092e-01 1.7419e+02 2.8293e+00 1.7310e+02 2.4168e+00 3.1751e+00
8.8694e+00 9.6146e-01 1.2655e+00 2.1717e+02 1.1053e+00 1.3813e+00 -6.9826e-01 8.5392e-01 1.7175e+02 2.7109e+00 1.7071e+02 2.3201e+00 3.0436e+00
9.0764e+00 9.2131e-01 1.2131e+00 2.1334e+02 1.0596e+00 1.3233e+00 -6.7042e-01 8.1841e-01 1.6933e+02 2.5975e+00 1.6834e+02 2.2271e+00 2.9174e+00
9.2883e+00 8.8282e-01 1.1629e+00 2.0962e+02 1.0158e+00 1.2677e+00 -6.4362e-01 7.8434e-01 1.6692e+02 2.4901e+00 1.6597e+02 2.1377e+00 2.7963e+00
9.5051e+00 8.4593e-01 1.1150e+00 2.0599e+02 9.7370e-01 1.2143e+00 -6.1783e-01 7.5163e-01 1.6453e+02 2.3896e+00 1.6362e+02 2.0517e+00 2.6799e+00
9.7269e+00 8.1054e-01 1.0693e+00 2.0240e+02 9.3328e-01 1.1630e+00 -5.9298e-01 7.2024e-01 1.6216e+02 2.2958e+00 1.6128e+02 1.9689e+00 2.5681e+00
9.9540e+00 7.7620e-01 1.0254e+00 1.9882e+02 8.9427e-01 1.1136e+00 -5.6902e-01 6.8993e-01 1.5981e+02 2.2081e+00 1.5896e+02 1.8892e+00 2.4607e+00
1.0186e+01 7.4331e-01 9.8329e-01 1.9522e+02 8.5680e-01 1.0662e+00 -5.4590e-01 6.6086e-01 1.5747e+02 2.1247e+00 1.5665e+02 1.8123e+00 2.3573e+00
1.0424e+01 7.1179e-01 9.4286e-01 1.9160e+02 8.2086e-01 1.0207e+00 -5.2357e-01 6.3298e-01 1.5514e+02 2.0440e+00 1.5435e+02 1.7382e+00 2.2578e+00
1.0667e+01 6.8159e-01 9.0381e-01 1.8798e+02 7.8630e-01 9.7710e-01 -5.0200e-01 6.0624e-01 1.5283e+02 1.9645e+00 1.5206e+02 1.6666e+00 2.1622e+00
1.0916e+01 6.5267e-01 8.6611e-01 1.8440e+02 7.5314e-01 9.3528e-01 -4.8122e-01 5.8060e-01 1.5054e+02 1.8859e+00 1.4980e+02 1.5978e+00 2.0703e+00
1.1171e+01 6.2497e-01 8.2968e-01 1.8086e+02 7.2128e-01 8.9519e-01 -4.6123e-01 5.5601e-01 1.4824e+02 1.8083e+00 1.4753e+02 1.5316e+00 1.9821e+00
1.1432e+01 5.9819e-01 7.9457e-01 1.7741e+02 6.9073e-01 8.5663e-01 -4.4205e-01 5.3233e-01 1.4597e+02 1.7322e+00 1.4530e+02 1.4682e+00 1.8976e+00
1.1699e+01 5.7246e-01 7.6067e-01 1.7405e+02 6.6131e-01 8.1963e-01 -4.2369e-01 5.0959e-01 1.4371e+02 1.6581e+00 1.4307e+02 1.4072e+00 1.8166e+00
1.1972e+01 5.4784e-01 7.2822e-01 1.7078e+02 6.3314e-01 7.8419e-01 -4.0611e-01 4.8779e-01 1.4146e+02 1.5871e+00 1.4084e+02 1.3489e+00 1.7390e+00
1.2251e+01 5.2427e-01 6.9719e-01 1.6759e+02 6.0613e-01 7.5026e-01 -3.8928e-01 4.6690e-01 1.3923e+02 1.5200e+00 1.3864e+02 1.2929e+00 1.6647e+00
1.2537e+01 5.0171e-01 6.6757e-01 1.6446e+02 5.8022e-01 7.1775e-01 -3.7317e-01 4.4689e-01 1.3702e+02 1.4573e+00 1.3646e+02 1.2391e+00 1.5935e+00
1.2830e+01 4.8012e-01 6.3939e-01 1.6135e+02 5.5544e-01 6.8661e-01 -3.5769e-01 4.2771e-01 1.3482e+02 1.3989e+00 1.3428e+02 1.1876e+00 1.5252e+00
1.3129e+01 4.5934e-01 6.1237e-01 1.5826e+02 5.3162e-01 6.5671e-01 -3.4279e-01 4.0928e-01 1.3265e+02 1.3436e+00 1.3212e+02 1.1379e+00 1.4596e+00
1.3436e+01 4.3931e-01 5.8632e-01 1.5517e+02 5.0868e-01 6.2798e-01 -3.2842e-01 3.9156e-01 1.3046e+02 1.2900e+00 1.2995e+02 1.0901e+00 1.3966e+00
1.3749e+01 4.2016e-01 5.6123e-01 1.5212e+02 4.8669e-01 6.0047e-01 -3.1457e-01 3.7460e-01 1.2832e+02 1.2372e+00 1.2783e+02 1.0441e+00 1.3361e+00
1.4070e+01 4.0184e-01 5.3701e-01 1.4910e+02 4.6557e-01 5.7412e-01 -3.0122e-01 3.5835e-01 1.2618e+02 1.1852e+00 1.2571e+02 9.9984e-01 1.2781e+00
1.4398e+01 3.8431e-01 5.1386e-01 1.4612e+02 4.4546e-01 5.4890e-01 -2.8839e-01 3.4279e-01 1.2405e+02 1.1347e+00 1.2360e+02 9.5750e-01 1.2224e+00
1.4735e+01 3.6754e-01 4.9158e-01 1.4319e+02 4.2610e-01 5.2476e-01 -2.7609e-01 3.2789e-01 1.2194e+02 1.0860e+00 1.2151e+02 9.1676e-01 1.1691e+00
1.5078e+01 3.5149e-01 4.7024e-01 1.4033e+02 4.0754e-01 5.0164e-01 -2.6432e-01 3.1361e-01 1.1984e+02 1.0397e+00 1.1943e+02 8.7770e-01 1.1181e+00
1.5430e+01 3.3597e-01 4.4981e-01 1.3753e+02 3.8974e-01 4.7943e-01 -2.5307e-01 2.9987e-01 1.1777e+02 9.9588e-01 1.1738e+02 8.4034e-01 1.0692e+00
1.5791e+01 3.2113e-01 4.3029e-01 1.3477e+02 3.7270e-01 4.5817e-01 -2.4231e-01 2.8671e-01 1.1571e+02 9.5415e-01 1.1533e+02 8.0455e-01 1.0225e+00
1.6159e+01 3.0695e-01 4.1156e-01 1.3203e+02 3.5638e-01 4.3784e-01 -2.3198e-01 2.7412e-01 1.1366e+02 9.1403e-01 1.1329e+02 7.7019e-01 9.7768e-01
1.6536e+01 2.9339e-01 3.9361e-01 1.2933e+02 3.4074e-01 4.1838e-01 -2.2207e-01 2.6207e-01 1.1163e+02 8.7543e-01 1.1128e+02 7.3718e-01 9.3473e-01
1.6922e+01 2.8043e-01 3.7641e-01 1.2666e+02 3.2575e-01 3.9976e-01 -2.1253e-01 2.5054e-01 1.0962e+02 8.3843e-01 1.0928e+02 7.0546e-01 8.9354e-01
1.7317e+01 2.6805e-01 3.5994e-01 1.2402e+02 3.1141e-01 3.8195e-01 -2.0335e-01 2.3951e-01 1.0762e+02 8.0294e-01 1.0730e+02 6.7501e-01 8.5406e-01
1.7721e+01 2.5609e-01 3.4412e-01 1.2141e+02 2.9763e-01 3.6485e-01 -1.9453e-01 2.2890e-01 1.0563e+02 7.6880e-01 1.0533e+02 6.4581e-01 8.1624e-01
1.8135e+01 2.4465e-01 3.2897e-01 1.1886e+02 2.8446e-01 3.4848e-01 -1.8609e-01 2.1874e-01 1.0367e+02 7.3590e-01 1.0338e+02 6.1786e-01 7.8004e-01
1.8558e+01 2.3371e-01 3.1441e-01 1.1634e+02 2.7182e-01 3.3283e-01 -1.7801e-01 2.0902e-01 1.0172e+02 7.0404e-01 1.0144e+02 5.9102e-01 7.4540e-01
1.8991e+01 2.2327e-01 3.0050e-01 1.1387e+02 2.5976e-01 3.1787e-01 -1.7028e-01 1.9973e-01 9.9797e+01 6.7346e-01 9.9529e+01 5.6538e-01 7.1227e-01
1.9435e+01 2.1329e-01 2.8719e-01 1.1143e+02 2.4822e-01 3.0356e-01 -1.6288e-01 1.9084e-01 9.7886e+01 6.4430e-01 9.7629e+01 5.4080e-01 6.8055e-01
1.9888e+01 2.0375e-01 2.7447e-01 1.0902e+02 2.3715e-01 2.8989e-01 -1.5579e-01 1.8234e-01 9.5996e+01 6.1661e-01 9.5750e+01 5.1720e-01 6.5019e-01
2.0352e+01 1.9459e-01 2.6229e-01 1.0664e+02 2.2657e-01 2.7678e-01 -1.4897e-01 1.7419e-01 9.4115e+01 5.9026e-01 9.3879e+01 4.9459e-01 6.2110e-01
2.0828e+01 1.8580e-01 2.5060e-01 1.0431e+02 2.1640e-01 2.6423e-01 -1.4244e-01 1.6637e-01 9.2262e+01 5.6490e-01 9.2036e+01 4.7289e-01 5.9326e-01
2.1314e+01 1.7739e-01 2.3941e-01 1.0201e+02 2.0669e-01 2.5223e-01 -1.3617e-01 1.5889e-01 9.0425e+01 5.4036e-01 9.0209e+01 4.5212e-01 5.6661e-01
2.1811e+01 1.6937e-01 2.2868e-01 9.9743e+01 1.9740e-01 2.4076e-01 -1.3017e-01 1.5175e-01 8.8610e+01 5.1662e-01 8.8403e+01 4.3222e-01 5.4112e-01
2.2320e+01 1.6172e-01 2.1843e-01 9.7517e+01 1.8852e-01 2.2981e-01 -1.2443e-01 1.4492e-01 8.6814e+01 4.9389e-01 8.6616e+01 4.1317e-01 5.1674e-01
2.2841e+01 1.5440e-01 2.0863e-01 9.5322e+01 1.8003e-01 2.1934e-01 -1.1894e-01 1.3839e-01 8.5034e+01 4.7228e-01 8.4844e+01 3.9493e-01 4.9343e-01
2.3374e+01 1.4741e-01 1.9926e-01 9.3168e+01 1.7191e-01 2.0934e-01 -1.1368e-01 1.3215e-01 8.3281e+01 4.5172e-01 8.3100e+01 3.7745e-01 4.7112e-01
2.3920e+01 1.4067e-01 1.9029e-01 9.1040e+01 1.6412e-01 1.9974e-01 -1.0864e-01 1.2615e-01 8.1541e+01 4.3205e-01 8.1367e+01 3.6072e-01 4.4978e-01
2.4478e+01 1.3424e-01 1.8168e-01 8.8957e+01 1.5666e-01 1.9057e-01 -1.0381e-01 1.2042e-01 7.9833e+01 4.1303e-01 7.9666e+01 3.4467e-01 4.2937e-01
2.5049e+01 1.2811e-01 1.7346e-01 8.6904e+01 1.4955e-01 1.8182e-01 -9.9183e-02 1.1495e-01 7.8141e+01 3.9477e-01 7.7981e+01 3.2934e-01 4.0984e-01
2.5634e+01 1.2225e-01 1.6561e-01 8.4885e+01 1.4276e-01 1.7346e-01 -9.4758e-02 1.0972e-01 7.6469e+01 3.7728e-01 7.6317e+01 3.1466e-01 3.9118e-01
2.6232e+01 1.1666e-01 1.5808e-01 8.2901e+01 1.3625e-01 1.6548e-01 -9.0524e-02 1.0473e-01 7.4819e+01 3.6055e-01 7.4673e+01 3.0059e-01 3.7334e-01
2.6845e+01 1.1133e-01 1.5091e-01 8.0953e+01 1.3004e-01 1.5786e-01 -8.6473e-02 9.9958e-02 7.3193e+01 3.4462e-01 7.3053e+01 2.8714e-01 3.5628e-01
2.7471e+01 1.0620e-01 1.4402e-01 7.9043e+01 1.2407e-01 1.5055e-01 -8.2594e-02 9.5380e-02 7.1593e+01 3.2932e-01 7.1460e+01 2.7424e-01 3.3998e-01
2.8112e+01 1.0129e-01 1.3746e-01 7.7165e+01 1.1841e-01 1.4358e-01 -7.8882e-02 9.1004e-02 7.0014e+01 3.1471e-01 6.9887e+01 2.6195e-01 3.2439e-01
2.8769e+01 9.6613e-02 1.3116e-01 7.5318e+01 1.1296e-01 1.3691e-01 -7.5330e-02 8.6826e-02 6.8455e+01 3.0063e-01 6.8333e+01 2.5014e-01 3.0949e-01
2.9440e+01 9.2151e-02 1.2517e-01 7.3505e+01 1.0778e-01 1.3056e-01 -7.1932e-02 8.2836e-02 6.6920e+01 2.8722e-01 6.6803e+01 2.3888e-01 2.9525e-01
3.0127e+01 8.7895e-02 1.1943e-01 7.1728e+01 1.0282e-01 1.2449e-01 -6.8682e-02 7.9027e-02 6.5409e+01 2.7438e-01 6.5298e+01 2.2808e-01 2.8164e-01
3.0830e+01 8.3837e-02 1.1395e-01 6.9982e+01 9.8084e-02 1.1870e-01 -6.5573e-02 7.5390e-02 6.3921e+01 2.6208e-01 6.3815e+01 2.1776e-01 2.6864e-01
3.1550e+01 7.9944e-02 1.0870e-01 6.8272e+01 9.3552e-02 1.1316e-01 -6.2599e-02 7.1908e-02 6.2458e+01 2.5031e-01 6.2356e+01 2.0788e-01 2.5622e-01
3.2286e+01 7.6212e-02 1.0368e-01 6.6596e+01 8.9220e-02 1.0786e-01 -5.9756e-02 6.8575e-02 6.1020e+01 2.3904e-01 6.0923e+01 1.9844e-01 2.4435e-01
3.3040e+01 7.2656e-02 9.8892e-02 6.4953e+01 8.5082e-02 1.0281e-01 -5.7037e-02 6.5395e-02 5.9607e+01 2.2826e-01 5.9513e+01 1.8941e-01 2.3301e-01
3.3811e+01 6.9266e-02 9.4327e-02 6.3341e+01 8.1142e-02 9.7987e-02 -5.4437e-02 6.2360e-02 5.8215e+01 2.1796e-01 5.8126e+01 1.8079e-01 2.2219e-01
3.4600e+01 6.6034e-02 8.9953e-02 6.1763e+01 7.7367e-02 9.3389e-02 -5.1951e-02 5.9463e-02 5.6849e+01 2.0809e-01 5.6764e+01 1.7253e-01 2.1184e-01
3.5408e+01 6.2954e-02 8.5783e-02 6.0216e+01 7.3769e-02 8.9003e-02 -4.9575e-02 5.6700e-02 5.5506e+01 1.9866e-01 5.5425e+01 1.6464e-01 2.0197e-01
3.6234e+01 6.0012e-02 8.1804e-02 5.8701e+01 7.0338e-02 8.4815e-02 -4.7303e-02 5.4059e-02 5.4186e+01 1.8965e-01 5.4108e+01 1.5710e-01 1.9253e-01
3.7080e+01 5.7183e-02 7.7987e-02 5.7219e+01 6.7044e-02 8.0807e-02 -4.5133e-02 5.1529e-02 5.2893e+01 1.8101e-01 5.2819e+01 1.4988e-01 1.8353e-01
3.7945e+01 5.4488e-02 7.4354e-02 5.5766e+01 6.3911e-02 7.6984e-02 -4.3057e-02 4.9115e-02 5.1621e+01 1.7278e-01 5.1551e+01 1.4300e-01 1.7492e-01
3.8831e+01 5.1920e-02 7.0879e-02 5.4343e+01 6.0915e-02 7.3340e-02 -4.1074e-02 4.6813e-02 5.0372e+01 1.6489e-01 5.0304e+01 1.3641e-01 1.6671e-01
3.9737e+01 4.9473e-02 6.7566e-02 5.2952e+01 5.8059e-02 6.9865e-02 -3.9179e-02 4.4617e-02 4.9148e+01 1.5736e-01 4.9083e+01 1.3012e-01 1.5888e-01
4.0665e+01 4.7142e-02 6.4404e-02 5.1586e+01 5.5334e-02 6.6552e-02 -3.7368e-02 4.2523e-02 4.7943e+01 1.5015e-01 4.7881e+01 1.2411e-01 1.5139e-01
4.1614e+01 4.4922e-02 6.1387e-02 5.0251e+01 5.2734e-02 6.3394e-02 -3.5639e-02 4.0526e-02 4.6762e+01 1.4326e-01 4.6704e+01 1.1837e-01 1.4425e-01
4.2585e+01 4.2786e-02 5.8499e-02 4.8946e+01 5.0246e-02 6.0371e-02 -3.3986e-02 3.8611e-02 4.5605e+01 1.3668e-01 4.5548e+01 1.1288e-01 1.3744e-01
4.3579e+01 4.0749e-02 5.5741e-02 4.7665e+01 4.7869e-02 5.7488e-02 -3.2408e-02 3.6785e-02 4.4467e+01 1.3039e-01 4.4413e+01 1.0764e-01 1.3093e-01
4.4596e+01 3.8810e-02 5.3114e-02 4.6414e+01 4.5607e-02 5.4740e-02 -3.0900e-02 3.5044e-02 4.3352e+01 1.2438e-01 4.3301e+01 1.0263e-01 1.2472e-01
4.5637e+01 3.6963e-02 5.0608e-02 4.5186e+01 4.3450e-02 5.2122e-02 -2.9460e-02 3.3384e-02 4.2255e+01 1.1864e-01 4.2206e+01 9.7853e-02 1.1880e-01
4.6702e+01 3.5204e-02 4.8218e-02 4.3984e+01 4.1392e-02 4.9627e-02 -2.8085e-02 3.1801e-02 4.1179e+01 1.1315e-01 4.1132e+01 9.3288e-02 1.1315e-01
4.7792e+01 3.3530e-02 4.5937e-02 4.2805e+01 3.9428e-02 4.7249e-02 -2.6772e-02 3.0292e-02 4.0121e+01 1.0791e-01 4.0077e+01 8.8925e-02 1.0776e-01
4.8908e+01 3.1925e-02 4.3759e-02 4.1652e+01 3.7554e-02 4.4978e-02 -2.5518e-02 2.8850e-02 3.9083e+01 1.0290e-01 3.9041e+01 8.4764e-02 1.0262e-01
5.0049e+01 3.0390e-02 4.1677e-02 4.0520e+01 3.5762e-02 4.2809e-02 -2.4321e-02 2.7471e-02 3.8063e+01 9.8114e-02 3.8023e+01 8.0787e-02 9.7710e-02
5.1218e+01 2.8929e-02 3.9693e-02 3.9411e+01 3.4055e-02 4.0744e-02 -2.3178e-02 2.6158e-02 3.7060e+01 9.3547e-02 3.7022e+01 7.6992e-02 9.3031e-02
5.2413e+01 2.7539e-02 3.7802e-02 3.8323e+01 3.2428e-02 3.8776e-02 -2.2088e-02 2.4907e-02 3.6075e+01 8.9184e-02 3.6038e+01 7.3371e-02 8.8569e-02
5.3636e+01 2.6215e-02 3.5999e-02 3.7257e+01 3.0877e-02 3.6902e-02 -2.1047e-02 2.3714e-02 3.5107e+01 8.5018e-02 3.5071e+01 6.9913e-02 8.4313e-02
5.4888e+01 2.4956e-02 3.4284e-02 3.6209e+01 2.9403e-02 3.5117e-02 -2.0053e-02 2.2578e-02 3.4154e+01 8.1046e-02 3.4120e+01 6.6618e-02 8.0255e-02
5.6169e+01 2.3753e-02 3.2641e-02 3.5182e+01 2.7990e-02 3.3415e-02 -1.9105e-02 2.1493e-02 3.3216e+01 7.7242e-02 3.3184e+01 6.3464e-02 7.6386e-02
5.7480e+01 2.2600e-02 3.1075e-02 3.4173e+01 2.6644e-02 3.1788e-02 -1.8200e-02 2.0456e-02 3.2294e+01 7.3617e-02 3.2264e+01 6.0460e-02 7.2697e-02
5.8822e+01 2.1503e-02 2.9581e-02 3.3184e+01 2.5359e-02 3.0239e-02 -1.7337e-02 1.9468e-02 3.1388e+01 7.0156e-02 3.1358e+01 5.7591e-02 6.9180e-02
6.0195e+01 2.0459e-02 2.8159e-02 3.2213e+01 2.4136e-02 2.8764e-02 -1.6513e-02 1.8527e-02 3.0496e+01 6.6853e-02 3.0468e+01 5.4855e-02 6.5827e-02
6.1600e+01 1.9465e-02 2.6804e-02 3.1259e+01 2.2973e-02 2.7360e-02 -1.5727e-02 1.7631e-02 2.9619e+01 6.3700e-02 2.9592e+01 5.2247e-02 6.2631e-02
6.3038e+01 1.8520e-02 2.5512e-02 3.0325e+01 2.1862e-02 2.6024e-02 -1.4977e-02 1.6777e-02 2.8758e+01 6.0692e-02 2.8732e+01 4.9755e-02 5.9585e-02
6.4509e+01 1.7621e-02 2.4282e-02 2.9407e+01 2.0805e-02 2.4751e-02 -1.4262e-02 1.5964e-02 2.7910e+01 5.7819e-02 2.7885e+01 4.7379e-02 5.6682e-02
6.6014e+01 1.6757e-02 2.3106e-02 2.8508e+01 1.9795e-02 2.3534e-02 -1.3580e-02 1.5186e-02 2.7077e+01 5.5078e-02 2.7054e+01 4.5114e-02 5.3915e-02
6.7555e+01 1.5935e-02 2.1985e-02 2.7627e+01 1.8832e-02 2.2376e-02 -1.2929e-02 1.4445e-02 2.6261e+01 5.2464e-02 2.6239e+01 4.2953e-02 5.1279e-02
6.9132e+01 1.5153e-02 2.0918e-02 2.6764e+01 1.7915e-02 2.1273e-02 -1.2308e-02 1.3739e-02 2.5459e+01 4.9971e-02 2.5438e+01 4.0892e-02 4.8767e-02
7.0746e+01 1.4409e-02 1.9902e-02 2.5919e+01 1.7043e-02 2.0224e-02 -1.1716e-02 1.3067e-02 2.4673e+01 4.7593e-02 2.4653e+01 3.8928e-02 4.6374e-02
7.2397e+01 1.3702e-02 1.8933e-02 2.5094e+01 1.6211e-02 1.9225e-02 -1.1152e-02 1.2427e-02 2.3904e+01 4.5320e-02 2.3885e+01 3.7053e-02 4.4093e-02
7.4087e+01 1.3030e-02 1.8012e-02 2.4288e+01 1.5422e-02 1.8275e-02 -1.0614e-02 1.1819e-02 2.3152e+01 4.3158e-02 2.3134e+01 3.5268e-02 4.1921e-02
7.5816e+01 1.2386e-02 1.7132e-02 2.3502e+01 1.4666e-02 1.7368e-02 -1.0101e-02 1.1237e-02 2.2418e+01 4.1093e-02 2.2401e+01 3.3564e-02 3.9852e-02
7.7585e+01 1.1772e-02 1.6292e-02 2.2737e+01 1.3945e-02 1.6504e-02 -9.6124e-03 1.0682e-02 2.1702e+01 3.9122e-02 2.1685e+01 3.1939e-02 3.7882e-02
7.9396e+01 1.1187e-02 1.5495e-02 2.1992e+01 1.3260e-02 1.5682e-02 -9.1462e-03 1.0154e-02 2.1004e+01 3.7246e-02 2.0988e+01 3.0392e-02 3.6005e-02
8.1249e+01 1.0632e-02 1.4734e-02 2.1268e+01 1.2608e-02 1.4900e-02 -8.7018e-03 9.6522e-03 2.0325e+01 3.5455e-02 2.0310e+01 2.8917e-02 3.4217e-02
8.3146e+01 1.0105e-02 1.4010e-02 2.0565e+01 1.1987e-02 1.4156e-02 -8.2783e-03 9.1741e-03 1.9666e+01 3.3747e-02 1.9652e+01 2.7510e-02 3.2515e-02
8.5086e+01 9.6029e-03 1.3321e-02 1.9885e+01 1.1396e-02 1.3449e-02 -7.8747e-03 8.7193e-03 1.9027e+01 3.2119e-02 1.9014e+01 2.6170e-02 3.0894e-02
8.7072e+01 9.1245e-03 1.2665e-02 1.9226e+01 1.0833e-02 1.2775e-02 -7.4901e-03 8.2859e-03 1.8408e+01 3.0568e-02 1.8395e+01 2.4894e-02 2.9351e-02
8.9105e+01 8.6665e-03 1.2039e-02 1.8588e+01 1.0296e-02 1.2132e-02 -7.1236e-03 7.8719e-03 1.7808e+01 2.9090e-02 1.7796e+01 2.3677e-02 2.7882e-02
9.1184e+01 8.2314e-03 1.1443e-02 1.7971e+01 9.7851e-03 1.1520e-02 -6.7743e-03 7.4782e-03 1.7227e+01 2.7679e-02 1.7215e+01 2.2517e-02 2.6484e-02
9.3313e+01 7.8179e-03 1.0875e-02 1.7375e+01 9.2983e-03 1.0939e-02 -6.4416e-03 7.1036e-03 1.6665e+01 2.6334e-02 1.6654e+01 2.1412e-02 2.5153e-02
9.5490e+01 7.4251e-03 1.0336e-02 1.6797e+01 8.8362e-03 1.0386e-02 -6.1245e-03 6.7474e-03 1.6121e+01 2.5055e-02 1.6111e+01 2.0360e-02 2.3886e-02
9.7719e+01 7.0519e-03 9.8225e-03 1.6239e+01 8.3958e-03 9.8608e-03 -5.8226e-03 6.4086e-03 1.5595e+01 2.3833e-02 1.5585e+01 1.9357e-02 2.2680e-02
1.0000e+02 6.6973e-03 9.3340e-03 1.5698e+01 7.9772e-03 9.3612e-03 -5.5349e-03 6.0864e-03 1.5084e+01 2.2670e-02 1.5074e+01 1.8402e-02 2.1533e-02
