1.0000e-03 1.6062e-03 -3.4012e-04 6.1036e-04 5.8290e-04 3.3657e-01 6.7224e-01 1.6102e-03 1.5963e-04 -1.6460e-01 1.6539e-01 7.2649e-02 6.8949e+02
1.0233e-03 1.7555e-03 -3.7046e-04 6.6800e-04 6.3768e-04 3.5340e-01 7.0569e-01 1.7601e-03 1.7558e-04 -1.7282e-01 1.7368e-01 7.6740e-02 7.0388e+02
1.0472e-03 1.9186e-03 -4.0343e-04 7.3107e-04 6.9756e-04 3.7103e-01 7.4072e-01 1.9237e-03 1.9314e-04 -1.8142e-01 1.8237e-01 8.0953e-02 7.1843e+02
1.0717e-03 2.0967e-03 -4.3927e-04 8.0005e-04 7.6302e-04 3.8951e-01 7.7740e-01 2.1024e-03 2.1247e-04 -1.9044e-01 1.9148e-01 8.5301e-02 7.3323e+02
1.0967e-03 2.2911e-03 -4.7822e-04 8.7550e-04 8.3456e-04 4.0888e-01 8.1584e-01 2.2976e-03 2.3375e-04 -1.9989e-01 2.0103e-01 8.9801e-02 7.4840e+02
1.1223e-03 2.5034e-03 -5.2052e-04 9.5802e-04 9.1275e-04 4.2919e-01 8.5613e-01 2.5106e-03 2.5718e-04 -2.0980e-01 2.1105e-01 9.4480e-02 7.6402e+02
1.1485e-03 2.7351e-03 -5.6647e-04 1.0483e-03 9.9820e-04 4.5049e-01 8.9835e-01 2.7432e-03 2.8296e-04 -2.2018e-01 2.2155e-01 9.9369e-02 7.8017e+02
1.1753e-03 2.9880e-03 -6.1637e-04 1.1470e-03 1.0916e-03 4.7282e-01 9.4260e-01 2.9971e-03 3.1135e-04 -2.3107e-01 2.3258e-01 1.0451e-01 7.9686e+02
1.2027e-03 3.2640e-03 -6.7055e-04 1.2549e-03 1.1936e-03 4.9625e-01 9.8898e-01 3.2743e-03 3.4260e-04 -2.4249e-01 2.4414e-01 1.0994e-01 8.1411e+02
1.2308e-03 3.5652e-03 -7.2935e-04 1.3730e-03 1.3051e-03 5.2080e-01 1.0376e+00 3.5767e-03 3.7699e-04 -2.5446e-01 2.5626e-01 1.1571e-01 8.3185e+02
1.2595e-03 3.8939e-03 -7.9315e-04 1.5021e-03 1.4269e-03 5.4654e-01 1.0885e+00 3.9068e-03 4.1485e-04 -2.6699e-01 2.6896e-01 1.2186e-01 8.4998e+02
1.2889e-03 4.2525e-03 -8.6237e-04 1.6432e-03 1.5600e-03 5.7349e-01 1.1417e+00 4.2669e-03 4.5651e-04 -2.8012e-01 2.8228e-01 1.2845e-01 8.6835e+02
1.3190e-03 4.6436e-03 -9.3743e-04 1.7975e-03 1.7053e-03 6.0172e-01 1.1974e+00 4.6598e-03 5.0238e-04 -2.9386e-01 2.9623e-01 1.3548e-01 8.8678e+02
1.3498e-03 5.0703e-03 -1.0188e-03 1.9663e-03 1.8641e-03 6.3126e-01 1.2557e+00 5.0885e-03 5.5287e-04 -3.0824e-01 3.1082e-01 1.4298e-01 9.0508e+02
1.3813e-03 5.5357e-03 -1.1071e-03 2.1507e-03 2.0375e-03 6.6217e-01 1.3166e+00 5.5561e-03 6.0846e-04 -3.2327e-01 3.2610e-01 1.5094e-01 9.2307e+02
1.4135e-03 6.0432e-03 -1.2027e-03 2.3523e-03 2.2269e-03 6.9450e-01 1.3803e+00 6.0660e-03 6.6966e-04 -3.3898e-01 3.4209e-01 1.5935e-01 9.4060e+02
1.4465e-03 6.5966e-03 -1.3063e-03 2.5727e-03 2.4337e-03 7.2830e-01 1.4468e+00 6.6221e-03 7.3704e-04 -3.5541e-01 3.5881e-01 1.6819e-01 9.5757e+02
1.4803e-03 7.2000e-03 -1.4184e-03 2.8136e-03 2.6594e-03 7.6365e-01 1.5162e+00 7.2285e-03 8.1123e-04 -3.7258e-01 3.7630e-01 1.7742e-01 9.7393e+02
1.5148e-03 7.8577e-03 -1.5399e-03 3.0769e-03 2.9059e-03 8.0061e-01 1.5888e+00 7.8896e-03 8.9293e-04 -3.9052e-01 3.9459e-01 1.8703e-01 9.8971e+02
1.5502e-03 8.5746e-03 -1.6714e-03 3.3647e-03 3.1749e-03 8.3927e-01 1.6646e+00 8.6104e-03 9.8290e-04 -4.0928e-01 4.1373e-01 1.9697e-01 1.0050e+03
1.5864e-03 9.3560e-03 -1.8136e-03 3.6792e-03 3.4686e-03 8.7973e-01 1.7438e+00 9.3959e-03 1.0820e-03 -4.2889e-01 4.3377e-01 2.0725e-01 1.0199e+03
1.6234e-03 1.0207e-02 -1.9675e-03 4.0229e-03 3.7890e-03 9.2206e-01 1.8266e+00 1.0252e-02 1.1911e-03 -4.4940e-01 4.5474e-01 2.1787e-01 1.0347e+03
1.6613e-03 1.1135e-02 -2.1339e-03 4.3984e-03 4.1388e-03 9.6638e-01 1.9132e+00 1.1185e-02 1.3112e-03 -4.7086e-01 4.7671e-01 2.2886e-01 1.0495e+03
1.7000e-03 1.2146e-02 -2.3137e-03 4.8087e-03 4.5204e-03 1.0128e+00 2.0037e+00 1.2202e-02 1.4435e-03 -4.9331e-01 4.9971e-01 2.4028e-01 1.0645e+03
1.7397e-03 1.3247e-02 -2.5080e-03 5.2570e-03 4.9367e-03 1.0614e+00 2.0984e+00 1.3309e-02 1.5892e-03 -5.1681e-01 5.2382e-01 2.5219e-01 1.0798e+03
1.7803e-03 1.4446e-02 -2.7179e-03 5.7468e-03 5.3910e-03 1.1122e+00 2.1974e+00 1.4516e-02 1.7496e-03 -5.4141e-01 5.4907e-01 2.6467e-01 1.0955e+03
1.8219e-03 1.5751e-02 -2.9446e-03 6.2819e-03 5.8864e-03 1.1655e+00 2.3010e+00 1.5829e-02 1.9263e-03 -5.6714e-01 5.7553e-01 2.7779e-01 1.1115e+03
1.8644e-03 1.7173e-02 -3.1892e-03 6.8663e-03 6.4268e-03 1.2213e+00 2.4093e+00 1.7260e-02 2.1208e-03 -5.9407e-01 6.0324e-01 2.9165e-01 1.1278e+03
1.9079e-03 1.8721e-02 -3.4532e-03 7.5048e-03 7.0161e-03 1.2797e+00 2.5224e+00 1.8818e-02 2.3349e-03 -6.2223e-01 6.3227e-01 3.0633e-01 1.1443e+03
1.9525e-03 2.0405e-02 -3.7378e-03 8.2020e-03 7.6587e-03 1.3409e+00 2.6407e+00 2.0514e-02 2.5708e-03 -6.5167e-01 6.6266e-01 3.2187e-01 1.1605e+03
1.9980e-03 2.2238e-02 -4.0446e-03 8.9636e-03 8.3594e-03 1.4048e+00 2.7642e+00 2.2360e-02 2.8304e-03 -6.8245e-01 6.9448e-01 3.3827e-01 1.1764e+03
2.0447e-03 2.4233e-02 -4.3752e-03 9.7952e-03 9.1232e-03 1.4717e+00 2.8931e+00 2.4368e-02 3.1164e-03 -7.1462e-01 7.2778e-01 3.5551e-01 1.1919e+03
2.0924e-03 2.6403e-02 -4.7312e-03 1.0703e-02 9.9557e-03 1.5416e+00 3.0278e+00 2.6554e-02 3.4312e-03 -7.4824e-01 7.6263e-01 3.7356e-01 1.2067e+03
2.1412e-03 2.8764e-02 -5.1145e-03 1.1695e-02 1.0863e-02 1.6148e+00 3.1683e+00 2.8932e-02 3.7779e-03 -7.8336e-01 7.9911e-01 3.9239e-01 1.2210e+03
2.1912e-03 3.1331e-02 -5.5269e-03 1.2778e-02 1.1852e-02 1.6914e+00 3.3151e+00 3.1519e-02 4.1596e-03 -8.2007e-01 8.3729e-01 4.1199e-01 1.2349e+03
2.2423e-03 3.4123e-02 -5.9704e-03 1.3960e-02 1.2929e-02 1.7715e+00 3.4683e+00 3.4333e-02 4.5799e-03 -8.5843e-01 8.7727e-01 4.3239e-01 1.2486e+03
2.2947e-03 3.7158e-02 -6.4471e-03 1.5250e-02 1.4103e-02 1.8553e+00 3.6283e+00 3.7392e-02 5.0427e-03 -8.9853e-01 9.1913e-01 4.5363e-01 1.2621e+03
2.3482e-03 4.0458e-02 -6.9592e-03 1.6658e-02 1.5381e-02 1.9430e+00 3.7954e+00 4.0718e-02 5.5522e-03 -9.4044e-01 9.6297e-01 4.7580e-01 1.2757e+03
2.4030e-03 4.4043e-02 -7.5091e-03 1.8196e-02 1.6773e-02 2.0348e+00 3.9699e+00 4.4333e-02 6.1131e-03 -9.8425e-01 1.0089e+00 4.9901e-01 1.2894e+03
2.4591e-03 4.7939e-02 -8.0991e-03 1.9874e-02 1.8289e-02 2.1309e+00 4.1520e+00 4.8262e-02 6.7307e-03 -1.0300e+00 1.0570e+00 5.2339e-01 1.3033e+03
2.5165e-03 5.2172e-02 -8.7319e-03 2.1705e-02 1.9940e-02 2.2314e+00 4.3421e+00 5.2531e-02 7.4106e-03 -1.0779e+00 1.1073e+00 5.4904e-01 1.3172e+03
2.5753e-03 5.6769e-02 -9.4101e-03 2.3703e-02 2.1737e-02 2.3365e+00 4.5405e+00 5.7170e-02 8.1591e-03 -1.1278e+00 1.1600e+00 5.7604e-01 1.3309e+03
2.6354e-03 6.1761e-02 -1.0136e-02 2.5883e-02 2.3693e-02 2.4465e+00 4.7475e+00 6.2207e-02 8.9829e-03 -1.1800e+00 1.2152e+00 6.0442e-01 1.3444e+03
2.6969e-03 6.7182e-02 -1.0914e-02 2.8262e-02 2.5821e-02 2.5615e+00 4.9634e+00 6.7678e-02 9.8898e-03 -1.2345e+00 1.2730e+00 6.3418e-01 1.3574e+03
2.7598e-03 7.3065e-02 -1.1745e-02 3.0857e-02 2.8137e-02 2.6818e+00 5.1886e+00 7.3618e-02 1.0888e-02 -1.2915e+00 1.3335e+00 6.6533e-01 1.3700e+03
2.8242e-03 7.9451e-02 -1.2634e-02 3.3688e-02 3.0656e-02 2.8076e+00 5.4234e+00 8.0066e-02 1.1987e-02 -1.3509e+00 1.3969e+00 6.9788e-01 1.3822e+03
2.8902e-03 8.6380e-02 -1.3583e-02 3.6775e-02 3.3397e-02 2.9393e+00 5.6683e+00 8.7063e-02 1.3196e-02 -1.4130e+00 1.4632e+00 7.3188e-01 1.3942e+03
2.9576e-03 9.3896e-02 -1.4596e-02 4.0143e-02 3.6377e-02 3.0769e+00 5.9236e+00 9.4656e-02 1.4527e-02 -1.4777e+00 1.5326e+00 7.6743e-01 1.4061e+03
3.0266e-03 1.0205e-01 -1.5676e-02 4.3816e-02 3.9617e-02 3.2209e+00 6.1897e+00 1.0289e-01 1.5991e-02 -1.5454e+00 1.6054e+00 8.0466e-01 1.4180e+03
3.0973e-03 1.1089e-01 -1.6827e-02 4.7821e-02 4.3140e-02 3.3714e+00 6.4672e+00 1.1183e-01 1.7603e-02 -1.6160e+00 1.6815e+00 8.4371e-01 1.4298e+03
3.1696e-03 1.2047e-01 -1.8052e-02 5.2188e-02 4.6969e-02 3.5289e+00 6.7563e+00 1.2151e-01 1.9376e-02 -1.6897e+00 1.7613e+00 8.8470e-01 1.4415e+03
3.2436e-03 1.3085e-01 -1.9354e-02 5.6949e-02 5.1130e-02 3.6935e+00 7.0576e+00 1.3201e-01 2.1327e-02 -1.7665e+00 1.8448e+00 9.2773e-01 1.4529e+03
3.3193e-03 1.4210e-01 -2.0738e-02 6.2140e-02 5.5651e-02 3.8657e+00 7.3715e+00 1.4339e-01 2.3473e-02 -1.8467e+00 1.9322e+00 9.7286e-01 1.4641e+03
3.3967e-03 1.5429e-01 -2.2206e-02 6.7798e-02 6.0561e-02 4.0457e+00 7.6983e+00 1.5572e-01 2.5833e-02 -1.9304e+00 2.0237e+00 1.0201e+00 1.4750e+03
3.4760e-03 1.6749e-01 -2.3762e-02 7.3965e-02 6.5895e-02 4.2339e+00 8.0387e+00 1.6908e-01 2.8430e-02 -2.0177e+00 2.1196e+00 1.0696e+00 1.4856e+03
3.5572e-03 1.8179e-01 -2.5410e-02 8.0686e-02 7.1686e-02 4.4306e+00 8.3931e+00 1.8355e-01 3.1286e-02 -2.1086e+00 2.2200e+00 1.1215e+00 1.4959e+03
3.6402e-03 1.9726e-01 -2.7153e-02 8.8010e-02 7.7973e-02 4.6363e+00 8.7619e+00 1.9921e-01 3.4427e-02 -2.2035e+00 2.3250e+00 1.1757e+00 1.5062e+03
3.7251e-03 2.1400e-01 -2.8994e-02 9.5990e-02 8.4797e-02 4.8512e+00 9.1458e+00 2.1616e-01 3.7881e-02 -2.3024e+00 2.4351e+00 1.2326e+00 1.5163e+03
3.8121e-03 2.3211e-01 -3.0935e-02 1.0468e-01 9.2201e-02 5.0759e+00 9.5453e+00 2.3451e-01 4.1678e-02 -2.4055e+00 2.5503e+00 1.2923e+00 1.5262e+03
3.9011e-03 2.5169e-01 -3.2980e-02 1.1416e-01 1.0023e-01 5.3108e+00 9.9608e+00 2.5436e-01 4.5853e-02 -2.5129e+00 2.6710e+00 1.3549e+00 1.5359e+03
3.9921e-03 2.7287e-01 -3.5130e-02 1.2447e-01 1.0895e-01 5.5562e+00 1.0393e+01 2.7582e-01 5.0442e-02 -2.6248e+00 2.7973e+00 1.4206e+00 1.5454e+03
4.0853e-03 2.9576e-01 -3.7387e-02 1.3571e-01 1.1840e-01 5.8127e+00 1.0842e+01 2.9903e-01 5.5486e-02 -2.7414e+00 2.9296e+00 1.4893e+00 1.5547e+03
4.1806e-03 3.2049e-01 -3.9752e-02 1.4795e-01 1.2864e-01 6.0806e+00 1.1309e+01 3.2412e-01 6.1030e-02 -2.8627e+00 3.0682e+00 1.5614e+00 1.5637e+03
4.2782e-03 3.4721e-01 -4.2226e-02 1.6127e-01 1.3974e-01 6.3605e+00 1.1794e+01 3.5123e-01 6.7121e-02 -2.9891e+00 3.2132e+00 1.6370e+00 1.5725e+03
4.3781e-03 3.7607e-01 -4.4809e-02 1.7578e-01 1.5177e-01 6.6531e+00 1.2299e+01 3.8052e-01 7.3813e-02 -3.1207e+00 3.3651e+00 1.7162e+00 1.5812e+03
4.4803e-03 4.0722e-01 -4.7499e-02 1.9157e-01 1.6480e-01 6.9586e+00 1.2822e+01 4.1214e-01 8.1165e-02 -3.2575e+00 3.5242e+00 1.7992e+00 1.5897e+03
4.5848e-03 4.4084e-01 -5.0294e-02 2.0876e-01 1.7892e-01 7.2778e+00 1.3366e+01 4.4629e-01 8.9240e-02 -3.4000e+00 3.6907e+00 1.8863e+00 1.5980e+03
4.6918e-03 4.7711e-01 -5.3190e-02 2.2747e-01 1.9420e-01 7.6111e+00 1.3930e+01 4.8313e-01 9.8108e-02 -3.5481e+00 3.8651e+00 1.9777e+00 1.6061e+03
4.8013e-03 5.1623e-01 -5.6182e-02 2.4783e-01 2.1075e-01 7.9591e+00 1.4516e+01 5.2289e-01 1.0785e-01 -3.7021e+00 4.0477e+00 2.0734e+00 1.6140e+03
4.9134e-03 5.5841e-01 -5.9264e-02 2.6999e-01 2.2865e-01 8.3225e+00 1.5123e+01 5.6577e-01 1.1854e-01 -3.8622e+00 4.2389e+00 2.1738e+00 1.6217e+03
5.0281e-03 6.0387e-01 -6.2428e-02 2.9409e-01 2.4801e-01 8.7019e+00 1.5753e+01 6.1200e-01 1.3027e-01 -4.0285e+00 4.4392e+00 2.2791e+00 1.6292e+03
5.1454e-03 6.5284e-01 -6.5664e-02 3.2030e-01 2.6896e-01 9.0981e+00 1.6406e+01 6.6182e-01 1.4315e-01 -4.2014e+00 4.6488e+00 2.3895e+00 1.6366e+03
5.2655e-03 7.0558e-01 -6.8958e-02 3.4882e-01 2.9161e-01 9.5116e+00 1.7083e+01 7.1551e-01 1.5728e-01 -4.3808e+00 4.8684e+00 2.5053e+00 1.6437e+03
5.3884e-03 7.6237e-01 -7.2294e-02 3.7983e-01 3.1609e-01 9.9431e+00 1.7784e+01 7.7332e-01 1.7278e-01 -4.5672e+00 5.0983e+00 2.6267e+00 1.6507e+03
5.5142e-03 8.2348e-01 -7.5654e-02 4.1354e-01 3.4254e-01 1.0393e+01 1.8510e+01 8.3557e-01 1.8978e-01 -4.7605e+00 5.3390e+00 2.7541e+00 1.6575e+03
5.6429e-03 8.8922e-01 -7.9017e-02 4.5020e-01 3.7111e-01 1.0863e+01 1.9261e+01 9.0256e-01 2.0843e-01 -4.9611e+00 5.5911e+00 2.8876e+00 1.6641e+03
5.7746e-03 9.5992e-01 -8.2356e-02 4.9004e-01 4.0197e-01 1.1353e+01 2.0039e+01 9.7462e-01 2.2887e-01 -5.1691e+00 5.8550e+00 3.0277e+00 1.6705e+03
5.9094e-03 1.0359e+00 -8.5643e-02 5.3335e-01 4.3528e-01 1.1865e+01 2.0843e+01 1.0521e+00 2.5127e-01 -5.3847e+00 6.1314e+00 3.1746e+00 1.6768e+03
6.0473e-03 1.1176e+00 -8.8843e-02 5.8040e-01 4.7123e-01 1.2398e+01 2.1674e+01 1.1354e+00 2.7583e-01 -5.6081e+00 6.4208e+00 3.3287e+00 1.6829e+03
6.1885e-03 1.2053e+00 -9.1914e-02 6.3153e-01 5.1001e-01 1.2954e+01 2.2533e+01 1.2249e+00 3.0273e-01 -5.8394e+00 6.7239e+00 3.4903e+00 1.6888e+03
6.3329e-03 1.2994e+00 -9.4813e-02 6.8706e-01 5.5183e-01 1.3534e+01 2.3421e+01 1.3211e+00 3.3220e-01 -6.0789e+00 7.0412e+00 3.6599e+00 1.6946e+03
6.4807e-03 1.4004e+00 -9.7486e-02 7.4738e-01 5.9692e-01 1.4138e+01 2.4337e+01 1.4243e+00 3.6448e-01 -6.3267e+00 7.3735e+00 3.8377e+00 1.7002e+03
6.6320e-03 1.5088e+00 -9.9875e-02 8.1288e-01 6.4551e-01 1.4768e+01 2.5283e+01 1.5351e+00 3.9981e-01 -6.5830e+00 7.7214e+00 4.0242e+00 1.7056e+03
6.7868e-03 1.6250e+00 -1.0192e-01 8.8399e-01 6.9785e-01 1.5424e+01 2.6258e+01 1.6539e+00 4.3848e-01 -6.8478e+00 8.0858e+00 4.2199e+00 1.7109e+03
6.9452e-03 1.7495e+00 -1.0353e-01 9.6119e-01 7.5421e-01 1.6108e+01 2.7264e+01 1.7813e+00 4.8080e-01 -7.1214e+00 8.4672e+00 4.4252e+00 1.7161e+03
7.1073e-03 1.8829e+00 -1.0464e-01 1.0450e+00 8.1489e-01 1.6820e+01 2.8300e+01 1.9178e+00 5.2710e-01 -7.4039e+00 8.8667e+00 4.6404e+00 1.7210e+03
7.2732e-03 2.0257e+00 -1.0514e-01 1.1359e+00 8.8017e-01 1.7562e+01 2.9367e+01 2.0640e+00 5.7772e-01 -7.6954e+00 9.2849e+00 4.8663e+00 1.7259e+03
7.4429e-03 2.1784e+00 -1.0494e-01 1.2345e+00 9.5039e-01 1.8334e+01 3.0465e+01 2.2206e+00 6.3307e-01 -7.9959e+00 9.7229e+00 5.1032e+00 1.7305e+03
7.6166e-03 2.3419e+00 -1.0390e-01 1.3415e+00 1.0259e+00 1.9138e+01 3.1595e+01 2.3882e+00 6.9357e-01 -8.3057e+00 1.0181e+01 5.3517e+00 1.7351e+03
7.7944e-03 2.5166e+00 -1.0191e-01 1.4575e+00 1.1070e+00 1.9975e+01 3.2757e+01 2.5674e+00 7.5967e-01 -8.6246e+00 1.0662e+01 5.6123e+00 1.7395e+03
7.9763e-03 2.7032e+00 -9.8824e-02 1.5833e+00 1.1942e+00 2.0846e+01 3.3950e+01 2.7590e+00 8.3187e-01 -8.9529e+00 1.1164e+01 5.8857e+00 1.7437e+03
8.1625e-03 2.9026e+00 -9.4472e-02 1.7196e+00 1.2878e+00 2.1752e+01 3.5176e+01 2.9637e+00 9.1070e-01 -9.2904e+00 1.1691e+01 6.1725e+00 1.7478e+03
8.3530e-03 3.1153e+00 -8.8680e-02 1.8674e+00 1.3882e+00 2.2695e+01 3.6434e+01 3.1823e+00 9.9675e-01 -9.6372e+00 1.2242e+01 6.4733e+00 1.7518e+03
8.5480e-03 3.3423e+00 -8.1252e-02 2.0274e+00 1.4959e+00 2.3674e+01 3.7724e+01 3.4156e+00 1.0906e+00 -9.9932e+00 1.2819e+01 6.7888e+00 1.7557e+03
8.7475e-03 3.5842e+00 -7.1974e-02 2.2008e+00 1.6115e+00 2.4693e+01 3.9046e+01 3.6645e+00 1.1931e+00 -1.0358e+01 1.3423e+01 7.1196e+00 1.7594e+03
8.9517e-03 3.8420e+00 -6.0614e-02 2.3886e+00 1.7353e+00 2.5751e+01 4.0400e+01 3.9299e+00 1.3047e+00 -1.0733e+01 1.4055e+01 7.4666e+00 1.7630e+03
9.1606e-03 4.1165e+00 -4.6921e-02 2.5919e+00 1.8680e+00 2.6851e+01 4.1786e+01 4.2127e+00 1.4264e+00 -1.1116e+01 1.4717e+01 7.8305e+00 1.7664e+03
9.3744e-03 4.4087e+00 -3.0606e-02 2.8119e+00 2.0100e+00 2.7993e+01 4.3203e+01 4.5138e+00 1.5590e+00 -1.1508e+01 1.5410e+01 8.2121e+00 1.7697e+03
9.5932e-03 4.7194e+00 -1.1363e-02 3.0500e+00 2.1620e+00 2.9179e+01 4.4651e+01 4.8343e+00 1.7034e+00 -1.1908e+01 1.6135e+01 8.6122e+00 1.7730e+03
9.8171e-03 5.0496e+00 1.1145e-02 3.3075e+00 2.3246e+00 3.0411e+01 4.6130e+01 5.1752e+00 1.8606e+00 -1.2317e+01 1.6895e+01 9.0317e+00 1.7761e+03
1.0046e-02 5.4004e+00 3.7277e-02 3.5860e+00 2.4984e+00 3.1688e+01 4.7639e+01 5.5375e+00 2.0317e+00 -1.2734e+01 1.7690e+01 9.4716e+00 1.7790e+03
1.0281e-02 5.7728e+00 6.7426e-02 3.8872e+00 2.6841e+00 3.3014e+01 4.9177e+01 5.9224e+00 2.2177e+00 -1.3158e+01 1.8522e+01 9.9326e+00 1.7819e+03
1.0521e-02 6.1679e+00 1.0200e-01 4.2126e+00 2.8824e+00 3.4389e+01 5.0744e+01 6.3310e+00 2.4200e+00 -1.3589e+01 1.9393e+01 1.0416e+01 1.7847e+03
1.0766e-02 6.5867e+00 1.4147e-01 4.5642e+00 3.0941e+00 3.5814e+01 5.2339e+01 6.7645e+00 2.6398e+00 -1.4027e+01 2.0304e+01 1.0922e+01 1.7873e+03
1.1018e-02 7.0303e+00 1.8633e-01 4.9439e+00 3.3198e+00 3.7291e+01 5.3961e+01 7.2240e+00 2.8786e+00 -1.4472e+01 2.1258e+01 1.1453e+01 1.7898e+03
1.1275e-02 7.5000e+00 2.3711e-01 5.3540e+00 3.5605e+00 3.8822e+01 5.5609e+01 7.7109e+00 3.1377e+00 -1.4921e+01 2.2257e+01 1.2009e+01 1.7923e+03
1.1538e-02 7.9968e+00 2.9439e-01 5.7965e+00 3.8168e+00 4.0406e+01 5.7282e+01 8.2263e+00 3.4190e+00 -1.5376e+01 2.3301e+01 1.2592e+01 1.7946e+03
1.1807e-02 8.5220e+00 3.5877e-01 6.2740e+00 4.0898e+00 4.2047e+01 5.8978e+01 8.7716e+00 3.7239e+00 -1.5834e+01 2.4395e+01 1.3202e+01 1.7968e+03
1.2083e-02 9.0768e+00 4.3087e-01 6.7890e+00 4.3802e+00 4.3745e+01 6.0696e+01 9.3481e+00 4.0545e+00 -1.6296e+01 2.5538e+01 1.3841e+01 1.7989e+03
1.2365e-02 9.6623e+00 5.1141e-01 7.3442e+00 4.6891e+00 4.5502e+01 6.2436e+01 9.9571e+00 4.4127e+00 -1.6760e+01 2.6735e+01 1.4511e+01 1.8010e+03
1.2653e-02 1.0280e+01 6.0114e-01 7.9426e+00 5.0172e+00 4.7318e+01 6.4194e+01 1.0600e+01 4.8004e+00 -1.7225e+01 2.7986e+01 1.5211e+01 1.8029e+03
1.2949e-02 1.0931e+01 7.0082e-01 8.5871e+00 5.3657e+00 4.9196e+01 6.5971e+01 1.1278e+01 5.2201e+00 -1.7691e+01 2.9296e+01 1.5945e+01 1.8047e+03
1.3251e-02 1.1616e+01 8.1130e-01 9.2812e+00 5.7355e+00 5.1135e+01 6.7763e+01 1.1992e+01 5.6738e+00 -1.8155e+01 3.0665e+01 1.6712e+01 1.8065e+03
1.3560e-02 1.2337e+01 9.3344e-01 1.0028e+01 6.1277e+00 5.3138e+01 6.9569e+01 1.2745e+01 6.1643e+00 -1.8618e+01 3.2097e+01 1.7515e+01 1.8081e+03
1.3877e-02 1.3095e+01 1.0682e+00 1.0832e+01 6.5432e+00 5.5206e+01 7.1388e+01 1.3537e+01 6.6941e+00 -1.9077e+01 3.3594e+01 1.8355e+01 1.8096e+03
1.4201e-02 1.3891e+01 1.2164e+00 1.1696e+01 6.9832e+00 5.7340e+01 7.3217e+01 1.4369e+01 7.2660e+00 -1.9531e+01 3.5160e+01 1.9233e+01 1.8111e+03
1.4532e-02 1.4726e+01 1.3792e+00 1.2625e+01 7.4487e+00 5.9540e+01 7.5055e+01 1.5243e+01 7.8829e+00 -1.9978e+01 3.6796e+01 2.0151e+01 1.8125e+03
1.4871e-02 1.5602e+01 1.5576e+00 1.3623e+01 7.9409e+00 6.1809e+01 7.6899e+01 1.6161e+01 8.5478e+00 -2.0417e+01 3.8507e+01 2.1110e+01 1.8138e+03
1.5218e-02 1.6519e+01 1.7527e+00 1.4694e+01 8.4608e+00 6.4146e+01 7.8747e+01 1.7123e+01 9.2642e+00 -2.0847e+01 4.0294e+01 2.2112e+01 1.8150e+03
1.5573e-02 1.7480e+01 1.9658e+00 1.5843e+01 9.0097e+00 6.6552e+01 8.0597e+01 1.8131e+01 1.0035e+01 -2.1264e+01 4.2162e+01 2.3159e+01 1.8161e+03
1.5937e-02 1.8484e+01 2.1978e+00 1.7076e+01 9.5885e+00 6.9029e+01 8.2447e+01 1.9186e+01 1.0865e+01 -2.1668e+01 4.4113e+01 2.4251e+01 1.8171e+03
1.6309e-02 1.9533e+01 2.4501e+00 1.8398e+01 1.0199e+01 7.1579e+01 8.4295e+01 2.0290e+01 1.1756e+01 -2.2057e+01 4.6151e+01 2.5391e+01 1.8180e+03
1.6690e-02 2.0627e+01 2.7238e+00 1.9814e+01 1.0841e+01 7.4200e+01 8.6138e+01 2.1442e+01 1.2714e+01 -2.2428e+01 4.8279e+01 2.6580e+01 1.8189e+03
1.7079e-02 2.1769e+01 3.0204e+00 2.1330e+01 1.1516e+01 7.6894e+01 8.7974e+01 2.2646e+01 1.3742e+01 -2.2779e+01 5.0502e+01 2.7820e+01 1.8197e+03
1.7478e-02 2.2957e+01 3.3409e+00 2.2953e+01 1.2226e+01 7.9660e+01 8.9802e+01 2.3900e+01 1.4845e+01 -2.3108e+01 5.2822e+01 2.9113e+01 1.8204e+03
1.7886e-02 2.4194e+01 3.6868e+00 2.4689e+01 1.2972e+01 8.2500e+01 9.1618e+01 2.5208e+01 1.6027e+01 -2.3413e+01 5.5243e+01 3.0459e+01 1.8210e+03
1.8303e-02 2.5480e+01 4.0593e+00 2.6544e+01 1.3754e+01 8.5414e+01 9.3422e+01 2.6568e+01 1.7292e+01 -2.3692e+01 5.7769e+01 3.1860e+01 1.8215e+03
1.8730e-02 2.6816e+01 4.4597e+00 2.8526e+01 1.4573e+01 8.8403e+01 9.5210e+01 2.7982e+01 1.8646e+01 -2.3941e+01 6.0404e+01 3.3319e+01 1.8219e+03
1.9167e-02 2.8201e+01 4.8891e+00 3.0641e+01 1.5431e+01 9.1466e+01 9.6981e+01 2.9452e+01 2.0093e+01 -2.4160e+01 6.3153e+01 3.4836e+01 1.8223e+03
1.9615e-02 2.9637e+01 5.3489e+00 3.2897e+01 1.6328e+01 9.4604e+01 9.8733e+01 3.0976e+01 2.1637e+01 -2.4344e+01 6.6018e+01 3.6413e+01 1.8226e+03
2.0073e-02 3.1124e+01 5.8403e+00 3.5301e+01 1.7265e+01 9.7816e+01 1.0046e+02 3.2556e+01 2.3286e+01 -2.4493e+01 6.9004e+01 3.8051e+01 1.8228e+03
2.0541e-02 3.2661e+01 6.3645e+00 3.7862e+01 1.8243e+01 1.0110e+02 1.0217e+02 3.4193e+01 2.5042e+01 -2.4604e+01 7.2114e+01 3.9752e+01 1.8229e+03
2.1021e-02 3.4249e+01 6.9224e+00 4.0586e+01 1.9262e+01 1.0446e+02 1.0386e+02 3.5886e+01 2.6912e+01 -2.4674e+01 7.5354e+01 4.1516e+01 1.8230e+03
2.1511e-02 3.5889e+01 7.5152e+00 4.3483e+01 2.0324e+01 1.0789e+02 1.0552e+02 3.7635e+01 2.8902e+01 -2.4700e+01 7.8728e+01 4.3346e+01 1.8229e+03
2.2013e-02 3.7580e+01 8.1438e+00 4.6560e+01 2.1427e+01 1.1140e+02 1.0715e+02 3.9442e+01 3.1015e+01 -2.4682e+01 8.2238e+01 4.5242e+01 1.8228e+03
2.2527e-02 3.9322e+01 8.8089e+00 4.9825e+01 2.2574e+01 1.1498e+02 1.0875e+02 4.1306e+01 3.3258e+01 -2.4616e+01 8.5889e+01 4.7205e+01 1.8226e+03
2.3053e-02 4.1114e+01 9.5115e+00 5.3286e+01 2.3764e+01 1.1863e+02 1.1033e+02 4.3226e+01 3.5636e+01 -2.4501e+01 8.9686e+01 4.9236e+01 1.8223e+03
2.3591e-02 4.2957e+01 1.0252e+01 5.6952e+01 2.4997e+01 1.2236e+02 1.1187e+02 4.5203e+01 3.8154e+01 -2.4335e+01 9.3632e+01 5.1335e+01 1.8219e+03
2.4142e-02 4.4849e+01 1.1032e+01 6.0831e+01 2.6274e+01 1.2615e+02 1.1338e+02 4.7236e+01 4.0817e+01 -2.4115e+01 9.7731e+01 5.3505e+01 1.8215e+03
2.4705e-02 4.6791e+01 1.1850e+01 6.4931e+01 2.7594e+01 1.3001e+02 1.1486e+02 4.9325e+01 4.3630e+01 -2.3840e+01 1.0199e+02 5.5744e+01 1.8210e+03
2.5282e-02 4.8783e+01 1.2708e+01 6.9259e+01 2.8957e+01 1.3394e+02 1.1631e+02 5.1470e+01 4.6600e+01 -2.3509e+01 1.0640e+02 5.8055e+01 1.8203e+03
2.5872e-02 5.0822e+01 1.3605e+01 7.3826e+01 3.0364e+01 1.3794e+02 1.1772e+02 5.3670e+01 4.9729e+01 -2.3120e+01 1.1099e+02 6.0436e+01 1.8196e+03
2.6476e-02 5.2910e+01 1.4541e+01 7.8637e+01 3.1814e+01 1.4201e+02 1.1910e+02 5.5925e+01 5.3025e+01 -2.2672e+01 1.1574e+02 6.2888e+01 1.8188e+03
2.7094e-02 5.5044e+01 1.5517e+01 8.3703e+01 3.3306e+01 1.4614e+02 1.2044e+02 5.8234e+01 5.6490e+01 -2.2164e+01 1.2066e+02 6.5411e+01 1.8179e+03
2.7726e-02 5.7224e+01 1.6531e+01 8.9029e+01 3.4839e+01 1.5034e+02 1.2174e+02 6.0597e+01 6.0131e+01 -2.1595e+01 1.2576e+02 6.8004e+01 1.8170e+03
2.8373e-02 5.9451e+01 1.7584e+01 9.4624e+01 3.6414e+01 1.5459e+02 1.2301e+02 6.3012e+01 6.3952e+01 -2.0965e+01 1.3104e+02 7.0669e+01 1.8159e+03
2.9035e-02 6.1723e+01 1.8675e+01 1.0049e+02 3.8029e+01 1.5891e+02 1.2424e+02 6.5481e+01 6.7955e+01 -2.0273e+01 1.3650e+02 7.3404e+01 1.8147e+03
2.9713e-02 6.4041e+01 1.9802e+01 1.0665e+02 3.9684e+01 1.6329e+02 1.2542e+02 6.8002e+01 7.2146e+01 -1.9520e+01 1.4215e+02 7.6208e+01 1.8135e+03
3.0406e-02 6.6403e+01 2.0964e+01 1.1309e+02 4.1377e+01 1.6773e+02 1.2657e+02 7.0575e+01 7.6528e+01 -1.8706e+01 1.4799e+02 7.9081e+01 1.8121e+03
3.1116e-02 6.8809e+01 2.2162e+01 1.1982e+02 4.3107e+01 1.7223e+02 1.2767e+02 7.3200e+01 8.1104e+01 -1.7830e+01 1.5401e+02 8.2022e+01 1.8107e+03
3.1842e-02 7.1259e+01 2.3392e+01 1.2686e+02 4.4874e+01 1.7678e+02 1.2872e+02 7.5876e+01 8.5877e+01 -1.6893e+01 1.6024e+02 8.5031e+01 1.8091e+03
3.2586e-02 7.3752e+01 2.4655e+01 1.3419e+02 4.6677e+01 1.8139e+02 1.2973e+02 7.8603e+01 9.0848e+01 -1.5896e+01 1.6666e+02 8.8106e+01 1.8075e+03
3.3346e-02 7.6290e+01 2.5948e+01 1.4183e+02 4.8514e+01 1.8605e+02 1.3068e+02 8.1383e+01 9.6022e+01 -1.4839e+01 1.7328e+02 9.1247e+01 1.8057e+03
3.4124e-02 7.8875e+01 2.7272e+01 1.4978e+02 5.0386e+01 1.9076e+02 1.3157e+02 8.4216e+01 1.0140e+02 -1.3723e+01 1.8010e+02 9.4452e+01 1.8038e+03
3.4921e-02 8.1504e+01 2.8623e+01 1.5804e+02 5.2291e+01 1.9553e+02 1.3240e+02 8.7102e+01 1.0698e+02 -1.2548e+01 1.8712e+02 9.7721e+01 1.8019e+03
3.5736e-02 8.4177e+01 3.0002e+01 1.6662e+02 5.4228e+01 2.0034e+02 1.3317e+02 9.0040e+01 1.1277e+02 -1.1313e+01 1.9435e+02 1.0105e+02 1.7998e+03
3.6570e-02 8.6896e+01 3.1408e+01 1.7551e+02 5.6198e+01 2.0520e+02 1.3386e+02 9.3032e+01 1.1878e+02 -1.0019e+01 2.0179e+02 1.0445e+02 1.7976e+03
3.7424e-02 8.9661e+01 3.2840e+01 1.8472e+02 5.8199e+01 2.1011e+02 1.3447e+02 9.6079e+01 1.2499e+02 -8.6655e+00 2.0943e+02 1.0791e+02 1.7953e+03
3.8297e-02 9.2473e+01 3.4297e+01 1.9424e+02 6.0233e+01 2.1505e+02 1.3499e+02 9.9182e+01 1.3142e+02 -7.2510e+00 2.1729e+02 1.1142e+02 1.7928e+03
3.9191e-02 9.5340e+01 3.5781e+01 2.0409e+02 6.2300e+01 2.2005e+02 1.3542e+02 1.0234e+02 1.3807e+02 -5.7741e+00 2.2536e+02 1.1501e+02 1.7903e+03
4.0106e-02 9.8256e+01 3.7291e+01 2.1426e+02 6.4401e+01 2.2510e+02 1.3575e+02 1.0557e+02 1.4494e+02 -4.2325e+00 2.3364e+02 1.1865e+02 1.7876e+03
4.1042e-02 1.0122e+02 3.8828e+01 2.2475e+02 6.6536e+01 2.3017e+02 1.3596e+02 1.0885e+02 1.5203e+02 -2.6230e+00 2.4214e+02 1.2236e+02 1.7848e+03
4.2000e-02 1.0424e+02 4.0393e+01 2.3556e+02 6.8707e+01 2.3529e+02 1.3604e+02 1.1219e+02 1.5936e+02 -9.4165e-01 2.5086e+02 1.2613e+02 1.7819e+03
4.2980e-02 1.0731e+02 4.1990e+01 2.4670e+02 7.0915e+01 2.4044e+02 1.3600e+02 1.1559e+02 1.6691e+02 8.1654e-01 2.5980e+02 1.2996e+02 1.7788e+03
4.3983e-02 1.1043e+02 4.3620e+01 2.5817e+02 7.3162e+01 2.4561e+02 1.3581e+02 1.1906e+02 1.7471e+02 2.6578e+00 2.6897e+02 1.3387e+02 1.7756e+03
4.5010e-02 1.1362e+02 4.5288e+01 2.6997e+02 7.5455e+01 2.5083e+02 1.3546e+02 1.2259e+02 1.8276e+02 4.5894e+00 2.7837e+02 1.3785e+02 1.7722e+03
4.6060e-02 1.1686e+02 4.6999e+01 2.8211e+02 7.7794e+01 2.5608e+02 1.3495e+02 1.2619e+02 1.9107e+02 6.6200e+00 2.8799e+02 1.4189e+02 1.7688e+03
4.7135e-02 1.2015e+02 4.8757e+01 2.9459e+02 8.0183e+01 2.6135e+02 1.3427e+02 1.2986e+02 1.9964e+02 8.7593e+00 2.9785e+02 1.4602e+02 1.7651e+03
4.8235e-02 1.2350e+02 5.0567e+01 3.0742e+02 8.2626e+01 2.6663e+02 1.3341e+02 1.3359e+02 2.0848e+02 1.1018e+01 3.0795e+02 1.5023e+02 1.7613e+03
4.9361e-02 1.2691e+02 5.2437e+01 3.2061e+02 8.5126e+01 2.7193e+02 1.3235e+02 1.3738e+02 2.1762e+02 1.3409e+01 3.1829e+02 1.5452e+02 1.7574e+03
5.0513e-02 1.3036e+02 5.4372e+01 3.3417e+02 8.7688e+01 2.7724e+02 1.3110e+02 1.4123e+02 2.2705e+02 1.5944e+01 3.2888e+02 1.5890e+02 1.7533e+03
5.1692e-02 1.3387e+02 5.6382e+01 3.4812e+02 9.0319e+01 2.8256e+02 1.2965e+02 1.4515e+02 2.3681e+02 1.8637e+01 3.3972e+02 1.6338e+02 1.7491e+03
5.2899e-02 1.3743e+02 5.8475e+01 3.6248e+02 9.3024e+01 2.8789e+02 1.2799e+02 1.4913e+02 2.4690e+02 2.1501e+01 3.5081e+02 1.6795e+02 1.7446e+03
5.4134e-02 1.4104e+02 6.0655e+01 3.7725e+02 9.5804e+01 2.9320e+02 1.2613e+02 1.5316e+02 2.5733e+02 2.4551e+01 3.6217e+02 1.7263e+02 1.7401e+03
5.5397e-02 1.4468e+02 6.2932e+01 3.9247e+02 9.8662e+01 2.9850e+02 1.2407e+02 1.5723e+02 2.6813e+02 2.7800e+01 3.7380e+02 1.7741e+02 1.7353e+03
5.6690e-02 1.4835e+02 6.5311e+01 4.0814e+02 1.0160e+02 3.0378e+02 1.2182e+02 1.6134e+02 2.7931e+02 3.1261e+01 3.8570e+02 1.8229e+02 1.7304e+03
5.8013e-02 1.5205e+02 6.7797e+01 4.2430e+02 1.0462e+02 3.0902e+02 1.1937e+02 1.6549e+02 2.9088e+02 3.4945e+01 3.9787e+02 1.8729e+02 1.7253e+03
5.9367e-02 1.5576e+02 7.0398e+01 4.4095e+02 1.0773e+02 3.1423e+02 1.1675e+02 1.6965e+02 3.0286e+02 3.8861e+01 4.1031e+02 1.9239e+02 1.7200e+03
6.0753e-02 1.5949e+02 7.3120e+01 4.5813e+02 1.1092e+02 3.1940e+02 1.1396e+02 1.7384e+02 3.1526e+02 4.3015e+01 4.2304e+02 1.9760e+02 1.7145e+03
6.2171e-02 1.6323e+02 7.5961e+01 4.7585e+02 1.1420e+02 3.2452e+02 1.1103e+02 1.7804e+02 3.2809e+02 4.7412e+01 4.3604e+02 2.0291e+02 1.7088e+03
6.3622e-02 1.6695e+02 7.8919e+01 4.9412e+02 1.1755e+02 3.2956e+02 1.0796e+02 1.8222e+02 3.4134e+02 5.2050e+01 4.4931e+02 2.0832e+02 1.7029e+03
6.5107e-02 1.7064e+02 8.1991e+01 5.1296e+02 1.2096e+02 3.3453e+02 1.0480e+02 1.8638e+02 3.5502e+02 5.6924e+01 4.6285e+02 2.1381e+02 1.6969e+03
6.6627e-02 1.7429e+02 8.5171e+01 5.3237e+02 1.2444e+02 3.3940e+02 1.0155e+02 1.9051e+02 3.6913e+02 6.2024e+01 4.7665e+02 2.1938e+02 1.6906e+03
6.8182e-02 1.7789e+02 8.8450e+01 5.5235e+02 1.2797e+02 3.4417e+02 9.8238e+01 1.9459e+02 3.8365e+02 6.7335e+01 4.9070e+02 2.2500e+02 1.6841e+03
6.9773e-02 1.8146e+02 9.1825e+01 5.7288e+02 1.3154e+02 3.4885e+02 9.4897e+01 1.9862e+02 3.9857e+02 7.2835e+01 5.0498e+02 2.3068e+02 1.6774e+03
7.1402e-02 1.8497e+02 9.5274e+01 5.9396e+02 1.3513e+02 3.5343e+02 9.1547e+01 2.0259e+02 4.1384e+02 7.8499e+01 5.1947e+02 2.3637e+02 1.6705e+03
7.3068e-02 1.8838e+02 9.8779e+01 6.1557e+02 1.3872e+02 3.5787e+02 8.8214e+01 2.0647e+02 4.2946e+02 8.4294e+01 5.3416e+02 2.4206e+02 1.6634e+03
7.4773e-02 1.9171e+02 1.0232e+02 6.3766e+02 1.4230e+02 3.6218e+02 8.4916e+01 2.1026e+02 4.4539e+02 9.0184e+01 5.4903e+02 2.4773e+02 1.6561e+03
7.6519e-02 1.9493e+02 1.0586e+02 6.6021e+02 1.4583e+02 3.6635e+02 8.1674e+01 2.1394e+02 4.6159e+02 9.6126e+01 5.6407e+02 2.5334e+02 1.6486e+03
7.8305e-02 1.9804e+02 1.0939e+02 6.8316e+02 1.4930e+02 3.7036e+02 7.8499e+01 2.1751e+02 4.7801e+02 1.0208e+02 5.7923e+02 2.5886e+02 1.6408e+03
8.0132e-02 2.0106e+02 1.1289e+02 7.0642e+02 1.5268e+02 3.7425e+02 7.5399e+01 2.2098e+02 4.9460e+02 1.0799e+02 5.9450e+02 2.6428e+02 1.6328e+03
8.2003e-02 2.0399e+02 1.1631e+02 7.2992e+02 1.5597e+02 3.7800e+02 7.2374e+01 2.2435e+02 5.1129e+02 1.1381e+02 6.0982e+02 2.6956e+02 1.6246e+03
8.3917e-02 2.0680e+02 1.1965e+02 7.5357e+02 1.5912e+02 3.8159e+02 6.9421e+01 2.2760e+02 5.2804e+02 1.1951e+02 6.2517e+02 2.7467e+02 1.6161e+03
8.5875e-02 2.0949e+02 1.2286e+02 7.7728e+02 1.6213e+02 3.8504e+02 6.6526e+01 2.3073e+02 5.4478e+02 1.2505e+02 6.4053e+02 2.7960e+02 1.6075e+03
8.7880e-02 2.1207e+02 1.2594e+02 8.0096e+02 1.6498e+02 3.8833e+02 6.3671e+01 2.3375e+02 5.6148e+02 1.3040e+02 6.5585e+02 2.8434e+02 1.5986e+03
8.9931e-02 2.1454e+02 1.2887e+02 8.2452e+02 1.6767e+02 3.9147e+02 6.0834e+01 2.3666e+02 5.7809e+02 1.3555e+02 6.7113e+02 2.8887e+02 1.5895e+03
9.2030e-02 2.1692e+02 1.3165e+02 8.4790e+02 1.7020e+02 3.9447e+02 5.7985e+01 2.3948e+02 5.9461e+02 1.4048e+02 6.8635e+02 2.9320e+02 1.5803e+03
9.4178e-02 2.1926e+02 1.3429e+02 8.7104e+02 1.7258e+02 3.9735e+02 5.5096e+01 2.4224e+02 6.1101e+02 1.4521e+02 7.0150e+02 2.9733e+02 1.5707e+03
9.6376e-02 2.2151e+02 1.3679e+02 8.9389e+02 1.7482e+02 4.0010e+02 5.2135e+01 2.4492e+02 6.2730e+02 1.4976e+02 7.1659e+02 3.0128e+02 1.5610e+03
9.8625e-02 2.2368e+02 1.3916e+02 9.1645e+02 1.7694e+02 4.0272e+02 4.9072e+01 2.4752e+02 6.4351e+02 1.5416e+02 7.3162e+02 3.0508e+02 1.5511e+03
1.0093e-01 2.2579e+02 1.4144e+02 9.3872e+02 1.7895e+02 4.0520e+02 4.5884e+01 2.5006e+02 6.5968e+02 1.5846e+02 7.4662e+02 3.0875e+02 1.5410e+03
1.0328e-01 2.2782e+02 1.4365e+02 9.6075e+02 1.8090e+02 4.0755e+02 4.2550e+01 2.5253e+02 6.7586e+02 1.6271e+02 7.6161e+02 3.1235e+02 1.5307e+03
1.0569e-01 2.2980e+02 1.4582e+02 9.8260e+02 1.8282e+02 4.0977e+02 3.9061e+01 2.5495e+02 6.9211e+02 1.6700e+02 7.7663e+02 3.1590e+02 1.5202e+03
1.0816e-01 2.3177e+02 1.4802e+02 1.0044e+03 1.8475e+02 4.1188e+02 3.5416e+01 2.5733e+02 7.0852e+02 1.7137e+02 7.9171e+02 3.1944e+02 1.5095e+03
1.1068e-01 2.3369e+02 1.5026e+02 1.0261e+03 1.8672e+02 4.1387e+02 3.1626e+01 2.5966e+02 7.2514e+02 1.7589e+02 8.0690e+02 3.2302e+02 1.4986e+03
1.1327e-01 2.3554e+02 1.5258e+02 1.0480e+03 1.8875e+02 4.1571e+02 2.7712e+01 2.6191e+02 7.4204e+02 1.8061e+02 8.2222e+02 3.2665e+02 1.4875e+03
1.1591e-01 2.3732e+02 1.5501e+02 1.0702e+03 1.9085e+02 4.1740e+02 2.3708e+01 2.6408e+02 7.5927e+02 1.8556e+02 8.3769e+02 3.3037e+02 1.4763e+03
1.1862e-01 2.3902e+02 1.5754e+02 1.0926e+03 1.9304e+02 4.1894e+02 1.9655e+01 2.6616e+02 7.7685e+02 1.9077e+02 8.5333e+02 3.3416e+02 1.4648e+03
1.2139e-01 2.4062e+02 1.6020e+02 1.1155e+03 1.9531e+02 4.2032e+02 1.5601e+01 2.6813e+02 7.9479e+02 1.9622e+02 8.6913e+02 3.3803e+02 1.4531e+03
1.2422e-01 2.4214e+02 1.6297e+02 1.1388e+03 1.9766e+02 4.2153e+02 1.1595e+01 2.6999e+02 8.1306e+02 2.0188e+02 8.8507e+02 3.4193e+02 1.4412e+03
1.2712e-01 2.4358e+02 1.6582e+02 1.1625e+03 2.0004e+02 4.2258e+02 7.6881e+00 2.7173e+02 8.3158e+02 2.0767e+02 9.0111e+02 3.4582e+02 1.4292e+03
1.3009e-01 2.4489e+02 1.6871e+02 1.1865e+03 2.0242e+02 4.2345e+02 3.9205e+00 2.7331e+02 8.5027e+02 2.1352e+02 9.1717e+02 3.4964e+02 1.4169e+03
1.3312e-01 2.4607e+02 1.7157e+02 1.2107e+03 2.0473e+02 4.2413e+02 3.2500e-01 2.7474e+02 8.6900e+02 2.1933e+02 9.3318e+02 3.5331e+02 1.4044e+03
1.3623e-01 2.4712e+02 1.7436e+02 1.2350e+03 2.0692e+02 4.2463e+02 -3.0807e+00 2.7601e+02 8.8761e+02 2.2497e+02 9.4905e+02 3.5677e+02 1.3917e+03
1.3941e-01 2.4804e+02 1.7701e+02 1.2591e+03 2.0895e+02 4.2495e+02 -6.2936e+00 2.7713e+02 9.0599e+02 2.3036e+02 9.6468e+02 3.5994e+02 1.3789e+03
1.4266e-01 2.4885e+02 1.7947e+02 1.2829e+03 2.1075e+02 4.2510e+02 -9.3281e+00 2.7809e+02 9.2399e+02 2.3540e+02 9.7999e+02 3.6276e+02 1.3658e+03
1.4599e-01 2.4956e+02 1.8170e+02 1.3061e+03 2.1231e+02 4.2508e+02 -1.2213e+01 2.7893e+02 9.4152e+02 2.4003e+02 9.9493e+02 3.6520e+02 1.3526e+03
1.4940e-01 2.5018e+02 1.8368e+02 1.3286e+03 2.1361e+02 4.2490e+02 -1.4987e+01 2.7964e+02 9.5852e+02 2.4422e+02 1.0095e+03 3.6724e+02 1.3392e+03
1.5289e-01 2.5070e+02 1.8540e+02 1.3502e+03 2.1466e+02 4.2459e+02 -1.7700e+01 2.8023e+02 9.7499e+02 2.4799e+02 1.0236e+03 3.6891e+02 1.3257e+03
1.5645e-01 2.5115e+02 1.8691e+02 1.3710e+03 2.1548e+02 4.2413e+02 -2.0397e+01 2.8074e+02 9.9095e+02 2.5138e+02 1.0373e+03 3.7025e+02 1.3120e+03
1.6011e-01 2.5152e+02 1.8824e+02 1.3909e+03 2.1614e+02 4.2355e+02 -2.3118e+01 2.8115e+02 1.0065e+03 2.5450e+02 1.0506e+03 3.7133e+02 1.2982e+03
1.6384e-01 2.5183e+02 1.8946e+02 1.4102e+03 2.1670e+02 4.2285e+02 -2.5892e+01 2.8149e+02 1.0218e+03 2.5745e+02 1.0638e+03 3.7226e+02 1.2843e+03
1.6767e-01 2.5208e+02 1.9063e+02 1.4289e+03 2.1721e+02 4.2199e+02 -2.8728e+01 2.8175e+02 1.0370e+03 2.6035e+02 1.0768e+03 3.7310e+02 1.2703e+03
1.7158e-01 2.5225e+02 1.9182e+02 1.4472e+03 2.1775e+02 4.2099e+02 -3.1616e+01 2.8193e+02 1.0522e+03 2.6331e+02 1.0898e+03 3.7395e+02 1.2561e+03
1.7559e-01 2.5234e+02 1.9309e+02 1.4655e+03 2.1836e+02 4.1986e+02 -3.4528e+01 2.8201e+02 1.0676e+03 2.6639e+02 1.1028e+03 3.7486e+02 1.2418e+03
1.7968e-01 2.5233e+02 1.9446e+02 1.4837e+03 2.1906e+02 4.1858e+02 -3.7422e+01 2.8199e+02 1.0831e+03 2.6963e+02 1.1159e+03 3.7584e+02 1.2274e+03
1.8388e-01 2.5220e+02 1.9592e+02 1.5021e+03 2.1983e+02 4.1714e+02 -4.0247e+01 2.8183e+02 1.0987e+03 2.7301e+02 1.1291e+03 3.7687e+02 1.2129e+03
1.8817e-01 2.5194e+02 1.9743e+02 1.5205e+03 2.2064e+02 4.1555e+02 -4.2954e+01 2.8154e+02 1.1145e+03 2.7644e+02 1.1422e+03 3.7790e+02 1.1983e+03
1.9256e-01 2.5152e+02 1.9890e+02 1.5389e+03 2.2139e+02 4.1374e+02 -4.5503e+01 2.8108e+02 1.1301e+03 2.7983e+02 1.1552e+03 3.7882e+02 1.1836e+03
1.9706e-01 2.5095e+02 2.0025e+02 1.5570e+03 2.2201e+02 4.1175e+02 -4.7871e+01 2.8045e+02 1.1455e+03 2.8304e+02 1.1680e+03 3.7954e+02 1.1688e+03
2.0166e-01 2.5024e+02 2.0143e+02 1.5747e+03 2.2243e+02 4.0960e+02 -5.0056e+01 2.7968e+02 1.1604e+03 2.8594e+02 1.1803e+03 3.7995e+02 1.1538e+03
2.0636e-01 2.4942e+02 2.0236e+02 1.5917e+03 2.2260e+02 4.0730e+02 -5.2078e+01 2.7876e+02 1.1746e+03 2.8845e+02 1.1921e+03 3.8000e+02 1.1388e+03
2.1118e-01 2.4850e+02 2.0302e+02 1.6078e+03 2.2250e+02 4.0488e+02 -5.3971e+01 2.7773e+02 1.1882e+03 2.9055e+02 1.2033e+03 3.7966e+02 1.1238e+03
2.1611e-01 2.4750e+02 2.0342e+02 1.6230e+03 2.2215e+02 4.0235e+02 -5.5778e+01 2.7660e+02 1.2012e+03 2.9225e+02 1.2140e+03 3.7896e+02 1.1086e+03
2.2115e-01 2.4642e+02 2.0362e+02 1.6373e+03 2.2160e+02 3.9969e+02 -5.7539e+01 2.7538e+02 1.2135e+03 2.9364e+02 1.2241e+03 3.7798e+02 1.0935e+03
2.2631e-01 2.4525e+02 2.0365e+02 1.6509e+03 2.2091e+02 3.9687e+02 -5.9282e+01 2.7406e+02 1.2255e+03 2.9483e+02 1.2340e+03 3.7683e+02 1.0783e+03
2.3160e-01 2.4404e+02 2.0366e+02 1.6638e+03 2.2020e+02 3.9397e+02 -6.1015e+01 2.7268e+02 1.2373e+03 2.9593e+02 1.2437e+03 3.7560e+02 1.0630e+03
2.3700e-01 2.4280e+02 2.0370e+02 1.6764e+03 2.1954e+02 3.9099e+02 -6.2727e+01 2.7123e+02 1.2490e+03 2.9703e+02 1.2532e+03 3.7438e+02 1.0478e+03
2.4253e-01 2.4150e+02 2.0382e+02 1.6887e+03 2.1897e+02 3.8792e+02 -6.4392e+01 2.6971e+02 1.2607e+03 2.9817e+02 1.2628e+03 3.7320e+02 1.0325e+03
2.4819e-01 2.4014e+02 2.0399e+02 1.7007e+03 2.1846e+02 3.8475e+02 -6.5972e+01 2.6810e+02 1.2723e+03 2.9932e+02 1.2723e+03 3.7202e+02 1.0171e+03
2.5399e-01 2.3870e+02 2.0418e+02 1.7124e+03 2.1795e+02 3.8148e+02 -6.7436e+01 2.6640e+02 1.2838e+03 3.0040e+02 1.2816e+03 3.7079e+02 1.0018e+03
2.5991e-01 2.3707e+02 2.0421e+02 1.7237e+03 2.1729e+02 3.7800e+02 -6.8763e+01 2.6453e+02 1.2948e+03 3.0132e+02 1.2906e+03 3.6939e+02 9.8644e+02
2.6598e-01 2.3536e+02 2.0408e+02 1.7343e+03 2.1647e+02 3.7442e+02 -6.9954e+01 2.6256e+02 1.3053e+03 3.0197e+02 1.2991e+03 3.6775e+02 9.7107e+02
2.7219e-01 2.3356e+02 2.0374e+02 1.7441e+03 2.1545e+02 3.7074e+02 -7.1025e+01 2.6049e+02 1.3152e+03 3.0230e+02 1.3070e+03 3.6581e+02 9.5572e+02
2.7854e-01 2.3170e+02 2.0320e+02 1.7532e+03 2.1423e+02 3.6699e+02 -7.2003e+01 2.5835e+02 1.3245e+03 3.0234e+02 1.3144e+03 3.6360e+02 9.4039e+02
2.8504e-01 2.2978e+02 2.0249e+02 1.7614e+03 2.1286e+02 3.6317e+02 -7.2916e+01 2.5614e+02 1.3332e+03 3.0212e+02 1.3213e+03 3.6117e+02 9.2509e+02
2.9170e-01 2.2781e+02 2.0169e+02 1.7690e+03 2.1141e+02 3.5928e+02 -7.3782e+01 2.5387e+02 1.3415e+03 3.0175e+02 1.3279e+03 3.5862e+02 9.0982e+02
2.9850e-01 2.2571e+02 2.0080e+02 1.7761e+03 2.0990e+02 3.5525e+02 -7.4602e+01 2.5149e+02 1.3496e+03 3.0129e+02 1.3343e+03 3.5602e+02 8.9458e+02
3.0547e-01 2.2353e+02 1.9991e+02 1.7827e+03 2.0840e+02 3.5112e+02 -7.5367e+01 2.4903e+02 1.3576e+03 3.0078e+02 1.3406e+03 3.5341e+02 8.7939e+02
3.1260e-01 2.2131e+02 1.9902e+02 1.7888e+03 2.0693e+02 3.4694e+02 -7.6054e+01 2.4652e+02 1.3653e+03 3.0022e+02 1.3467e+03 3.5078e+02 8.6423e+02
3.1990e-01 2.1905e+02 1.9812e+02 1.7945e+03 2.0543e+02 3.4270e+02 -7.6646e+01 2.4394e+02 1.3727e+03 2.9955e+02 1.3525e+03 3.4807e+02 8.4912e+02
3.2736e-01 2.1674e+02 1.9713e+02 1.7995e+03 2.0386e+02 3.3842e+02 -7.7137e+01 2.4131e+02 1.3796e+03 2.9869e+02 1.3580e+03 3.4522e+02 8.3407e+02
3.3500e-01 2.1441e+02 1.9601e+02 1.8039e+03 2.0217e+02 3.3409e+02 -7.7535e+01 2.3863e+02 1.3860e+03 2.9763e+02 1.3629e+03 3.4217e+02 8.1909e+02
3.4282e-01 2.1200e+02 1.9472e+02 1.8075e+03 2.0033e+02 3.2969e+02 -7.7854e+01 2.3587e+02 1.3918e+03 2.9635e+02 1.3674e+03 3.3894e+02 8.0418e+02
3.5082e-01 2.0947e+02 1.9326e+02 1.8106e+03 1.9834e+02 3.2517e+02 -7.8109e+01 2.3302e+02 1.3972e+03 2.9489e+02 1.3714e+03 3.3558e+02 7.8936e+02
3.5901e-01 2.0692e+02 1.9176e+02 1.8130e+03 1.9632e+02 3.2062e+02 -7.8308e+01 2.3014e+02 1.4022e+03 2.9331e+02 1.3752e+03 3.3213e+02 7.7462e+02
3.6739e-01 2.0435e+02 1.9023e+02 1.8149e+03 1.9430e+02 3.1605e+02 -7.8452e+01 2.2722e+02 1.4070e+03 2.9164e+02 1.3787e+03 3.2864e+02 7.5996e+02
3.7597e-01 2.0175e+02 1.8870e+02 1.8164e+03 1.9228e+02 3.1146e+02 -7.8533e+01 2.2427e+02 1.4114e+03 2.8989e+02 1.3821e+03 3.2513e+02 7.4540e+02
3.8474e-01 1.9913e+02 1.8714e+02 1.8173e+03 1.9025e+02 3.0684e+02 -7.8541e+01 2.2129e+02 1.4156e+03 2.8804e+02 1.3851e+03 3.2155e+02 7.3093e+02
3.9372e-01 1.9649e+02 1.8551e+02 1.8177e+03 1.8815e+02 3.0221e+02 -7.8474e+01 2.1828e+02 1.4192e+03 2.8605e+02 1.3878e+03 3.1787e+02 7.1657e+02
4.0291e-01 1.9368e+02 1.8369e+02 1.8174e+03 1.8590e+02 2.9744e+02 -7.8337e+01 2.1515e+02 1.4225e+03 2.8391e+02 1.3900e+03 3.1407e+02 7.0232e+02
4.1232e-01 1.9088e+02 1.8180e+02 1.8167e+03 1.8358e+02 2.9267e+02 -7.8140e+01 2.1201e+02 1.4252e+03 2.8163e+02 1.3919e+03 3.1017e+02 6.8819e+02
4.2194e-01 1.8807e+02 1.7987e+02 1.8154e+03 1.8124e+02 2.8790e+02 -7.7892e+01 2.0885e+02 1.4277e+03 2.7923e+02 1.3934e+03 3.0620e+02 6.7417e+02
4.3179e-01 1.8527e+02 1.7792e+02 1.8136e+03 1.7890e+02 2.8314e+02 -7.7595e+01 2.0569e+02 1.4298e+03 2.7675e+02 1.3947e+03 3.0220e+02 6.6028e+02
4.4187e-01 1.8247e+02 1.7595e+02 1.8113e+03 1.7655e+02 2.7838e+02 -7.7245e+01 2.0252e+02 1.4315e+03 2.7420e+02 1.3958e+03 2.9817e+02 6.4652e+02
4.5218e-01 1.7966e+02 1.7395e+02 1.8087e+03 1.7419e+02 2.7363e+02 -7.6838e+01 1.9933e+02 1.4330e+03 2.7155e+02 1.3965e+03 2.9409e+02 6.3289e+02
4.6273e-01 1.7676e+02 1.7185e+02 1.8055e+03 1.7174e+02 2.6881e+02 -7.6376e+01 1.9609e+02 1.4340e+03 2.6881e+02 1.3969e+03 2.8994e+02 6.1939e+02
4.7353e-01 1.7382e+02 1.6967e+02 1.8019e+03 1.6923e+02 2.6398e+02 -7.5865e+01 1.9281e+02 1.4347e+03 2.6596e+02 1.3970e+03 2.8574e+02 6.0604e+02
4.8459e-01 1.7090e+02 1.6745e+02 1.7978e+03 1.6670e+02 2.5916e+02 -7.5311e+01 1.8954e+02 1.4350e+03 2.6302e+02 1.3967e+03 2.8149e+02 5.9284e+02
4.9590e-01 1.6798e+02 1.6522e+02 1.7933e+03 1.6417e+02 2.5437e+02 -7.4717e+01 1.8627e+02 1.4350e+03 2.6002e+02 1.3962e+03 2.7722e+02 5.7978e+02
5.0747e-01 1.6508e+02 1.6298e+02 1.7885e+03 1.6164e+02 2.4961e+02 -7.4084e+01 1.8301e+02 1.4347e+03 2.5695e+02 1.3955e+03 2.7293e+02 5.6688e+02
5.1931e-01 1.6220e+02 1.6072e+02 1.7832e+03 1.5911e+02 2.4487e+02 -7.3411e+01 1.7976e+02 1.4340e+03 2.5382e+02 1.3945e+03 2.6862e+02 5.5413e+02
5.3144e-01 1.5928e+02 1.5840e+02 1.7776e+03 1.5653e+02 2.4013e+02 -7.2700e+01 1.7649e+02 1.4331e+03 2.5062e+02 1.3932e+03 2.6428e+02 5.4155e+02
5.4384e-01 1.5631e+02 1.5601e+02 1.7716e+03 1.5391e+02 2.3536e+02 -7.1955e+01 1.7319e+02 1.4318e+03 2.4736e+02 1.3916e+03 2.5991e+02 5.2912e+02
5.5653e-01 1.5336e+02 1.5362e+02 1.7653e+03 1.5128e+02 2.3063e+02 -7.1181e+01 1.6991e+02 1.4302e+03 2.4405e+02 1.3897e+03 2.5554e+02 5.1686e+02
5.6952e-01 1.5043e+02 1.5122e+02 1.7586e+03 1.4867e+02 2.2594e+02 -7.0378e+01 1.6665e+02 1.4283e+03 2.4069e+02 1.3876e+03 2.5116e+02 5.0477e+02
5.8282e-01 1.4753e+02 1.4881e+02 1.7516e+03 1.4606e+02 2.2129e+02 -6.9550e+01 1.6341e+02 1.4261e+03 2.3729e+02 1.3853e+03 2.4679e+02 4.9285e+02
5.9642e-01 1.4466e+02 1.4639e+02 1.7442e+03 1.4345e+02 2.1669e+02 -6.8697e+01 1.6019e+02 1.4236e+03 2.3385e+02 1.3827e+03 2.4240e+02 4.8111e+02
6.1034e-01 1.4181e+02 1.4397e+02 1.7366e+03 1.4085e+02 2.1213e+02 -6.7823e+01 1.5699e+02 1.4209e+03 2.3037e+02 1.3798e+03 2.3802e+02 4.6954e+02
6.2458e-01 1.3888e+02 1.4148e+02 1.7287e+03 1.3820e+02 2.0754e+02 -6.6931e+01 1.5376e+02 1.4178e+03 2.2686e+02 1.3768e+03 2.3365e+02 4.5814e+02
6.3916e-01 1.3599e+02 1.3900e+02 1.7205e+03 1.3556e+02 2.0300e+02 -6.6021e+01 1.5055e+02 1.4146e+03 2.2333e+02 1.3735e+03 2.2929e+02 4.4692e+02
6.5408e-01 1.3314e+02 1.3652e+02 1.7120e+03 1.3294e+02 1.9852e+02 -6.5095e+01 1.4738e+02 1.4111e+03 2.1977e+02 1.3700e+03 2.2494e+02 4.3588e+02
6.6935e-01 1.3032e+02 1.3405e+02 1.7032e+03 1.3034e+02 1.9409e+02 -6.4154e+01 1.4424e+02 1.4073e+03 2.1620e+02 1.3663e+03 2.2061e+02 4.2502e+02
6.8497e-01 1.2753e+02 1.3159e+02 1.6941e+03 1.2776e+02 1.8971e+02 -6.3199e+01 1.4114e+02 1.4033e+03 2.1262e+02 1.3624e+03 2.1630e+02 4.1434e+02
7.0096e-01 1.2478e+02 1.2914e+02 1.6848e+03 1.2520e+02 1.8540e+02 -6.2232e+01 1.3807e+02 1.3990e+03 2.0902e+02 1.3582e+03 2.1202e+02 4.0383e+02
7.1732e-01 1.2200e+02 1.2665e+02 1.6752e+03 1.2262e+02 1.8109e+02 -6.1254e+01 1.3499e+02 1.3944e+03 2.0541e+02 1.3539e+03 2.0775e+02 3.9351e+02
7.3406e-01 1.1924e+02 1.2417e+02 1.6654e+03 1.2005e+02 1.7682e+02 -6.0264e+01 1.3193e+02 1.3897e+03 2.0179e+02 1.3493e+03 2.0351e+02 3.8336e+02
7.5119e-01 1.1651e+02 1.2170e+02 1.6553e+03 1.1750e+02 1.7261e+02 -5.9265e+01 1.2892e+02 1.3847e+03 1.9816e+02 1.3445e+03 1.9929e+02 3.7339e+02
7.6873e-01 1.1383e+02 1.1925e+02 1.6449e+03 1.1498e+02 1.6847e+02 -5.8256e+01 1.2594e+02 1.3794e+03 1.9453e+02 1.3395e+03 1.9510e+02 3.6360e+02
7.8667e-01 1.1119e+02 1.1681e+02 1.6344e+03 1.1249e+02 1.6439e+02 -5.7238e+01 1.2300e+02 1.3740e+03 1.9090e+02 1.3343e+03 1.9094e+02 3.5399e+02
8.0503e-01 1.0859e+02 1.1440e+02 1.6236e+03 1.1002e+02 1.6038e+02 -5.6213e+01 1.2011e+02 1.3683e+03 1.8727e+02 1.3290e+03 1.8681e+02 3.4455e+02
8.2382e-01 1.0600e+02 1.1198e+02 1.6126e+03 1.0755e+02 1.5640e+02 -5.5181e+01 1.1724e+02 1.3624e+03 1.8364e+02 1.3234e+03 1.8271e+02 3.3529e+02
8.4305e-01 1.0341e+02 1.0956e+02 1.6015e+03 1.0509e+02 1.5246e+02 -5.4144e+01 1.1438e+02 1.3563e+03 1.8002e+02 1.3177e+03 1.7864e+02 3.2621e+02
8.6272e-01 1.0087e+02 1.0716e+02 1.5901e+03 1.0267e+02 1.4859e+02 -5.3103e+01 1.1157e+02 1.3501e+03 1.7641e+02 1.3118e+03 1.7461e+02 3.1730e+02
8.8286e-01 9.8371e+01 1.0478e+02 1.5787e+03 1.0027e+02 1.4478e+02 -5.2058e+01 1.0880e+02 1.3436e+03 1.7281e+02 1.3058e+03 1.7062e+02 3.0856e+02
9.0347e-01 9.5921e+01 1.0244e+02 1.5671e+03 9.7905e+01 1.4105e+02 -5.1012e+01 1.0608e+02 1.3370e+03 1.6922e+02 1.2996e+03 1.6667e+02 3.0000e+02
9.2455e-01 9.3518e+01 1.0011e+02 1.5553e+03 9.5574e+01 1.3738e+02 -4.9965e+01 1.0341e+02 1.3303e+03 1.6565e+02 1.2932e+03 1.6276e+02 2.9162e+02
9.4613e-01 9.1153e+01 9.7817e+01 1.5435e+03 9.3274e+01 1.3377e+02 -4.8922e+01 1.0078e+02 1.3234e+03 1.6211e+02 1.2868e+03 1.5890e+02 2.8341e+02
9.6822e-01 8.8775e+01 9.5518e+01 1.5316e+03 9.0976e+01 1.3020e+02 -4.7882e+01 9.8156e+01 1.3163e+03 1.5859e+02 1.2802e+03 1.5509e+02 2.7537e+02
9.9081e-01 8.6447e+01 9.3250e+01 1.5196e+03 8.8716e+01 1.2669e+02 -4.6848e+01 9.5585e+01 1.3091e+03 1.5510e+02 1.2735e+03 1.5133e+02 2.6750e+02
1.0139e+00 8.4167e+01 9.1014e+01 1.5075e+03 8.6493e+01 1.2325e+02 -4.5820e+01 9.3063e+01 1.3018e+03 1.5165e+02 1.2666e+03 1.4762e+02 2.5981e+02
1.0376e+00 8.1935e+01 8.8811e+01 1.4954e+03 8.4307e+01 1.1989e+02 -4.4801e+01 9.0590e+01 1.2944e+03 1.4822e+02 1.2597e+03 1.4397e+02 2.5229e+02
1.0618e+00 7.9752e+01 8.6641e+01 1.4832e+03 8.2160e+01 1.1659e+02 -4.3791e+01 8.8166e+01 1.2868e+03 1.4484e+02 1.2526e+03 1.4037e+02 2.4494e+02
1.0866e+00 7.7617e+01 8.4507e+01 1.4709e+03 8.0052e+01 1.1337e+02 -4.2793e+01 8.5791e+01 1.2791e+03 1.4149e+02 1.2455e+03 1.3683e+02 2.3776e+02
1.1120e+00 7.5484e+01 8.2383e+01 1.4586e+03 7.7958e+01 1.1018e+02 -4.1806e+01 8.3439e+01 1.2713e+03 1.3818e+02 1.2382e+03 1.3335e+02 2.3075e+02
1.1379e+00 7.3389e+01 8.0289e+01 1.4462e+03 7.5898e+01 1.0706e+02 -4.0831e+01 8.1130e+01 1.2635e+03 1.3491e+02 1.2309e+03 1.2992e+02 2.2390e+02
1.1645e+00 7.1342e+01 7.8232e+01 1.4338e+03 7.3878e+01 1.0401e+02 -3.9867e+01 7.8870e+01 1.2555e+03 1.3169e+02 1.2234e+03 1.2655e+02 2.1721e+02
1.1917e+00 6.9344e+01 7.6210e+01 1.4214e+03 7.1897e+01 1.0102e+02 -3.8914e+01 7.6659e+01 1.2474e+03 1.2850e+02 1.2159e+03 1.2324e+02 2.1068e+02
1.2195e+00 6.7393e+01 7.4224e+01 1.4089e+03 6.9955e+01 9.8106e+01 -3.7972e+01 7.4497e+01 1.2392e+03 1.2535e+02 1.2083e+03 1.1998e+02 2.0430e+02
1.2479e+00 6.5488e+01 7.2274e+01 1.3963e+03 6.8052e+01 9.5258e+01 -3.7041e+01 7.2382e+01 1.2310e+03 1.2225e+02 1.2005e+03 1.1678e+02 1.9808e+02
1.2771e+00 6.3607e+01 7.0349e+01 1.3837e+03 6.6176e+01 9.2460e+01 -3.6120e+01 7.0302e+01 1.2226e+03 1.1919e+02 1.1927e+03 1.1364e+02 1.9201e+02
1.3069e+00 6.1751e+01 6.8450e+01 1.3712e+03 6.4327e+01 8.9713e+01 -3.5210e+01 6.8256e+01 1.2142e+03 1.1617e+02 1.1849e+03 1.1055e+02 1.8609e+02
1.3374e+00 5.9940e+01 6.6588e+01 1.3586e+03 6.2518e+01 8.7032e+01 -3.4309e+01 6.6258e+01 1.2057e+03 1.1320e+02 1.1769e+03 1.0752e+02 1.8032e+02
1.3686e+00 5.8176e+01 6.4761e+01 1.3460e+03 6.0748e+01 8.4417e+01 -3.3420e+01 6.4306e+01 1.1971e+03 1.1027e+02 1.1689e+03 1.0454e+02 1.7468e+02
1.4005e+00 5.6457e+01 6.2973e+01 1.3334e+03 5.9016e+01 8.1866e+01 -3.2543e+01 6.2402e+01 1.1884e+03 1.0738e+02 1.1608e+03 1.0162e+02 1.6920e+02
1.4332e+00 5.4782e+01 6.1220e+01 1.3208e+03 5.7322e+01 7.9381e+01 -3.1679e+01 6.0543e+01 1.1797e+03 1.0455e+02 1.1527e+03 9.8755e+01 1.6385e+02
1.4667e+00 5.3145e+01 5.9502e+01 1.3082e+03 5.5664e+01 7.6953e+01 -3.0830e+01 5.8726e+01 1.1710e+03 1.0176e+02 1.1445e+03 9.5951e+01 1.5864e+02
1.5009e+00 5.1522e+01 5.7807e+01 1.2957e+03 5.4031e+01 7.4568e+01 -2.9996e+01 5.6938e+01 1.1622e+03 9.9024e+01 1.1363e+03 9.3207e+01 1.5357e+02
1.5359e+00 4.9942e+01 5.6150e+01 1.2832e+03 5.2435e+01 7.2245e+01 -2.9177e+01 5.5195e+01 1.1533e+03 9.6338e+01 1.1279e+03 9.0522e+01 1.4864e+02
1.5718e+00 4.8406e+01 5.4529e+01 1.2707e+03 5.0878e+01 6.9983e+01 -2.8375e+01 5.3497e+01 1.1444e+03 9.3703e+01 1.1196e+03 8.7896e+01 1.4384e+02
1.6085e+00 4.6911e+01 5.2945e+01 1.2582e+03 4.9358e+01 6.7783e+01 -2.7589e+01 5.1844e+01 1.1355e+03 9.1117e+01 1.1112e+03 8.5327e+01 1.3918e+02
1.6460e+00 4.5458e+01 5.1397e+01 1.2458e+03 4.7874e+01 6.5641e+01 -2.6818e+01 5.0233e+01 1.1265e+03 8.8582e+01 1.1028e+03 8.2816e+01 1.3464e+02
1.6844e+00 4.4046e+01 4.9884e+01 1.2334e+03 4.6428e+01 6.3558e+01 -2.6063e+01 4.8665e+01 1.1175e+03 8.6097e+01 1.0943e+03 8.0361e+01 1.3022e+02
1.7237e+00 4.2649e+01 4.8397e+01 1.2210e+03 4.5006e+01 6.1514e+01 -2.5322e+01 4.7125e+01 1.1085e+03 8.3661e+01 1.0858e+03 7.7961e+01 1.2593e+02
1.7640e+00 4.1287e+01 4.6943e+01 1.2087e+03 4.3618e+01 5.9525e+01 -2.4594e+01 4.5624e+01 1.0994e+03 8.1273e+01 1.0773e+03 7.5616e+01 1.2176e+02
1.8051e+00 3.9965e+01 4.5523e+01 1.1964e+03 4.2265e+01 5.7590e+01 -2.3880e+01 4.4164e+01 1.0903e+03 7.8932e+01 1.0687e+03 7.3323e+01 1.1770e+02
1.8473e+00 3.8682e+01 4.4138e+01 1.1842e+03 4.0947e+01 5.5711e+01 -2.3180e+01 4.2744e+01 1.0812e+03 7.6640e+01 1.0602e+03 7.1084e+01 1.1376e+02
1.8904e+00 3.7436e+01 4.2788e+01 1.1720e+03 3.9663e+01 5.3885e+01 -2.2493e+01 4.1363e+01 1.0721e+03 7.4395e+01 1.0515e+03 6.8896e+01 1.0993e+02
1.9345e+00 3.6227e+01 4.1471e+01 1.1599e+03 3.8412e+01 5.2111e+01 -2.1821e+01 4.0021e+01 1.0630e+03 7.2199e+01 1.0429e+03 6.6762e+01 1.0621e+02
1.9797e+00 3.5041e+01 4.0182e+01 1.1478e+03 3.7190e+01 5.0380e+01 -2.1164e+01 3.8710e+01 1.0538e+03 7.0053e+01 1.0343e+03 6.4681e+01 1.0260e+02
2.0259e+00 3.3881e+01 3.8923e+01 1.1358e+03 3.5997e+01 4.8694e+01 -2.0524e+01 3.7431e+01 1.0447e+03 6.7957e+01 1.0256e+03 6.2654e+01 9.9096e+01
2.0732e+00 3.2757e+01 3.7696e+01 1.1239e+03 3.4836e+01 4.7057e+01 -1.9900e+01 3.6190e+01 1.0355e+03 6.5910e+01 1.0170e+03 6.0679e+01 9.5699e+01
2.1216e+00 3.1667e+01 3.6501e+01 1.1120e+03 3.3707e+01 4.5470e+01 -1.9291e+01 3.4985e+01 1.0264e+03 6.3911e+01 1.0083e+03 5.8756e+01 9.2404e+01
2.1711e+00 3.0610e+01 3.5340e+01 1.1002e+03 3.2611e+01 4.3930e+01 -1.8697e+01 3.3815e+01 1.0172e+03 6.1960e+01 9.9965e+02 5.6883e+01 8.9207e+01
2.2217e+00 2.9587e+01 3.4209e+01 1.0885e+03 3.1545e+01 4.2436e+01 -1.8116e+01 3.2680e+01 1.0081e+03 6.0055e+01 9.9096e+02 5.5057e+01 8.6106e+01
2.2736e+00 2.8591e+01 3.3107e+01 1.0768e+03 3.0507e+01 4.0985e+01 -1.7548e+01 3.1576e+01 9.9893e+02 5.8193e+01 9.8227e+02 5.3278e+01 8.3099e+01
2.3267e+00 2.7612e+01 3.2029e+01 1.0652e+03 2.9492e+01 3.9569e+01 -1.6993e+01 3.0498e+01 9.8979e+02 5.6377e+01 9.7358e+02 5.1545e+01 8.0182e+01
2.3810e+00 2.6665e+01 3.0981e+01 1.0537e+03 2.8507e+01 3.8197e+01 -1.6451e+01 2.9453e+01 9.8066e+02 5.4605e+01 9.6489e+02 4.9858e+01 7.7354e+01
2.4365e+00 2.5749e+01 2.9963e+01 1.0422e+03 2.7550e+01 3.6868e+01 -1.5924e+01 2.8440e+01 9.7153e+02 5.2879e+01 9.5620e+02 4.8218e+01 7.4616e+01
2.4934e+00 2.4862e+01 2.8974e+01 1.0308e+03 2.6623e+01 3.5581e+01 -1.5411e+01 2.7458e+01 9.6243e+02 5.1198e+01 9.4753e+02 4.6625e+01 7.1965e+01
2.5516e+00 2.4003e+01 2.8013e+01 1.0195e+03 2.5722e+01 3.4335e+01 -1.4913e+01 2.6507e+01 9.5333e+02 4.9562e+01 9.3885e+02 4.5077e+01 6.9398e+01
2.6112e+00 2.3173e+01 2.7080e+01 1.0083e+03 2.4850e+01 3.3128e+01 -1.4428e+01 2.5586e+01 9.4425e+02 4.7968e+01 9.3018e+02 4.3573e+01 6.6912e+01
2.6721e+00 2.2357e+01 2.6169e+01 9.9711e+02 2.3997e+01 3.1951e+01 -1.3955e+01 2.4686e+01 9.3517e+02 4.6415e+01 9.2151e+02 4.2109e+01 6.4505e+01
2.7345e+00 2.1567e+01 2.5283e+01 9.8601e+02 2.3169e+01 3.0812e+01 -1.3494e+01 2.3815e+01 9.2612e+02 4.4902e+01 9.1286e+02 4.0686e+01 6.2173e+01
2.7983e+00 2.0803e+01 2.4424e+01 9.7500e+02 2.2367e+01 2.9709e+01 -1.3045e+01 2.2971e+01 9.1710e+02 4.3429e+01 9.0422e+02 3.9304e+01 5.9917e+01
2.8636e+00 2.0065e+01 2.3590e+01 9.6405e+02 2.1590e+01 2.8643e+01 -1.2608e+01 2.2155e+01 9.0808e+02 4.1998e+01 8.9559e+02 3.7963e+01 5.7734e+01
2.9304e+00 1.9352e+01 2.2782e+01 9.5319e+02 2.0837e+01 2.7612e+01 -1.2185e+01 2.1365e+01 8.9910e+02 4.0607e+01 8.8698e+02 3.6662e+01 5.5624e+01
2.9988e+00 1.8663e+01 2.1999e+01 9.4241e+02 2.0108e+01 2.6615e+01 -1.1774e+01 2.0601e+01 8.9014e+02 3.9254e+01 8.7838e+02 3.5399e+01 5.3583e+01
3.0688e+00 1.7991e+01 2.1236e+01 9.3169e+02 1.9399e+01 2.5646e+01 -1.1374e+01 1.9858e+01 8.8120e+02 3.7939e+01 8.6980e+02 3.4174e+01 5.1609e+01
3.1405e+00 1.7338e+01 2.0495e+01 9.2106e+02 1.8710e+01 2.4708e+01 -1.0985e+01 1.9138e+01 8.7230e+02 3.6660e+01 8.6124e+02 3.2984e+01 4.9700e+01
3.2138e+00 1.6707e+01 1.9777e+01 9.1051e+02 1.8044e+01 2.3801e+01 -1.0608e+01 1.8442e+01 8.6342e+02 3.5418e+01 8.5270e+02 3.1831e+01 4.7854e+01
3.2888e+00 1.6098e+01 1.9082e+01 9.0003e+02 1.7399e+01 2.2925e+01 -1.0241e+01 1.7769e+01 8.5457e+02 3.4213e+01 8.4418e+02 3.0713e+01 4.6071e+01
3.3655e+00 1.5511e+01 1.8409e+01 8.8962e+02 1.6775e+01 2.2078e+01 -9.8858e+00 1.7118e+01 8.4574e+02 3.3042e+01 8.3567e+02 2.9629e+01 4.4348e+01
3.4441e+00 1.4944e+01 1.7757e+01 8.7929e+02 1.6172e+01 2.1261e+01 -9.5411e+00 1.6490e+01 8.3693e+02 3.1905e+01 8.2718e+02 2.8579e+01 4.2684e+01
3.5245e+00 1.4394e+01 1.7125e+01 8.6904e+02 1.5587e+01 2.0470e+01 -9.2065e+00 1.5882e+01 8.2817e+02 3.0802e+01 8.1872e+02 2.7561e+01 4.1076e+01
3.6067e+00 1.3859e+01 1.6510e+01 8.5888e+02 1.5019e+01 1.9703e+01 -8.8821e+00 1.5291e+01 8.1944e+02 2.9732e+01 8.1030e+02 2.6575e+01 3.9524e+01
3.6909e+00 1.3342e+01 1.5916e+01 8.4879e+02 1.4470e+01 1.8962e+01 -8.5675e+00 1.4721e+01 8.1075e+02 2.8694e+01 8.0190e+02 2.5620e+01 3.8024e+01
3.7771e+00 1.2844e+01 1.5341e+01 8.3878e+02 1.3939e+01 1.8248e+01 -8.2626e+00 1.4171e+01 8.0209e+02 2.7687e+01 7.9353e+02 2.4696e+01 3.6577e+01
3.8652e+00 1.2363e+01 1.4785e+01 8.2885e+02 1.3426e+01 1.7558e+01 -7.9673e+00 1.3640e+01 7.9347e+02 2.6712e+01 7.8518e+02 2.3801e+01 3.5180e+01
3.9554e+00 1.1900e+01 1.4248e+01 8.1898e+02 1.2931e+01 1.6893e+01 -7.6812e+00 1.3127e+01 7.8488e+02 2.5766e+01 7.7686e+02 2.2936e+01 3.3832e+01
4.0478e+00 1.1454e+01 1.3728e+01 8.0919e+02 1.2453e+01 1.6252e+01 -7.4040e+00 1.2632e+01 7.7631e+02 2.4850e+01 7.6856e+02 2.2098e+01 3.2531e+01
4.1422e+00 1.1018e+01 1.3223e+01 7.9948e+02 1.1988e+01 1.5630e+01 -7.1356e+00 1.2152e+01 7.6779e+02 2.3962e+01 7.6029e+02 2.1287e+01 3.1276e+01
4.2389e+00 1.0598e+01 1.2734e+01 7.8984e+02 1.1539e+01 1.5029e+01 -6.8758e+00 1.1689e+01 7.5931e+02 2.3102e+01 7.5206e+02 2.0503e+01 3.0066e+01
4.3379e+00 1.0193e+01 1.2263e+01 7.8027e+02 1.1106e+01 1.4451e+01 -6.6243e+00 1.1242e+01 7.5085e+02 2.2269e+01 7.4384e+02 1.9745e+01 2.8899e+01
4.4391e+00 9.8031e+00 1.1807e+01 7.7077e+02 1.0687e+01 1.3893e+01 -6.3810e+00 1.0811e+01 7.4243e+02 2.1463e+01 7.3566e+02 1.9012e+01 2.7773e+01
4.5427e+00 9.4278e+00 1.1367e+01 7.6136e+02 1.0284e+01 1.3356e+01 -6.1457e+00 1.0396e+01 7.3406e+02 2.0683e+01 7.2752e+02 1.8304e+01 2.6688e+01
4.6487e+00 9.0665e+00 1.0943e+01 7.5201e+02 9.8947e+00 1.2838e+01 -5.9181e+00 9.9952e+00 7.2573e+02 1.9928e+01 7.1941e+02 1.7619e+01 2.5642e+01
4.7572e+00 8.7154e+00 1.0531e+01 7.4273e+02 9.5178e+00 1.2337e+01 -5.6980e+00 9.6078e+00 7.1742e+02 1.9197e+01 7.1132e+02 1.6958e+01 2.4634e+01
4.8683e+00 8.3758e+00 1.0133e+01 7.3353e+02 9.1534e+00 1.1853e+01 -5.4852e+00 9.2337e+00 7.0916e+02 1.8491e+01 7.0327e+02 1.6318e+01 2.3662e+01
4.9819e+00 8.0491e+00 9.7492e+00 7.2439e+02 8.8022e+00 1.1388e+01 -5.2795e+00 8.8733e+00 7.0093e+02 1.7807e+01 6.9524e+02 1.5701e+01 2.2726e+01
5.0982e+00 7.7348e+00 9.3786e+00 7.1532e+02 8.4634e+00 1.0940e+01 -5.0807e+00 8.5262e+00 6.9275e+02 1.7147e+01 6.8726e+02 1.5105e+01 2.1825e+01
5.2172e+00 7.4325e+00 9.0213e+00 7.0632e+02 8.1370e+00 1.0508e+01 -4.8887e+00 8.1920e+00 6.8460e+02 1.6508e+01 6.7930e+02 1.4530e+01 2.0956e+01
5.3389e+00 7.1418e+00 8.6766e+00 6.9739e+02 7.8224e+00 1.0093e+01 -4.7032e+00 7.8702e+00 6.7650e+02 1.5890e+01 6.7138e+02 1.3974e+01 2.0120e+01
5.4636e+00 6.8609e+00 8.3435e+00 6.8853e+02 7.5185e+00 9.6923e+00 -4.5241e+00 7.5597e+00 6.6843e+02 1.5294e+01 6.6350e+02 1.3438e+01 1.9315e+01
5.5911e+00 6.5883e+00 8.0214e+00 6.7975e+02 7.2248e+00 9.3053e+00 -4.3512e+00 7.2596e+00 6.6042e+02 1.4717e+01 6.5566e+02 1.2920e+01 1.8540e+01
5.7216e+00 6.3263e+00 7.7110e+00 6.7103e+02 6.9419e+00 8.9330e+00 -4.1843e+00 6.9708e+00 6.5244e+02 1.4161e+01 6.4785e+02 1.2421e+01 1.7793e+01
5.8551e+00 6.0745e+00 7.4119e+00 6.6236e+02 6.6696e+00 8.5750e+00 -4.0232e+00 6.6930e+00 6.4449e+02 1.3623e+01 6.4006e+02 1.1940e+01 1.7075e+01
5.9918e+00 5.8326e+00 7.1235e+00 6.5377e+02 6.4072e+00 8.2306e+00 -3.8677e+00 6.4257e+00 6.3659e+02 1.3104e+01 6.3232e+02 1.1475e+01 1.6384e+01
6.1316e+00 5.6000e+00 6.8458e+00 6.4524e+02 6.1546e+00 7.8994e+00 -3.7177e+00 6.1685e+00 6.2872e+02 1.2603e+01 6.2461e+02 1.1028e+01 1.5719e+01
6.2747e+00 5.3766e+00 6.5782e+00 6.3677e+02 5.9114e+00 7.5809e+00 -3.5730e+00 5.9212e+00 6.2089e+02 1.2120e+01 6.1693e+02 1.0596e+01 1.5080e+01
6.4212e+00 5.1591e+00 6.3192e+00 6.2837e+02 5.6761e+00 7.2729e+00 -3.4335e+00 5.6819e+00 6.1311e+02 1.1653e+01 6.0929e+02 1.0180e+01 1.4464e+01
6.5711e+00 4.9502e+00 6.0697e+00 6.2003e+02 5.4496e+00 6.9769e+00 -3.2990e+00 5.4518e+00 6.0537e+02 1.1203e+01 6.0169e+02 9.7787e+00 1.3873e+01
6.7244e+00 4.7496e+00 5.8297e+00 6.1175e+02 5.2318e+00 6.6924e+00 -3.1693e+00 5.2307e+00 5.9767e+02 1.0769e+01 5.9413e+02 9.3924e+00 1.3303e+01
6.8814e+00 4.5570e+00 5.5985e+00 6.0353e+02 5.0222e+00 6.4191e+00 -3.0443e+00 5.0181e+00 5.9000e+02 1.0350e+01 5.8659e+02 9.0200e+00 1.2756e+01
7.0420e+00 4.3721e+00 5.3761e+00 5.9538e+02 4.8206e+00 6.1564e+00 -2.9238e+00 4.8138e+00 5.8238e+02 9.9460e+00 5.7910e+02 8.6614e+00 1.2230e+01
7.2064e+00 4.1946e+00 5.1619e+00 5.8727e+02 4.6267e+00 5.9041e+00 -2.8077e+00 4.6175e+00 5.7480e+02 9.5566e+00 5.7163e+02 8.3159e+00 1.1725e+01
7.3745e+00 4.0226e+00 4.9553e+00 5.7924e+02 4.4396e+00 5.6608e+00 -2.6959e+00 4.4281e+00 5.6726e+02 9.1813e+00 5.6421e+02 7.9833e+00 1.1239e+01
7.5467e+00 3.8570e+00 4.7561e+00 5.7125e+02 4.2594e+00 5.4266e+00 -2.5882e+00 4.2458e+00 5.5975e+02 8.8195e+00 5.5682e+02 7.6631e+00 1.0772e+01
7.7228e+00 3.6980e+00 4.5645e+00 5.6333e+02 4.0861e+00 5.2018e+00 -2.4845e+00 4.0707e+00 5.5229e+02 8.4708e+00 5.4947e+02 7.3546e+00 1.0323e+01
7.9031e+00 3.5456e+00 4.3803e+00 5.5547e+02 3.9196e+00 4.9860e+00 -2.3846e+00 3.9026e+00 5.4487e+02 8.1349e+00 5.4216e+02 7.0578e+00 9.8924e+00
8.0875e+00 3.3993e+00 4.2032e+00 5.4766e+02 3.7596e+00 4.7787e+00 -2.2885e+00 3.7411e+00 5.3749e+02 7.8114e+00 5.3488e+02 6.7723e+00 9.4784e+00
8.2763e+00 3.2591e+00 4.0328e+00 5.3990e+02 3.6058e+00 4.5798e+00 -2.1959e+00 3.5861e+00 5.3015e+02 7.4997e+00 5.2763e+02 6.4974e+00 9.0807e+00
8.4695e+00 3.1239e+00 3.8688e+00 5.3221e+02 3.4578e+00 4.3885e+00 -2.1068e+00 3.4370e+00 5.2285e+02 7.1996e+00 5.2043e+02 6.2330e+00 8.6989e+00
8.6671e+00 2.9932e+00 3.7106e+00 5.2457e+02 3.3151e+00 4.2042e+00 -2.0211e+00 3.2933e+00 5.1559e+02 6.9107e+00 5.1326e+02 5.9787e+00 8.3322e+00
8.8694e+00 2.8679e+00 3.5586e+00 5.1699e+02 3.1781e+00 4.0274e+00 -1.9387e+00 3.1554e+00 5.0837e+02 6.6325e+00 5.0614e+02 5.7340e+00 7.9802e+00
9.0764e+00 2.7478e+00 3.4126e+00 5.0946e+02 3.0465e+00 3.8578e+00 -1.8594e+00 3.0231e+00 5.0120e+02 6.3648e+00 4.9905e+02 5.4988e+00 7.6423e+00
9.2883e+00 2.6327e+00 3.2723e+00 5.0198e+02 2.9202e+00 3.6951e+00 -1.7831e+00 2.8961e+00 4.9406e+02 6.1070e+00 4.9199e+02 5.2725e+00 7.3179e+00
9.5051e+00 2.5224e+00 3.1375e+00 4.9456e+02 2.7989e+00 3.5391e+00 -1.7097e+00 2.7743e+00 4.8696e+02 5.8591e+00 4.8498e+02 5.0551e+00 7.0066e+00
9.7269e+00 2.4165e+00 3.0081e+00 4.8719e+02 2.6824e+00 3.3894e+00 -1.6392e+00 2.6574e+00 4.7990e+02 5.6206e+00 4.7800e+02 4.8460e+00 6.7079e+00
9.9540e+00 2.3139e+00 2.8832e+00 4.7986e+02 2.5700e+00 3.2450e+00 -1.5714e+00 2.5447e+00 4.7288e+02 5.3911e+00 4.7105e+02 4.6451e+00 6.4212e+00
1.0186e+01 2.2156e+00 2.7632e+00 4.7261e+02 2.4622e+00 3.1066e+00 -1.5062e+00 2.4366e+00 4.6592e+02 5.1704e+00 4.6416e+02 4.4521e+00 6.1462e+00
1.0424e+01 2.1215e+00 2.6481e+00 4.6540e+02 2.3588e+00 2.9740e+00 -1.4436e+00 2.3330e+00 4.5898e+02 4.9582e+00 4.5729e+02 4.2666e+00 5.8825e+00
1.0667e+01 2.0313e+00 2.5376e+00 4.5821e+02 2.2596e+00 2.8468e+00 -1.3834e+00 2.2336e+00 4.5206e+02 4.7543e+00 4.5044e+02 4.0885e+00 5.6294e+00
1.0916e+01 1.9450e+00 2.4314e+00 4.5112e+02 2.1642e+00 2.7249e+00 -1.3255e+00 2.1383e+00 4.4524e+02 4.5579e+00 4.4368e+02 3.9171e+00 5.3868e+00
1.1171e+01 1.8623e+00 2.3294e+00 4.4405e+02 2.0728e+00 2.6081e+00 -1.2700e+00 2.0470e+00 4.3840e+02 4.3692e+00 4.3691e+02 3.7525e+00 5.1541e+00
1.1432e+01 1.7823e+00 2.2315e+00 4.3707e+02 1.9850e+00 2.4957e+00 -1.2166e+00 1.9591e+00 4.3166e+02 4.1882e+00 4.3022e+02 3.5948e+00 4.9310e+00
1.1699e+01 1.7056e+00 2.1373e+00 4.3011e+02 1.9005e+00 2.3879e+00 -1.1654e+00 1.8748e+00 4.2493e+02 4.0140e+00 4.2355e+02 3.4431e+00 4.7171e+00
1.1972e+01 1.6321e+00 2.0469e+00 4.2318e+02 1.8194e+00 2.2846e+00 -1.1161e+00 1.7940e+00 4.1822e+02 3.8465e+00 4.1690e+02 3.2975e+00 4.5121e+00
1.2251e+01 1.5617e+00 1.9603e+00 4.1633e+02 1.7419e+00 2.1856e+00 -1.0689e+00 1.7165e+00 4.1158e+02 3.6859e+00 4.1031e+02 3.1579e+00 4.3155e+00
1.2537e+01 1.4944e+00 1.8769e+00 4.0953e+02 1.6672e+00 2.0908e+00 -1.0235e+00 1.6423e+00 4.0499e+02 3.5311e+00 4.0377e+02 3.0234e+00 4.1272e+00
1.2830e+01 1.4300e+00 1.7974e+00 4.0279e+02 1.5961e+00 2.0000e+00 -9.8001e-01 1.5713e+00 3.9844e+02 3.3832e+00 3.9727e+02 2.8951e+00 3.9467e+00
1.3129e+01 1.3681e+00 1.7207e+00 3.9608e+02 1.5275e+00 1.9129e+00 -9.3823e-01 1.5031e+00 3.9192e+02 3.2407e+00 3.9079e+02 2.7714e+00 3.7737e+00
1.3436e+01 1.3083e+00 1.6472e+00 3.8941e+02 1.4617e+00 1.8292e+00 -8.9812e-01 1.4375e+00 3.8542e+02 3.1040e+00 3.8434e+02 2.6530e+00 3.6080e+00
1.3749e+01 1.2512e+00 1.5765e+00 3.8283e+02 1.3986e+00 1.7490e+00 -8.5965e-01 1.3748e+00 3.7901e+02 2.9726e+00 3.7798e+02 2.5392e+00 3.4493e+00
1.4070e+01 1.1966e+00 1.5087e+00 3.7628e+02 1.3380e+00 1.6723e+00 -8.2275e-01 1.3147e+00 3.7263e+02 2.8463e+00 3.7164e+02 2.4299e+00 3.2972e+00
1.4398e+01 1.1444e+00 1.4440e+00 3.6979e+02 1.2803e+00 1.5989e+00 -7.8734e-01 1.2571e+00 3.6629e+02 2.7257e+00 3.6534e+02 2.3257e+00 3.1516e+00
1.4735e+01 1.0944e+00 1.3818e+00 3.6334e+02 1.2247e+00 1.5286e+00 -7.5338e-01 1.2021e+00 3.5999e+02 2.6095e+00 3.5908e+02 2.2252e+00 3.0121e+00
1.5078e+01 1.0466e+00 1.3221e+00 3.5694e+02 1.1714e+00 1.4613e+00 -7.2082e-01 1.1493e+00 3.5374e+02 2.4979e+00 3.5286e+02 2.1289e+00 2.8786e+00
1.5430e+01 1.0003e+00 1.2648e+00 3.5061e+02 1.1203e+00 1.3966e+00 -6.8959e-01 1.0986e+00 3.4755e+02 2.3910e+00 3.4671e+02 2.0366e+00 2.7507e+00
1.5791e+01 9.5611e-01 1.2099e+00 3.4433e+02 1.0714e+00 1.3347e+00 -6.5966e-01 1.0500e+00 3.4140e+02 2.2886e+00 3.4060e+02 1.9483e+00 2.6283e+00
1.6159e+01 9.1385e-01 1.1573e+00 3.3808e+02 1.0245e+00 1.2755e+00 -6.3095e-01 1.0036e+00 3.3528e+02 2.1902e+00 3.3451e+02 1.8635e+00 2.5111e+00
1.6536e+01 8.7346e-01 1.1069e+00 3.3190e+02 9.7957e-01 1.2188e+00 -6.0345e-01 9.5916e-01 3.2922e+02 2.0958e+00 3.2848e+02 1.7823e+00 2.3989e+00
1.6922e+01 8.3486e-01 1.0586e+00 3.2578e+02 9.3656e-01 1.1647e+00 -5.7708e-01 9.1665e-01 3.2322e+02 2.0053e+00 3.2251e+02 1.7044e+00 2.2916e+00
1.7317e+01 7.9796e-01 1.0124e+00 3.1971e+02 8.9540e-01 1.1128e+00 -5.5181e-01 8.7598e-01 3.1726e+02 1.9185e+00 3.1658e+02 1.6297e+00 2.1888e+00
1.7721e+01 7.6236e-01 9.6798e-01 3.1368e+02 8.5586e-01 1.0630e+00 -5.2760e-01 8.3691e-01 3.1133e+02 1.8353e+00 3.1069e+02 1.5582e+00 2.0905e+00
1.8135e+01 7.2827e-01 9.2548e-01 3.0773e+02 8.1805e-01 1.0154e+00 -5.0441e-01 7.9950e-01 3.0549e+02 1.7556e+00 3.0487e+02 1.4898e+00 1.9965e+00
1.8558e+01 6.9571e-01 8.8469e-01 3.0182e+02 7.8176e-01 9.6982e-01 -4.8219e-01 7.6373e-01 2.9968e+02 1.6791e+00 2.9909e+02 1.4241e+00 1.9065e+00
1.8991e+01 6.6460e-01 8.4576e-01 2.9598e+02 7.4716e-01 9.2626e-01 -4.6091e-01 7.2953e-01 2.9394e+02 1.6060e+00 2.9337e+02 1.3614e+00 1.8204e+00
1.9435e+01 6.3488e-01 8.0848e-01 2.9019e+02 7.1402e-01 8.8462e-01 -4.4052e-01 6.9683e-01 2.8824e+02 1.5358e+00 2.8769e+02 1.3012e+00 1.7380e+00
1.9888e+01 6.0650e-01 7.7273e-01 2.8448e+02 6.8226e-01 8.4482e-01 -4.2100e-01 6.6557e-01 2.8261e+02 1.4685e+00 2.8209e+02 1.2435e+00 1.6592e+00
2.0352e+01 5.7923e-01 7.3850e-01 2.7879e+02 6.5185e-01 8.0668e-01 -4.0230e-01 6.3561e-01 2.7701e+02 1.4040e+00 2.7651e+02 1.1884e+00 1.5839e+00
2.0828e+01 5.5303e-01 7.0563e-01 2.7320e+02 6.2267e-01 7.7012e-01 -3.8441e-01 6.0688e-01 2.7149e+02 1.3422e+00 2.7101e+02 1.1355e+00 1.5119e+00
2.1314e+01 5.2802e-01 6.7422e-01 2.6765e+02 5.9479e-01 7.3519e-01 -3.6727e-01 5.7944e-01 2.6602e+02 1.2831e+00 2.6557e+02 1.0849e+00 1.4430e+00
2.1811e+01 5.0414e-01 6.4416e-01 2.6218e+02 5.6812e-01 7.0181e-01 -3.5087e-01 5.5321e-01 2.6063e+02 1.2264e+00 2.6019e+02 1.0365e+00 1.3772e+00
2.2320e+01 4.8135e-01 6.1543e-01 2.5678e+02 5.4263e-01 6.6993e-01 -3.3517e-01 5.2814e-01 2.5529e+02 1.1722e+00 2.5487e+02 9.9017e-01 1.3142e+00
2.2841e+01 4.5959e-01 5.8794e-01 2.5142e+02 5.1826e-01 6.3946e-01 -3.2015e-01 5.0419e-01 2.5000e+02 1.1203e+00 2.4960e+02 9.4583e-01 1.2540e+00
2.3374e+01 4.3877e-01 5.6162e-01 2.4615e+02 4.9492e-01 6.1034e-01 -3.0577e-01 4.8129e-01 2.4480e+02 1.0705e+00 2.4441e+02 9.0335e-01 1.1965e+00
2.3920e+01 4.1871e-01 5.3640e-01 2.4093e+02 4.7258e-01 5.8239e-01 -2.9201e-01 4.5931e-01 2.3963e+02 1.0229e+00 2.3927e+02 8.6281e-01 1.1415e+00
2.4478e+01 3.9957e-01 5.1218e-01 2.3580e+02 4.5111e-01 5.5570e-01 -2.7885e-01 4.3832e-01 2.3456e+02 9.7720e-01 2.3421e+02 8.2383e-01 1.0890e+00
2.5049e+01 3.8130e-01 4.8912e-01 2.3073e+02 4.3069e-01 5.3021e-01 -2.6626e-01 4.1827e-01 2.2955e+02 9.3360e-01 2.2921e+02 7.8671e-01 1.0388e+00
2.5634e+01 3.6387e-01 4.6708e-01 2.2572e+02 4.1119e-01 5.0587e-01 -2.5421e-01 3.9912e-01 2.2460e+02 8.9188e-01 2.2428e+02 7.5120e-01 9.9080e-01
2.6232e+01 3.4725e-01 4.4597e-01 2.2078e+02 3.9250e-01 4.8263e-01 -2.4269e-01 3.8083e-01 2.1971e+02 8.5187e-01 2.1940e+02 7.1716e-01 9.4497e-01
2.6845e+01 3.3138e-01 4.2582e-01 2.1592e+02 3.7467e-01 4.6044e-01 -2.3167e-01 3.6337e-01 2.1490e+02 8.1362e-01 2.1460e+02 6.8464e-01 9.0119e-01
2.7471e+01 3.1610e-01 4.0645e-01 2.1115e+02 3.5753e-01 4.3917e-01 -2.2114e-01 3.4662e-01 2.1017e+02 7.7697e-01 2.0988e+02 6.5348e-01 8.5937e-01
2.8112e+01 3.0150e-01 3.8801e-01 2.0643e+02 3.4123e-01 4.1884e-01 -2.1106e-01 3.3062e-01 2.0550e+02 7.4204e-01 2.0523e+02 6.2383e-01 8.1942e-01
2.8769e+01 2.8757e-01 3.7028e-01 2.0178e+02 3.2555e-01 3.9943e-01 -2.0143e-01 3.1534e-01 2.0089e+02 7.0846e-01 2.0063e+02 5.9531e-01 7.8126e-01
2.9440e+01 2.7429e-01 3.5344e-01 1.9721e+02 3.1068e-01 3.8091e-01 -1.9222e-01 3.0076e-01 1.9636e+02 6.7648e-01 1.9611e+02 5.6819e-01 7.4483e-01
3.0127e+01 2.6162e-01 3.3731e-01 1.9272e+02 2.9642e-01 3.6324e-01 -1.8342e-01 2.8684e-01 1.9191e+02 6.4582e-01 1.9167e+02 5.4219e-01 7.1003e-01
3.0830e+01 2.4954e-01 3.2189e-01 1.8828e+02 2.8280e-01 3.4637e-01 -1.7501e-01 2.7356e-01 1.8751e+02 6.1650e-01 1.8729e+02 5.1733e-01 6.7681e-01
3.1550e+01 2.3796e-01 3.0714e-01 1.8394e+02 2.6978e-01 3.3023e-01 -1.6697e-01 2.6085e-01 1.8320e+02 5.8846e-01 1.8298e+02 4.9358e-01 6.4509e-01
3.2286e+01 2.2685e-01 2.9304e-01 1.7967e+02 2.5733e-01 3.1479e-01 -1.5928e-01 2.4868e-01 1.7897e+02 5.6170e-01 1.7876e+02 4.7092e-01 6.1480e-01
3.3040e+01 2.1626e-01 2.7954e-01 1.7548e+02 2.4542e-01 3.0007e-01 -1.5194e-01 2.3708e-01 1.7481e+02 5.3606e-01 1.7461e+02 4.4922e-01 5.8590e-01
3.3811e+01 2.0617e-01 2.6670e-01 1.7135e+02 2.3409e-01 2.8602e-01 -1.4493e-01 2.2601e-01 1.7071e+02 5.1161e-01 1.7052e+02 4.2855e-01 5.5830e-01
3.4600e+01 1.9655e-01 2.5438e-01 1.6731e+02 2.2323e-01 2.7261e-01 -1.3822e-01 2.1544e-01 1.6669e+02 4.8816e-01 1.6652e+02 4.0872e-01 5.3196e-01
3.5408e+01 1.8739e-01 2.4265e-01 1.6333e+02 2.1288e-01 2.5983e-01 -1.3182e-01 2.0537e-01 1.6275e+02 4.6577e-01 1.6258e+02 3.8980e-01 5.0683e-01
3.6234e+01 1.7863e-01 2.3145e-01 1.5943e+02 2.0301e-01 2.4763e-01 -1.2570e-01 1.9575e-01 1.5887e+02 4.4441e-01 1.5871e+02 3.7176e-01 4.8284e-01
3.7080e+01 1.7020e-01 2.2069e-01 1.5560e+02 1.9352e-01 2.3594e-01 -1.1986e-01 1.8653e-01 1.5507e+02 4.2394e-01 1.5492e+02 3.5448e-01 4.5995e-01
3.7945e+01 1.6218e-01 2.1045e-01 1.5184e+02 1.8450e-01 2.2479e-01 -1.1428e-01 1.7774e-01 1.5134e+02 4.0444e-01 1.5119e+02 3.3803e-01 4.3811e-01
3.8831e+01 1.5454e-01 2.0066e-01 1.4815e+02 1.7588e-01 2.1416e-01 -1.0895e-01 1.6936e-01 1.4767e+02 3.8577e-01 1.4753e+02 3.2229e-01 4.1727e-01
3.9737e+01 1.4725e-01 1.9133e-01 1.4453e+02 1.6766e-01 2.0403e-01 -1.0386e-01 1.6137e-01 1.4408e+02 3.6795e-01 1.4394e+02 3.0726e-01 3.9739e-01
4.0665e+01 1.4031e-01 1.8241e-01 1.4098e+02 1.5981e-01 1.9437e-01 -9.9005e-02 1.5375e-01 1.4054e+02 3.5091e-01 1.4041e+02 2.9290e-01 3.7843e-01
4.1614e+01 1.3371e-01 1.7391e-01 1.3749e+02 1.5233e-01 1.8516e-01 -9.4366e-02 1.4648e-01 1.3707e+02 3.3464e-01 1.3695e+02 2.7920e-01 3.6034e-01
4.2585e+01 1.2734e-01 1.6576e-01 1.3407e+02 1.4516e-01 1.7634e-01 -8.9939e-02 1.3952e-01 1.3368e+02 3.1910e-01 1.3356e+02 2.6612e-01 3.4309e-01
4.3579e+01 1.2128e-01 1.5798e-01 1.3071e+02 1.3831e-01 1.6792e-01 -8.5711e-02 1.3288e-01 1.3033e+02 3.0425e-01 1.3022e+02 2.5363e-01 3.2664e-01
4.4596e+01 1.1551e-01 1.5056e-01 1.2742e+02 1.3178e-01 1.5991e-01 -8.1677e-02 1.2655e-01 1.2706e+02 2.9007e-01 1.2695e+02 2.4170e-01 3.1095e-01
4.5637e+01 1.1001e-01 1.4349e-01 1.2418e+02 1.2557e-01 1.5227e-01 -7.7826e-02 1.2052e-01 1.2384e+02 2.7655e-01 1.2373e+02 2.3033e-01 2.9599e-01
4.6702e+01 1.0477e-01 1.3675e-01 1.2100e+02 1.1964e-01 1.4498e-01 -7.4151e-02 1.1478e-01 1.2067e+02 2.6362e-01 1.2057e+02 2.1948e-01 2.8172e-01
4.7792e+01 9.9784e-02 1.3031e-01 1.1787e+02 1.1399e-01 1.3805e-01 -7.0644e-02 1.0930e-01 1.1756e+02 2.5129e-01 1.1747e+02 2.0912e-01 2.6812e-01
4.8908e+01 9.5005e-02 1.2415e-01 1.1480e+02 1.0858e-01 1.3141e-01 -6.7297e-02 1.0406e-01 1.1450e+02 2.3950e-01 1.1441e+02 1.9922e-01 2.5516e-01
5.0049e+01 9.0434e-02 1.1827e-01 1.1178e+02 1.0341e-01 1.2508e-01 -6.4104e-02 9.9060e-02 1.1150e+02 2.2825e-01 1.1141e+02 1.8978e-01 2.4280e-01
5.1218e+01 8.6083e-02 1.1266e-01 1.0881e+02 9.8479e-02 1.1905e-01 -6.1057e-02 9.4295e-02 1.0854e+02 2.1751e-01 1.0846e+02 1.8077e-01 2.3101e-01
5.2413e+01 8.1942e-02 1.0731e-01 1.0589e+02 9.3785e-02 1.1330e-01 -5.8152e-02 8.9757e-02 1.0564e+02 2.0726e-01 1.0556e+02 1.7218e-01 2.1979e-01
5.3636e+01 7.8001e-02 1.0222e-01 1.0302e+02 8.9319e-02 1.0783e-01 -5.5379e-02 8.5433e-02 1.0278e+02 1.9750e-01 1.0270e+02 1.6400e-01 2.0908e-01
5.4888e+01 7.4249e-02 9.7368e-02 1.0020e+02 8.5058e-02 1.0262e-01 -5.2735e-02 8.1314e-02 9.9963e+01 1.8817e-01 9.9893e+01 1.5619e-01 1.9888e-01
5.6169e+01 7.0668e-02 9.2725e-02 9.7413e+01 8.0984e-02 9.7643e-02 -5.0213e-02 7.7385e-02 9.7192e+01 1.7926e-01 9.7125e+01 1.4872e-01 1.8916e-01
5.7480e+01 6.7231e-02 8.8292e-02 9.4678e+01 7.7095e-02 9.2889e-02 -4.7808e-02 7.3628e-02 9.4467e+01 1.7076e-01 9.4403e+01 1.4161e-01 1.7990e-01
5.8822e+01 6.3962e-02 8.4066e-02 9.1986e+01 7.3389e-02 8.8363e-02 -4.5514e-02 7.0050e-02 9.1785e+01 1.6266e-01 9.1724e+01 1.3483e-01 1.7108e-01
6.0195e+01 6.0852e-02 8.0034e-02 8.9336e+01 6.9853e-02 8.4052e-02 -4.3327e-02 6.6643e-02 8.9145e+01 1.5492e-01 8.9087e+01 1.2836e-01 1.6268e-01
6.1600e+01 5.7892e-02 7.6199e-02 8.6733e+01 6.6493e-02 7.9948e-02 -4.1241e-02 6.3399e-02 8.6551e+01 1.4754e-01 8.6496e+01 1.2220e-01 1.5467e-01
6.3038e+01 5.5077e-02 7.2540e-02 8.4175e+01 6.3285e-02 7.6041e-02 -3.9253e-02 6.0310e-02 8.4002e+01 1.4050e-01 8.3950e+01 1.1632e-01 1.4704e-01
6.4509e+01 5.2399e-02 6.9053e-02 8.1662e+01 6.0230e-02 7.2321e-02 -3.7357e-02 5.7369e-02 8.1498e+01 1.3379e-01 8.1447e+01 1.1071e-01 1.3978e-01
6.6014e+01 4.9824e-02 6.5720e-02 7.9198e+01 5.7311e-02 6.8763e-02 -3.5550e-02 5.4554e-02 7.9041e+01 1.2739e-01 7.8993e+01 1.0537e-01 1.3286e-01
6.7555e+01 4.7374e-02 6.2545e-02 7.6780e+01 5.4530e-02 6.5374e-02 -3.3828e-02 5.1875e-02 7.6631e+01 1.2129e-01 7.6585e+01 1.0028e-01 1.2627e-01
6.9132e+01 4.5044e-02 5.9517e-02 7.4408e+01 5.1878e-02 6.2149e-02 -3.2185e-02 4.9323e-02 7.4266e+01 1.1547e-01 7.4222e+01 9.5420e-02 1.1999e-01
7.0746e+01 4.2828e-02 5.6640e-02 7.2092e+01 4.9360e-02 5.9080e-02 -3.0621e-02 4.6895e-02 7.1957e+01 1.0992e-01 7.1915e+01 9.0803e-02 1.1402e-01
7.2397e+01 4.0720e-02 5.3888e-02 6.9822e+01 4.6952e-02 5.6159e-02 -2.9129e-02 4.4584e-02 6.9694e+01 1.0462e-01 6.9655e+01 8.6383e-02 1.0833e-01
7.4087e+01 3.8716e-02 5.1271e-02 6.7611e+01 4.4662e-02 5.3380e-02 -2.7708e-02 4.2385e-02 6.7490e+01 9.9573e-02 6.7452e+01 8.2176e-02 1.0291e-01
7.5816e+01 3.6798e-02 4.8775e-02 6.5453e+01 4.2478e-02 5.0726e-02 -2.6354e-02 4.0285e-02 6.5337e+01 9.4767e-02 6.5301e+01 7.8174e-02 9.7756e-02
7.7585e+01 3.4966e-02 4.6390e-02 6.3354e+01 4.0392e-02 4.8197e-02 -2.5063e-02 3.8283e-02 6.3244e+01 9.0177e-02 6.3210e+01 7.4354e-02 9.2848e-02
7.9396e+01 3.3226e-02 4.4124e-02 6.1314e+01 3.8411e-02 4.5791e-02 -2.3834e-02 3.6378e-02 6.1209e+01 8.5812e-02 6.1176e+01 7.0723e-02 8.8177e-02
8.1249e+01 3.1571e-02 4.1964e-02 5.9333e+01 3.6522e-02 4.3501e-02 -2.2663e-02 3.4566e-02 5.9233e+01 8.1646e-02 5.9202e+01 6.7258e-02 8.3731e-02
8.3146e+01 2.9998e-02 3.9907e-02 5.7412e+01 3.4724e-02 4.1324e-02 -2.1547e-02 3.2842e-02 5.7317e+01 7.7674e-02 5.7287e+01 6.3956e-02 7.9500e-02
8.5086e+01 2.8503e-02 3.7949e-02 5.5552e+01 3.3013e-02 3.9253e-02 -2.0484e-02 3.1202e-02 5.5462e+01 7.3890e-02 5.5434e+01 6.0812e-02 7.5474e-02
8.7072e+01 2.7077e-02 3.6084e-02 5.3752e+01 3.1383e-02 3.7280e-02 -1.9472e-02 2.9639e-02 5.3667e+01 7.0287e-02 5.3640e+01 5.7818e-02 7.1644e-02
8.9105e+01 2.5711e-02 3.4302e-02 5.2008e+01 2.9827e-02 3.5396e-02 -1.8508e-02 2.8147e-02 5.1927e+01 6.6852e-02 5.1901e+01 5.4967e-02 6.7999e-02
9.1184e+01 2.4414e-02 3.2606e-02 5.0321e+01 2.8345e-02 3.3606e-02 -1.7589e-02 2.6728e-02 5.0244e+01 6.3579e-02 5.0219e+01 5.2250e-02 6.4532e-02
9.3313e+01 2.3182e-02 3.0990e-02 4.8688e+01 2.6934e-02 3.1903e-02 -1.6715e-02 2.5379e-02 4.8615e+01 6.0458e-02 4.8592e+01 4.9660e-02 6.1234e-02
9.5490e+01 2.2011e-02 2.9455e-02 4.7106e+01 2.5594e-02 3.0284e-02 -1.5882e-02 2.4096e-02 4.7036e+01 5.7489e-02 4.7014e+01 4.7199e-02 5.8096e-02
9.7719e+01 2.0898e-02 2.7993e-02 4.5572e+01 2.4318e-02 2.8745e-02 -1.5089e-02 2.2876e-02 4.5506e+01 5.4658e-02 4.5485e+01 4.4852e-02 5.5113e-02
1.0000e+02 1.9841e-02 2.6602e-02 4.4080e+01 2.3105e-02 2.7282e-02 -1.4334e-02 2.1717e-02 4.4018e+01 5.1964e-02 4.3997e+01 4.2620e-02 5.2275e-02
