1.0000e-03 1.6085e-03 -3.4599e-04 6.4947e-04 5.8543e-04 3.5323e-01 7.1616e-01 2.8077e-01 1.4886e-04 -1.7972e-01 1.8051e-01 7.7570e-02 7.9249e+02
1.0233e-03 1.7581e-03 -3.7690e-04 7.1098e-04 6.4047e-04 3.7105e-01 7.5214e-01 2.9492e-01 1.6380e-04 -1.8878e-01 1.8964e-01 8.2032e-02 8.1033e+02
1.0472e-03 1.9215e-03 -4.1050e-04 7.7829e-04 7.0063e-04 3.8973e-01 7.8982e-01 3.0974e-01 1.8026e-04 -1.9826e-01 1.9921e-01 8.6616e-02 8.2840e+02
1.0717e-03 2.0998e-03 -4.4703e-04 8.5193e-04 7.6640e-04 4.0930e-01 8.2930e-01 3.2527e-01 1.9839e-04 -2.0821e-01 2.0925e-01 9.1338e-02 8.4683e+02
1.0967e-03 2.2946e-03 -4.8672e-04 9.3251e-04 8.3828e-04 4.2983e-01 8.7068e-01 3.4156e-01 2.1836e-04 -2.1864e-01 2.1977e-01 9.6216e-02 8.6577e+02
1.1223e-03 2.5072e-03 -5.2985e-04 1.0207e-03 9.1683e-04 4.5135e-01 9.1407e-01 3.5864e-01 2.4036e-04 -2.2957e-01 2.3082e-01 1.0128e-01 8.8532e+02
1.1485e-03 2.7392e-03 -5.7670e-04 1.1171e-03 1.0027e-03 4.7394e-01 9.5956e-01 3.7655e-01 2.6459e-04 -2.4104e-01 2.4240e-01 1.0658e-01 9.0556e+02
1.1753e-03 2.9925e-03 -6.2759e-04 1.2226e-03 1.0965e-03 4.9764e-01 1.0073e+00 3.9535e-01 2.9127e-04 -2.5307e-01 2.5457e-01 1.1214e-01 9.2654e+02
1.2027e-03 3.2690e-03 -6.8286e-04 1.3381e-03 1.1990e-03 5.2251e-01 1.0573e+00 4.1507e-01 3.2067e-04 -2.6569e-01 2.6733e-01 1.1804e-01 9.4825e+02
1.2308e-03 3.5708e-03 -7.4285e-04 1.4643e-03 1.3111e-03 5.4859e-01 1.1097e+00 4.3575e-01 3.5303e-04 -2.7892e-01 2.8071e-01 1.2432e-01 9.7062e+02
1.2595e-03 3.9000e-03 -8.0796e-04 1.6024e-03 1.4335e-03 5.7592e-01 1.1646e+00 4.5743e-01 3.8868e-04 -2.9278e-01 2.9474e-01 1.3104e-01 9.9354e+02
1.2889e-03 4.2591e-03 -8.7861e-04 1.7535e-03 1.5672e-03 6.0456e-01 1.2221e+00 4.8013e-01 4.2794e-04 -3.0730e-01 3.0945e-01 1.3826e-01 1.0168e+03
1.3190e-03 4.6509e-03 -9.5523e-04 1.9187e-03 1.7133e-03 6.3455e-01 1.2823e+00 5.0391e-01 4.7118e-04 -3.2251e-01 3.2486e-01 1.4601e-01 1.0402e+03
1.3498e-03 5.0783e-03 -1.0383e-03 2.0994e-03 1.8728e-03 6.6595e-01 1.3452e+00 5.2879e-01 5.1880e-04 -3.3841e-01 3.4099e-01 1.5429e-01 1.0634e+03
1.3813e-03 5.5445e-03 -1.1285e-03 2.2970e-03 2.0471e-03 6.9880e-01 1.4110e+00 5.5483e-01 5.7126e-04 -3.5505e-01 3.5787e-01 1.6311e-01 1.0863e+03
1.4135e-03 6.0529e-03 -1.2261e-03 2.5131e-03 2.2374e-03 7.3316e-01 1.4797e+00 5.8206e-01 6.2905e-04 -3.7244e-01 3.7553e-01 1.7244e-01 1.1087e+03
1.4465e-03 6.6073e-03 -1.3320e-03 2.7494e-03 2.4452e-03 7.6908e-01 1.5515e+00 6.1053e-01 6.9272e-04 -3.9061e-01 3.9400e-01 1.8225e-01 1.1303e+03
1.4803e-03 7.2116e-03 -1.4466e-03 3.0078e-03 2.6721e-03 8.0664e-01 1.6265e+00 6.4029e-01 7.6287e-04 -4.0960e-01 4.1331e-01 1.9250e-01 1.1512e+03
1.5148e-03 7.8704e-03 -1.5708e-03 3.2903e-03 2.9198e-03 8.4590e-01 1.7048e+00 6.7140e-01 8.4017e-04 -4.2945e-01 4.3351e-01 2.0316e-01 1.1714e+03
1.5502e-03 8.5885e-03 -1.7052e-03 3.5992e-03 3.1902e-03 8.8696e-01 1.7867e+00 7.0393e-01 9.2535e-04 -4.5020e-01 4.5465e-01 2.1417e-01 1.1910e+03
1.5864e-03 9.3713e-03 -1.8507e-03 3.9369e-03 3.4854e-03 9.2994e-01 1.8722e+00 7.3798e-01 1.0192e-03 -4.7190e-01 4.7677e-01 2.2553e-01 1.2102e+03
1.6234e-03 1.0224e-02 -2.0082e-03 4.3061e-03 3.8075e-03 9.7492e-01 1.9616e+00 7.7360e-01 1.1226e-03 -4.9460e-01 4.9992e-01 2.3724e-01 1.2292e+03
1.6613e-03 1.1154e-02 -2.1785e-03 4.7097e-03 4.1591e-03 1.0220e+00 2.0551e+00 8.1089e-01 1.2366e-03 -5.1834e-01 5.2417e-01 2.4933e-01 1.2483e+03
1.7000e-03 1.2166e-02 -2.3626e-03 5.1508e-03 4.5426e-03 1.0713e+00 2.1529e+00 8.4993e-01 1.3622e-03 -5.4319e-01 5.4957e-01 2.6188e-01 1.2676e+03
1.7397e-03 1.3269e-02 -2.5616e-03 5.6330e-03 4.9611e-03 1.1229e+00 2.2552e+00 8.9080e-01 1.5006e-03 -5.6921e-01 5.7619e-01 2.7495e-01 1.2873e+03
1.7803e-03 1.4470e-02 -2.7766e-03 6.1600e-03 5.4177e-03 1.1770e+00 2.3622e+00 9.3360e-01 1.6531e-03 -5.9644e-01 6.0408e-01 2.8865e-01 1.3076e+03
1.8219e-03 1.5778e-02 -3.0089e-03 6.7360e-03 5.9158e-03 1.2336e+00 2.4741e+00 9.7844e-01 1.8212e-03 -6.2494e-01 6.3330e-01 3.0306e-01 1.3283e+03
1.8644e-03 1.7202e-02 -3.2597e-03 7.3655e-03 6.4590e-03 1.2930e+00 2.5912e+00 1.0254e+00 2.0063e-03 -6.5476e-01 6.6392e-01 3.1832e-01 1.3494e+03
1.9079e-03 1.8753e-02 -3.5304e-03 8.0534e-03 7.0515e-03 1.3551e+00 2.7135e+00 1.0745e+00 2.2103e-03 -6.8596e-01 6.9598e-01 3.3451e-01 1.3707e+03
1.9525e-03 2.0440e-02 -3.8224e-03 8.8050e-03 7.6975e-03 1.4201e+00 2.8414e+00 1.1259e+00 2.4351e-03 -7.1859e-01 7.2955e-01 3.5168e-01 1.3918e+03
1.9980e-03 2.2277e-02 -4.1373e-03 9.6263e-03 8.4019e-03 1.4880e+00 2.9749e+00 1.1797e+00 2.6828e-03 -7.5270e-01 7.6469e-01 3.6983e-01 1.4124e+03
2.0447e-03 2.4275e-02 -4.4766e-03 1.0524e-02 9.1698e-03 1.5591e+00 3.1144e+00 1.2359e+00 2.9557e-03 -7.8834e-01 8.0147e-01 3.8893e-01 1.4324e+03
2.0924e-03 2.6449e-02 -4.8424e-03 1.1504e-02 1.0007e-02 1.6335e+00 3.2600e+00 1.2948e+00 3.2565e-03 -8.2560e-01 8.3996e-01 4.0891e-01 1.4517e+03
2.1412e-03 2.8815e-02 -5.2363e-03 1.2575e-02 1.0919e-02 1.7113e+00 3.4121e+00 1.3563e+00 3.5878e-03 -8.6453e-01 8.8024e-01 4.2975e-01 1.4704e+03
2.1912e-03 3.1387e-02 -5.6604e-03 1.3745e-02 1.1913e-02 1.7927e+00 3.5708e+00 1.4206e+00 3.9529e-03 -9.0521e-01 9.2240e-01 4.5142e-01 1.4884e+03
2.2423e-03 3.4184e-02 -6.1166e-03 1.5023e-02 1.2997e-02 1.8779e+00 3.7366e+00 1.4879e+00 4.3552e-03 -9.4774e-01 9.6654e-01 4.7394e-01 1.5061e+03
2.2947e-03 3.7225e-02 -6.6072e-03 1.6418e-02 1.4177e-02 1.9670e+00 3.9098e+00 1.5583e+00 4.7985e-03 -9.9220e-01 1.0128e+00 4.9735e-01 1.5238e+03
2.3482e-03 4.0530e-02 -7.1344e-03 1.7943e-02 1.5462e-02 2.0602e+00 4.0906e+00 1.6320e+00 5.2869e-03 -1.0387e+00 1.0612e+00 5.2177e-01 1.5415e+03
2.4030e-03 4.4122e-02 -7.7008e-03 1.9607e-02 1.6862e-02 2.1578e+00 4.2794e+00 1.7090e+00 5.8250e-03 -1.0873e+00 1.1119e+00 5.4734e-01 1.5594e+03
2.4591e-03 4.8026e-02 -8.3092e-03 2.1425e-02 1.8387e-02 2.2600e+00 4.4767e+00 1.7897e+00 6.4179e-03 -1.1380e+00 1.1649e+00 5.7419e-01 1.5775e+03
2.5165e-03 5.2267e-02 -8.9619e-03 2.3410e-02 2.0047e-02 2.3668e+00 4.6825e+00 1.8741e+00 7.0710e-03 -1.1911e+00 1.2205e+00 6.0248e-01 1.5956e+03
2.5753e-03 5.6874e-02 -9.6620e-03 2.5577e-02 2.1854e-02 2.4786e+00 4.8974e+00 1.9623e+00 7.7905e-03 -1.2466e+00 1.2788e+00 6.3228e-01 1.6136e+03
2.6354e-03 6.1876e-02 -1.0412e-02 2.7943e-02 2.3821e-02 2.5956e+00 5.1217e+00 2.0546e+00 8.5831e-03 -1.3045e+00 1.3397e+00 6.6361e-01 1.6311e+03
2.6969e-03 6.7307e-02 -1.1216e-02 3.0526e-02 2.5962e-02 2.7179e+00 5.3556e+00 2.1511e+00 9.4562e-03 -1.3651e+00 1.4035e+00 6.9648e-01 1.6481e+03
2.7598e-03 7.3201e-02 -1.2075e-02 3.3346e-02 2.8292e-02 2.8458e+00 5.5997e+00 2.2520e+00 1.0418e-02 -1.4283e+00 1.4703e+00 7.3087e-01 1.6646e+03
2.8242e-03 7.9600e-02 -1.2995e-02 3.6423e-02 3.0826e-02 2.9796e+00 5.8542e+00 2.3575e+00 1.1477e-02 -1.4943e+00 1.5402e+00 7.6679e-01 1.6806e+03
2.8902e-03 8.6544e-02 -1.3979e-02 3.9782e-02 3.3583e-02 3.1196e+00 6.1197e+00 2.4678e+00 1.2644e-02 -1.5632e+00 1.6134e+00 8.0428e-01 1.6962e+03
2.9576e-03 9.4076e-02 -1.5029e-02 4.3447e-02 3.6581e-02 3.2660e+00 6.3966e+00 2.5832e+00 1.3929e-02 -1.6352e+00 1.6901e+00 8.4346e-01 1.7118e+03
3.0266e-03 1.0224e-01 -1.6150e-02 4.7448e-02 3.9841e-02 3.4192e+00 6.6853e+00 2.7038e+00 1.5344e-02 -1.7104e+00 1.7704e+00 8.8448e-01 1.7273e+03
3.0973e-03 1.1110e-01 -1.7345e-02 5.1812e-02 4.3385e-02 3.5793e+00 6.9864e+00 2.8299e+00 1.6902e-02 -1.7889e+00 1.8545e+00 9.2751e-01 1.7427e+03
3.1696e-03 1.2070e-01 -1.8618e-02 5.6574e-02 4.7238e-02 3.7468e+00 7.3003e+00 2.9617e+00 1.8618e-02 -1.8708e+00 1.9425e+00 9.7268e-01 1.7580e+03
3.2436e-03 1.3111e-01 -1.9974e-02 6.1770e-02 5.1424e-02 3.9219e+00 7.6274e+00 3.0995e+00 2.0507e-02 -1.9564e+00 2.0346e+00 1.0201e+00 1.7730e+03
3.3193e-03 1.4239e-01 -2.1416e-02 6.7437e-02 5.5974e-02 4.1051e+00 7.9682e+00 3.2436e+00 2.2587e-02 -2.0456e+00 2.1311e+00 1.0699e+00 1.7876e+03
3.3967e-03 1.5460e-01 -2.2948e-02 7.3619e-02 6.0916e-02 4.2966e+00 8.3233e+00 3.3942e+00 2.4876e-02 -2.1388e+00 2.2322e+00 1.1220e+00 1.8019e+03
3.4760e-03 1.6783e-01 -2.4574e-02 8.0362e-02 6.6284e-02 4.4969e+00 8.6932e+00 3.5516e+00 2.7397e-02 -2.2360e+00 2.3380e+00 1.1765e+00 1.8157e+03
3.5572e-03 1.8216e-01 -2.6297e-02 8.7716e-02 7.2112e-02 4.7062e+00 9.0785e+00 3.7161e+00 3.0171e-02 -2.3373e+00 2.4487e+00 1.2336e+00 1.8293e+03
3.6402e-03 1.9766e-01 -2.8122e-02 9.5734e-02 7.8440e-02 4.9250e+00 9.4796e+00 3.8879e+00 3.3224e-02 -2.4431e+00 2.5647e+00 1.2934e+00 1.8427e+03
3.7251e-03 2.1443e-01 -3.0053e-02 1.0448e-01 8.5309e-02 5.1538e+00 9.8973e+00 4.0675e+00 3.6584e-02 -2.5533e+00 2.6862e+00 1.3560e+00 1.8559e+03
3.8121e-03 2.3259e-01 -3.2093e-02 1.1401e-01 9.2763e-02 5.3930e+00 1.0332e+01 4.2552e+00 4.0281e-02 -2.6683e+00 2.8134e+00 1.4217e+00 1.8689e+03
3.9011e-03 2.5222e-01 -3.4246e-02 1.2440e-01 1.0085e-01 5.6430e+00 1.0784e+01 4.4513e+00 4.4348e-02 -2.7882e+00 2.9465e+00 1.4907e+00 1.8816e+03
3.9921e-03 2.7345e-01 -3.6514e-02 1.3573e-01 1.0962e-01 5.9042e+00 1.1255e+01 4.6561e+00 4.8822e-02 -2.9131e+00 3.0859e+00 1.5629e+00 1.8941e+03
4.0853e-03 2.9640e-01 -3.8899e-02 1.4808e-01 1.1914e-01 6.1773e+00 1.1745e+01 4.8700e+00 5.3744e-02 -3.0433e+00 3.2319e+00 1.6386e+00 1.9062e+03
4.1806e-03 3.2119e-01 -4.1403e-02 1.6153e-01 1.2945e-01 6.4626e+00 1.2254e+01 5.0935e+00 5.9157e-02 -3.1789e+00 3.3848e+00 1.7179e+00 1.9180e+03
4.2782e-03 3.4797e-01 -4.4028e-02 1.7620e-01 1.4063e-01 6.7607e+00 1.2783e+01 5.3268e+00 6.5110e-02 -3.3202e+00 3.5449e+00 1.8011e+00 1.9296e+03
4.3781e-03 3.7690e-01 -4.6777e-02 1.9217e-01 1.5275e-01 7.0722e+00 1.3333e+01 5.5705e+00 7.1655e-02 -3.4674e+00 3.7125e+00 1.8882e+00 1.9409e+03
4.4803e-03 4.0814e-01 -4.9649e-02 2.0958e-01 1.6588e-01 7.3976e+00 1.3905e+01 5.8250e+00 7.8851e-02 -3.6206e+00 3.8880e+00 1.9796e+00 1.9520e+03
4.5848e-03 4.4184e-01 -5.2641e-02 2.2854e-01 1.8010e-01 7.7376e+00 1.4499e+01 6.0907e+00 8.6760e-02 -3.7802e+00 4.0717e+00 2.0754e+00 1.9629e+03
4.6918e-03 4.7821e-01 -5.5752e-02 2.4919e-01 1.9549e-01 8.0927e+00 1.5116e+01 6.3681e+00 9.5454e-02 -3.9462e+00 4.2642e+00 2.1758e+00 1.9735e+03
4.8013e-03 5.1743e-01 -5.8977e-02 2.7169e-01 2.1216e-01 8.4636e+00 1.5756e+01 6.6575e+00 1.0501e-01 -4.1189e+00 4.4657e+00 2.2811e+00 1.9838e+03
4.9134e-03 5.5971e-01 -6.2313e-02 2.9618e-01 2.3020e-01 8.8509e+00 1.6421e+01 6.9596e+00 1.1550e-01 -4.2985e+00 4.6766e+00 2.3915e+00 1.9939e+03
5.0281e-03 6.0529e-01 -6.5754e-02 3.2285e-01 2.4971e-01 9.2553e+00 1.7110e+01 7.2748e+00 1.2703e-01 -4.4854e+00 4.8976e+00 2.5072e+00 2.0037e+03
5.1454e-03 6.5441e-01 -6.9293e-02 3.5188e-01 2.7083e-01 9.6776e+00 1.7826e+01 7.6039e+00 1.3970e-01 -4.6796e+00 5.1289e+00 2.6285e+00 2.0133e+03
5.2655e-03 7.0731e-01 -7.2915e-02 3.8349e-01 2.9366e-01 1.0119e+01 1.8568e+01 7.9471e+00 1.5360e-01 -4.8815e+00 5.3711e+00 2.7557e+00 2.0227e+03
5.3884e-03 7.6426e-01 -7.6608e-02 4.1789e-01 3.1834e-01 1.0579e+01 1.9337e+01 8.3051e+00 1.6887e-01 -5.0912e+00 5.6247e+00 2.8892e+00 2.0318e+03
5.5142e-03 8.2555e-01 -8.0356e-02 4.5532e-01 3.4500e-01 1.1059e+01 2.0134e+01 8.6785e+00 1.8563e-01 -5.3091e+00 5.8903e+00 3.0290e+00 2.0407e+03
5.6429e-03 8.9147e-01 -8.4138e-02 4.9605e-01 3.7382e-01 1.1560e+01 2.0960e+01 9.0677e+00 2.0402e-01 -5.5353e+00 6.1684e+00 3.1757e+00 2.0494e+03
5.7746e-03 9.6238e-01 -8.7933e-02 5.4036e-01 4.0493e-01 1.2083e+01 2.1815e+01 9.4736e+00 2.2420e-01 -5.7701e+00 6.4596e+00 3.3296e+00 2.0578e+03
5.9094e-03 1.0386e+00 -9.1720e-02 5.8857e-01 4.3854e-01 1.2629e+01 2.2700e+01 9.8969e+00 2.4635e-01 -6.0137e+00 6.7645e+00 3.4909e+00 2.0660e+03
6.0473e-03 1.1205e+00 -9.5461e-02 6.4099e-01 4.7480e-01 1.3198e+01 2.3616e+01 1.0338e+01 2.7063e-01 -6.2663e+00 7.0838e+00 3.6601e+00 2.0740e+03
6.1885e-03 1.2085e+00 -9.9119e-02 6.9800e-01 5.1393e-01 1.3792e+01 2.4563e+01 1.0798e+01 2.9726e-01 -6.5283e+00 7.4181e+00 3.8375e+00 2.0817e+03
6.3329e-03 1.3030e+00 -1.0265e-01 7.5998e-01 5.5613e-01 1.4411e+01 2.5542e+01 1.1277e+01 3.2645e-01 -6.7997e+00 7.7682e+00 4.0236e+00 2.0893e+03
6.4807e-03 1.4044e+00 -1.0601e-01 8.2736e-01 6.0164e-01 1.5057e+01 2.6554e+01 1.1776e+01 3.5844e-01 -7.0809e+00 8.1347e+00 4.2187e+00 2.0966e+03
6.6320e-03 1.5131e+00 -1.0914e-01 9.0060e-01 6.5068e-01 1.5730e+01 2.7600e+01 1.2295e+01 3.9350e-01 -7.3721e+00 8.5185e+00 4.4234e+00 2.1037e+03
6.7868e-03 1.6297e+00 -1.1200e-01 9.8019e-01 7.0353e-01 1.6431e+01 2.8679e+01 1.2837e+01 4.3190e-01 -7.6734e+00 8.9204e+00 4.6380e+00 2.1107e+03
6.9452e-03 1.7547e+00 -1.1449e-01 1.0667e+00 7.6045e-01 1.7162e+01 2.9793e+01 1.3400e+01 4.7396e-01 -7.9851e+00 9.3412e+00 4.8632e+00 2.1174e+03
7.1073e-03 1.8886e+00 -1.1655e-01 1.1606e+00 8.2174e-01 1.7924e+01 3.0942e+01 1.3987e+01 5.2001e-01 -8.3074e+00 9.7818e+00 5.0993e+00 2.1239e+03
7.2732e-03 2.0319e+00 -1.1807e-01 1.2626e+00 8.8769e-01 1.8718e+01 3.2127e+01 1.4597e+01 5.7041e-01 -8.6405e+00 1.0243e+01 5.3470e+00 2.1302e+03
7.4429e-03 2.1853e+00 -1.1897e-01 1.3734e+00 9.5864e-01 1.9545e+01 3.3349e+01 1.5232e+01 6.2556e-01 -8.9844e+00 1.0726e+01 5.6067e+00 2.1364e+03
7.6166e-03 2.3494e+00 -1.1913e-01 1.4937e+00 1.0349e+00 2.0405e+01 3.4607e+01 1.5893e+01 6.8589e-01 -9.3395e+00 1.1232e+01 5.8791e+00 2.1423e+03
7.7944e-03 2.5249e+00 -1.1843e-01 1.6243e+00 1.1170e+00 2.1302e+01 3.5901e+01 1.6580e+01 7.5187e-01 -9.7058e+00 1.1762e+01 6.1649e+00 2.1481e+03
7.9763e-03 2.7124e+00 -1.1673e-01 1.7660e+00 1.2051e+00 2.2235e+01 3.7234e+01 1.7295e+01 8.2399e-01 -1.0083e+01 1.2316e+01 6.4645e+00 2.1537e+03
8.1625e-03 2.9127e+00 -1.1388e-01 1.9198e+00 1.2998e+00 2.3206e+01 3.8604e+01 1.8038e+01 9.0282e-01 -1.0472e+01 1.2897e+01 6.7788e+00 2.1591e+03
8.3530e-03 3.1265e+00 -1.0971e-01 2.0865e+00 1.4014e+00 2.4216e+01 4.0012e+01 1.8810e+01 9.8893e-01 -1.0873e+01 1.3504e+01 7.1085e+00 2.1643e+03
8.5480e-03 3.3545e+00 -1.0402e-01 2.2674e+00 1.5104e+00 2.5267e+01 4.1458e+01 1.9612e+01 1.0830e+00 -1.1285e+01 1.4141e+01 7.4541e+00 2.1693e+03
8.7475e-03 3.5976e+00 -9.6604e-02 2.4636e+00 1.6274e+00 2.6360e+01 4.2943e+01 2.0444e+01 1.1857e+00 -1.1709e+01 1.4807e+01 7.8167e+00 2.1742e+03
8.9517e-03 3.8567e+00 -8.7248e-02 2.6762e+00 1.7527e+00 2.7496e+01 4.4466e+01 2.1309e+01 1.2977e+00 -1.2144e+01 1.5505e+01 8.1968e+00 2.1789e+03
9.1606e-03 4.1329e+00 -7.5719e-02 2.9066e+00 1.8871e+00 2.8678e+01 4.6028e+01 2.2207e+01 1.4200e+00 -1.2591e+01 1.6235e+01 8.5955e+00 2.1835e+03
9.3744e-03 4.4268e+00 -6.1722e-02 3.1562e+00 2.0311e+00 2.9906e+01 4.7628e+01 2.3139e+01 1.5533e+00 -1.3049e+01 1.7000e+01 9.0135e+00 2.1879e+03
9.5932e-03 4.7394e+00 -4.4959e-02 3.4266e+00 2.1852e+00 3.1181e+01 4.9266e+01 2.4106e+01 1.6986e+00 -1.3518e+01 1.7800e+01 9.4517e+00 2.1921e+03
9.8171e-03 5.0716e+00 -2.5105e-02 3.7194e+00 2.3500e+00 3.2506e+01 5.0942e+01 2.5109e+01 1.8570e+00 -1.3999e+01 1.8638e+01 9.9112e+00 2.1962e+03
1.0046e-02 5.4246e+00 -1.8067e-03 4.0364e+00 2.5263e+00 3.3881e+01 5.2655e+01 2.6149e+01 2.0294e+00 -1.4490e+01 1.9515e+01 1.0393e+01 2.2002e+03
1.0281e-02 5.7993e+00 2.5319e-02 4.3794e+00 2.7147e+00 3.5309e+01 5.4406e+01 2.7226e+01 2.2172e+00 -1.4992e+01 2.0433e+01 1.0898e+01 2.2039e+03
1.0521e-02 6.1974e+00 5.6656e-02 4.7506e+00 2.9161e+00 3.6791e+01 5.6194e+01 2.8343e+01 2.4216e+00 -1.5504e+01 2.1394e+01 1.1427e+01 2.2076e+03
1.0766e-02 6.6195e+00 9.2679e-02 5.1520e+00 3.1311e+00 3.8328e+01 5.8017e+01 2.9500e+01 2.6439e+00 -1.6027e+01 2.2400e+01 1.1982e+01 2.2111e+03
1.1018e-02 7.0666e+00 1.3388e-01 5.5861e+00 3.3606e+00 3.9922e+01 5.9876e+01 3.0698e+01 2.8855e+00 -1.6558e+01 2.3453e+01 1.2563e+01 2.2145e+03
1.1275e-02 7.5401e+00 1.8077e-01 6.0552e+00 3.6053e+00 4.1575e+01 6.1769e+01 3.1937e+01 3.1482e+00 -1.7099e+01 2.4555e+01 1.3173e+01 2.2177e+03
1.1538e-02 8.0410e+00 2.3392e-01 6.5622e+00 3.8660e+00 4.3288e+01 6.3696e+01 3.3220e+01 3.4335e+00 -1.7648e+01 2.5708e+01 1.3811e+01 2.2208e+03
1.1807e-02 8.5706e+00 2.9393e-01 7.1097e+00 4.1438e+00 4.5062e+01 6.5656e+01 3.4546e+01 3.7432e+00 -1.8204e+01 2.6915e+01 1.4479e+01 2.2238e+03
1.2083e-02 9.1307e+00 3.6142e-01 7.7009e+00 4.4396e+00 4.6901e+01 6.7647e+01 3.5918e+01 4.0793e+00 -1.8768e+01 2.8178e+01 1.5180e+01 2.2266e+03
1.2365e-02 9.7224e+00 4.3710e-01 8.3390e+00 4.7544e+00 4.8804e+01 6.9669e+01 3.7336e+01 4.4438e+00 -1.9338e+01 2.9499e+01 1.5913e+01 2.2294e+03
1.2653e-02 1.0347e+01 5.2170e-01 9.0275e+00 5.0891e+00 5.0774e+01 7.1719e+01 3.8801e+01 4.8388e+00 -1.9912e+01 3.0881e+01 1.6681e+01 2.2319e+03
1.2949e-02 1.1005e+01 6.1600e-01 9.7700e+00 5.4447e+00 5.2812e+01 7.3797e+01 4.0313e+01 5.2668e+00 -2.0491e+01 3.2328e+01 1.7485e+01 2.2344e+03
1.3251e-02 1.1697e+01 7.2083e-01 1.0570e+01 5.8223e+00 5.4919e+01 7.5901e+01 4.1874e+01 5.7302e+00 -2.1074e+01 3.3841e+01 1.8326e+01 2.2368e+03
1.3560e-02 1.2427e+01 8.3706e-01 1.1433e+01 6.2229e+00 5.7097e+01 7.8030e+01 4.3485e+01 6.2317e+00 -2.1658e+01 3.5423e+01 1.9207e+01 2.2390e+03
1.3877e-02 1.3194e+01 9.6563e-01 1.2362e+01 6.6478e+00 5.9348e+01 8.0181e+01 4.5146e+01 6.7739e+00 -2.2242e+01 3.7078e+01 2.0128e+01 2.2412e+03
1.4201e-02 1.4002e+01 1.1075e+00 1.3362e+01 7.0983e+00 6.1674e+01 8.2353e+01 4.6859e+01 7.3600e+00 -2.2826e+01 3.8809e+01 2.1092e+01 2.2432e+03
1.4532e-02 1.4850e+01 1.2637e+00 1.4438e+01 7.5753e+00 6.4075e+01 8.4544e+01 4.8625e+01 7.9929e+00 -2.3408e+01 4.0619e+01 2.2099e+01 2.2451e+03
1.4871e-02 1.5739e+01 1.4353e+00 1.5596e+01 8.0800e+00 6.6553e+01 8.6753e+01 5.0443e+01 8.6761e+00 -2.3986e+01 4.2511e+01 2.3152e+01 2.2469e+03
1.5218e-02 1.6671e+01 1.6235e+00 1.6840e+01 8.6136e+00 6.9109e+01 8.8976e+01 5.2314e+01 9.4129e+00 -2.4559e+01 4.4488e+01 2.4253e+01 2.2486e+03
1.5573e-02 1.7647e+01 1.8293e+00 1.8177e+01 9.1773e+00 7.1745e+01 9.1212e+01 5.4239e+01 1.0207e+01 -2.5124e+01 4.6556e+01 2.5403e+01 2.2501e+03
1.5937e-02 1.8668e+01 2.0540e+00 1.9613e+01 9.7723e+00 7.4461e+01 9.3460e+01 5.6218e+01 1.1063e+01 -2.5680e+01 4.8716e+01 2.6604e+01 2.2516e+03
1.6309e-02 1.9738e+01 2.2990e+00 2.1154e+01 1.0401e+01 7.7261e+01 9.5716e+01 5.8255e+01 1.1983e+01 -2.6225e+01 5.0974e+01 2.7858e+01 2.2530e+03
1.6690e-02 2.0856e+01 2.5655e+00 2.2807e+01 1.1063e+01 8.0145e+01 9.7979e+01 6.0349e+01 1.2974e+01 -2.6757e+01 5.3332e+01 2.9167e+01 2.2543e+03
1.7079e-02 2.2022e+01 2.8547e+00 2.4580e+01 1.1761e+01 8.3112e+01 1.0025e+02 6.2498e+01 1.4039e+01 -2.7273e+01 5.5796e+01 3.0533e+01 2.2554e+03
1.7478e-02 2.3238e+01 3.1680e+00 2.6480e+01 1.2494e+01 8.6165e+01 1.0252e+02 6.4703e+01 1.5182e+01 -2.7772e+01 5.8369e+01 3.1957e+01 2.2565e+03
1.7886e-02 2.4505e+01 3.5067e+00 2.8514e+01 1.3266e+01 8.9303e+01 1.0479e+02 6.6965e+01 1.6410e+01 -2.8251e+01 6.1056e+01 3.3441e+01 2.2575e+03
1.8303e-02 2.5822e+01 3.8722e+00 3.0692e+01 1.4075e+01 9.2529e+01 1.0706e+02 6.9284e+01 1.7726e+01 -2.8708e+01 6.3861e+01 3.4988e+01 2.2583e+03
1.8730e-02 2.7195e+01 4.2662e+00 3.3021e+01 1.4926e+01 9.5844e+01 1.0932e+02 7.1663e+01 1.9136e+01 -2.9140e+01 6.6788e+01 3.6599e+01 2.2591e+03
1.9167e-02 2.8622e+01 4.6900e+00 3.5511e+01 1.5819e+01 9.9249e+01 1.1158e+02 7.4101e+01 2.0645e+01 -2.9544e+01 6.9843e+01 3.8276e+01 2.2598e+03
1.9615e-02 3.0104e+01 5.1446e+00 3.8170e+01 1.6753e+01 1.0274e+02 1.1383e+02 7.6596e+01 2.2260e+01 -2.9919e+01 7.3029e+01 4.0020e+01 2.2604e+03
2.0073e-02 3.1639e+01 5.6315e+00 4.1008e+01 1.7731e+01 1.0633e+02 1.1607e+02 7.9150e+01 2.3985e+01 -3.0262e+01 7.6353e+01 4.1835e+01 2.2609e+03
2.0541e-02 3.3230e+01 6.1519e+00 4.4035e+01 1.8753e+01 1.1000e+02 1.1830e+02 8.1760e+01 2.5826e+01 -3.0570e+01 7.9817e+01 4.3720e+01 2.2613e+03
2.1021e-02 3.4875e+01 6.7069e+00 4.7262e+01 1.9820e+01 1.1377e+02 1.2051e+02 8.4429e+01 2.7790e+01 -3.0841e+01 8.3429e+01 4.5679e+01 2.2616e+03
2.1511e-02 3.6579e+01 7.2983e+00 5.0698e+01 2.0933e+01 1.1762e+02 1.2271e+02 8.7156e+01 2.9883e+01 -3.1072e+01 8.7192e+01 4.7712e+01 2.2618e+03
2.2013e-02 3.8344e+01 7.9278e+00 5.4354e+01 2.2095e+01 1.2157e+02 1.2490e+02 8.9944e+01 3.2110e+01 -3.1261e+01 9.1111e+01 4.9822e+01 2.2619e+03
2.2527e-02 4.0166e+01 8.5955e+00 5.8240e+01 2.3305e+01 1.2561e+02 1.2706e+02 9.2790e+01 3.4477e+01 -3.1405e+01 9.5192e+01 5.2009e+01 2.2619e+03
2.3053e-02 4.2044e+01 9.3023e+00 6.2367e+01 2.4563e+01 1.2975e+02 1.2921e+02 9.5693e+01 3.6992e+01 -3.1502e+01 9.9439e+01 5.4275e+01 2.2618e+03
2.3591e-02 4.3979e+01 1.0049e+01 6.6746e+01 2.5869e+01 1.3397e+02 1.3133e+02 9.8653e+01 3.9659e+01 -3.1550e+01 1.0386e+02 5.6621e+01 2.2616e+03
2.4142e-02 4.5971e+01 1.0837e+01 7.1389e+01 2.7225e+01 1.3829e+02 1.3343e+02 1.0167e+02 4.2485e+01 -3.1546e+01 1.0845e+02 5.9050e+01 2.2614e+03
2.4705e-02 4.8019e+01 1.1666e+01 7.6306e+01 2.8630e+01 1.4270e+02 1.3551e+02 1.0474e+02 4.5477e+01 -3.1489e+01 1.1323e+02 6.1560e+01 2.2610e+03
2.5282e-02 5.0137e+01 1.2540e+01 8.1508e+01 3.0089e+01 1.4720e+02 1.3756e+02 1.0787e+02 4.8641e+01 -3.1377e+01 1.1819e+02 6.4155e+01 2.2605e+03
2.5872e-02 5.2311e+01 1.3457e+01 8.7008e+01 3.1598e+01 1.5179e+02 1.3958e+02 1.1106e+02 5.1983e+01 -3.1207e+01 1.2334e+02 6.6834e+01 2.2600e+03
2.6476e-02 5.4543e+01 1.4417e+01 9.2817e+01 3.3158e+01 1.5648e+02 1.4158e+02 1.1431e+02 5.5508e+01 -3.0979e+01 1.2870e+02 6.9598e+01 2.2593e+03
2.7094e-02 5.6832e+01 1.5420e+01 9.8947e+01 3.4768e+01 1.6126e+02 1.4354e+02 1.1761e+02 5.9224e+01 -3.0691e+01 1.3425e+02 7.2448e+01 2.2585e+03
2.7726e-02 5.9178e+01 1.6465e+01 1.0541e+02 3.6428e+01 1.6612e+02 1.4547e+02 1.2096e+02 6.3135e+01 -3.0341e+01 1.4001e+02 7.5384e+01 2.2577e+03
2.8373e-02 6.1581e+01 1.7554e+01 1.1222e+02 3.8138e+01 1.7108e+02 1.4737e+02 1.2437e+02 6.7249e+01 -2.9929e+01 1.4598e+02 7.8407e+01 2.2567e+03
2.9035e-02 6.4053e+01 1.8689e+01 1.1938e+02 3.9902e+01 1.7612e+02 1.4924e+02 1.2784e+02 7.1569e+01 -2.9454e+01 1.5217e+02 8.1517e+01 2.2556e+03
2.9713e-02 6.6588e+01 1.9867e+01 1.2690e+02 4.1717e+01 1.8126e+02 1.5107e+02 1.3136e+02 7.6102e+01 -2.8916e+01 1.5858e+02 8.4714e+01 2.2544e+03
3.0406e-02 6.9182e+01 2.1087e+01 1.3480e+02 4.3582e+01 1.8648e+02 1.5286e+02 1.3494e+02 8.0851e+01 -2.8314e+01 1.6521e+02 8.7998e+01 2.2532e+03
3.1116e-02 7.1836e+01 2.2348e+01 1.4309e+02 4.5495e+01 1.9180e+02 1.5460e+02 1.3857e+02 8.5823e+01 -2.7648e+01 1.7207e+02 9.1369e+01 2.2518e+03
3.1842e-02 7.4549e+01 2.3649e+01 1.5178e+02 4.7457e+01 1.9720e+02 1.5630e+02 1.4225e+02 9.1020e+01 -2.6918e+01 1.7917e+02 9.4826e+01 2.2502e+03
3.2586e-02 7.7322e+01 2.4989e+01 1.6087e+02 4.9467e+01 2.0269e+02 1.5795e+02 1.4598e+02 9.6448e+01 -2.6123e+01 1.8651e+02 9.8370e+01 2.2486e+03
3.3346e-02 8.0164e+01 2.6370e+01 1.7037e+02 5.1528e+01 2.0826e+02 1.5954e+02 1.4977e+02 1.0211e+02 -2.5264e+01 1.9408e+02 1.0200e+02 2.2469e+03
3.4124e-02 8.3081e+01 2.7794e+01 1.8030e+02 5.3641e+01 2.1392e+02 1.6107e+02 1.5361e+02 1.0801e+02 -2.4341e+01 2.0191e+02 1.0572e+02 2.2450e+03
3.4921e-02 8.6064e+01 2.9255e+01 1.9066e+02 5.5802e+01 2.1967e+02 1.6253e+02 1.5751e+02 1.1415e+02 -2.3353e+01 2.0998e+02 1.0952e+02 2.2431e+03
3.5736e-02 8.9113e+01 3.0753e+01 2.0146e+02 5.8011e+01 2.2550e+02 1.6392e+02 1.6145e+02 1.2053e+02 -2.2300e+01 2.1830e+02 1.1341e+02 2.2410e+03
3.6570e-02 9.2230e+01 3.2288e+01 2.1271e+02 6.0268e+01 2.3142e+02 1.6523e+02 1.6545e+02 1.2717e+02 -2.1181e+01 2.2688e+02 1.1738e+02 2.2387e+03
3.7424e-02 9.5417e+01 3.3859e+01 2.2442e+02 6.2575e+01 2.3742e+02 1.6645e+02 1.6950e+02 1.3406e+02 -1.9994e+01 2.3572e+02 1.2144e+02 2.2364e+03
3.8297e-02 9.8678e+01 3.5468e+01 2.3659e+02 6.4932e+01 2.4350e+02 1.6756e+02 1.7360e+02 1.4120e+02 -1.8738e+01 2.4483e+02 1.2559e+02 2.2339e+03
3.9191e-02 1.0203e+02 3.7122e+01 2.4924e+02 6.7346e+01 2.4966e+02 1.6857e+02 1.7775e+02 1.4861e+02 -1.7410e+01 2.5420e+02 1.2983e+02 2.2313e+03
4.0106e-02 1.0546e+02 3.8815e+01 2.6237e+02 6.9813e+01 2.5589e+02 1.6946e+02 1.8195e+02 1.5628e+02 -1.6007e+01 2.6384e+02 1.3415e+02 2.2285e+03
4.1042e-02 1.0897e+02 4.0549e+01 2.7600e+02 7.2335e+01 2.6221e+02 1.7022e+02 1.8620e+02 1.6423e+02 -1.4523e+01 2.7376e+02 1.3857e+02 2.2256e+03
4.2000e-02 1.1256e+02 4.2326e+01 2.9013e+02 7.4914e+01 2.6861e+02 1.7083e+02 1.9049e+02 1.7246e+02 -1.2955e+01 2.8396e+02 1.4308e+02 2.2226e+03
4.2980e-02 1.1624e+02 4.4150e+01 3.0479e+02 7.7553e+01 2.7509e+02 1.7129e+02 1.9483e+02 1.8098e+02 -1.1294e+01 2.9444e+02 1.4768e+02 2.2194e+03
4.3983e-02 1.2000e+02 4.6023e+01 3.1997e+02 8.0255e+01 2.8164e+02 1.7158e+02 1.9922e+02 1.8979e+02 -9.5341e+00 3.0521e+02 1.5238e+02 2.2161e+03
4.5010e-02 1.2386e+02 4.7958e+01 3.3570e+02 8.3027e+01 2.8824e+02 1.7168e+02 2.0364e+02 1.9891e+02 -7.6643e+00 3.1627e+02 1.5719e+02 2.2126e+03
4.6060e-02 1.2781e+02 4.9956e+01 3.5199e+02 8.5872e+01 2.9491e+02 1.7160e+02 2.0810e+02 2.0835e+02 -5.6739e+00 3.2762e+02 1.6210e+02 2.2089e+03
4.7135e-02 1.3185e+02 5.2021e+01 3.6885e+02 8.8793e+01 3.0165e+02 1.7130e+02 2.1259e+02 2.1812e+02 -3.5500e+00 3.3928e+02 1.6712e+02 2.2051e+03
4.8235e-02 1.3599e+02 5.4161e+01 3.8632e+02 9.1797e+01 3.0846e+02 1.7079e+02 2.1712e+02 2.2823e+02 -1.2787e+00 3.5125e+02 1.7225e+02 2.2011e+03
4.9361e-02 1.4023e+02 5.6385e+01 4.0440e+02 9.4887e+01 3.1532e+02 1.7005e+02 2.2168e+02 2.3871e+02 1.1559e+00 3.6353e+02 1.7750e+02 2.1970e+03
5.0513e-02 1.4455e+02 5.8700e+01 4.2314e+02 9.8072e+01 3.2224e+02 1.6907e+02 2.2626e+02 2.4957e+02 3.7704e+00 3.7614e+02 1.8288e+02 2.1926e+03
5.1692e-02 1.4897e+02 6.1119e+01 4.4254e+02 1.0135e+02 3.2919e+02 1.6786e+02 2.3085e+02 2.6083e+02 6.5828e+00 3.8907e+02 1.8839e+02 2.1881e+03
5.2899e-02 1.5347e+02 6.3652e+01 4.6265e+02 1.0474e+02 3.3615e+02 1.6639e+02 2.3544e+02 2.7252e+02 9.6115e+00 4.0234e+02 1.9404e+02 2.1834e+03
5.4134e-02 1.5805e+02 6.6306e+01 4.8349e+02 1.0823e+02 3.4315e+02 1.6468e+02 2.4003e+02 2.8465e+02 1.2876e+01 4.1595e+02 1.9983e+02 2.1786e+03
5.5397e-02 1.6273e+02 6.9092e+01 5.0510e+02 1.1184e+02 3.5019e+02 1.6271e+02 2.4462e+02 2.9724e+02 1.6394e+01 4.2992e+02 2.0576e+02 2.1735e+03
5.6690e-02 1.6747e+02 7.2018e+01 5.2750e+02 1.1557e+02 3.5724e+02 1.6050e+02 2.4921e+02 3.1033e+02 2.0184e+01 4.4424e+02 2.1184e+02 2.1682e+03
5.8013e-02 1.7229e+02 7.5093e+01 5.5073e+02 1.1942e+02 3.6430e+02 1.5806e+02 2.5378e+02 3.2392e+02 2.4264e+01 4.5892e+02 2.1807e+02 2.1627e+03
5.9367e-02 1.7717e+02 7.8325e+01 5.7482e+02 1.2339e+02 3.7136e+02 1.5539e+02 2.5831e+02 3.3805e+02 2.8647e+01 4.7396e+02 2.2445e+02 2.1570e+03
6.0753e-02 1.8207e+02 8.1716e+01 5.9979e+02 1.2748e+02 3.7835e+02 1.5250e+02 2.6277e+02 3.5273e+02 3.3345e+01 4.8938e+02 2.3098e+02 2.1511e+03
6.2171e-02 1.8702e+02 8.5274e+01 6.2568e+02 1.3168e+02 3.8532e+02 1.4942e+02 2.6719e+02 3.6797e+02 3.8367e+01 5.0516e+02 2.3766e+02 2.1450e+03
6.3622e-02 1.9200e+02 8.8999e+01 6.5250e+02 1.3601e+02 3.9225e+02 1.4617e+02 2.7155e+02 3.8378e+02 4.3715e+01 5.2132e+02 2.4448e+02 2.1386e+03
6.5107e-02 1.9700e+02 9.2890e+01 6.8026e+02 1.4044e+02 3.9915e+02 1.4276e+02 2.7585e+02 4.0018e+02 4.9387e+01 5.3784e+02 2.5142e+02 2.1321e+03
6.6627e-02 2.0201e+02 9.6944e+01 7.0898e+02 1.4498e+02 4.0599e+02 1.3923e+02 2.8007e+02 4.1716e+02 5.5376e+01 5.5473e+02 2.5849e+02 2.1252e+03
6.8182e-02 2.0702e+02 1.0115e+02 7.3865e+02 1.4961e+02 4.1277e+02 1.3560e+02 2.8421e+02 4.3472e+02 6.1665e+01 5.7197e+02 2.6565e+02 2.1182e+03
6.9773e-02 2.1196e+02 1.0548e+02 7.6925e+02 1.5429e+02 4.1939e+02 1.3189e+02 2.8821e+02 4.5282e+02 6.8234e+01 5.8954e+02 2.7290e+02 2.1109e+03
7.1402e-02 2.1685e+02 1.0994e+02 8.0075e+02 1.5903e+02 4.2589e+02 1.2814e+02 2.9210e+02 4.7145e+02 7.5053e+01 6.0743e+02 2.8022e+02 2.1033e+03
7.3068e-02 2.2170e+02 1.1449e+02 8.3312e+02 1.6380e+02 4.3230e+02 1.2437e+02 2.9588e+02 4.9058e+02 8.2086e+01 6.2562e+02 2.8756e+02 2.0955e+03
7.4773e-02 2.2649e+02 1.1913e+02 8.6634e+02 1.6859e+02 4.3860e+02 1.2061e+02 2.9956e+02 5.1018e+02 8.9287e+01 6.4409e+02 2.9492e+02 2.0875e+03
7.6519e-02 2.3123e+02 1.2382e+02 9.0036e+02 1.7337e+02 4.4478e+02 1.1688e+02 3.0312e+02 5.3019e+02 9.6606e+01 6.6284e+02 3.0225e+02 2.0792e+03
7.8305e-02 2.3589e+02 1.2853e+02 9.3510e+02 1.7811e+02 4.5084e+02 1.1319e+02 3.0657e+02 5.5057e+02 1.0399e+02 6.8182e+02 3.0953e+02 2.0706e+03
8.0132e-02 2.4041e+02 1.3321e+02 9.7047e+02 1.8276e+02 4.5670e+02 1.0955e+02 3.0986e+02 5.7123e+02 1.1136e+02 7.0099e+02 3.1672e+02 2.0618e+03
8.2003e-02 2.4480e+02 1.3782e+02 1.0064e+03 1.8730e+02 4.6235e+02 1.0596e+02 3.1300e+02 5.9211e+02 1.1869e+02 7.2031e+02 3.2378e+02 2.0527e+03
8.3917e-02 2.4910e+02 1.4236e+02 1.0427e+03 1.9172e+02 4.6786e+02 1.0242e+02 3.1603e+02 6.1314e+02 1.2589e+02 7.3976e+02 3.3070e+02 2.0433e+03
8.5875e-02 2.5331e+02 1.4679e+02 1.0793e+03 1.9600e+02 4.7323e+02 9.8917e+01 3.1897e+02 6.3423e+02 1.3293e+02 7.5928e+02 3.3746e+02 2.0337e+03
8.7880e-02 2.5744e+02 1.5108e+02 1.1162e+03 2.0013e+02 4.7845e+02 9.5426e+01 3.2180e+02 6.5534e+02 1.3977e+02 7.7885e+02 3.4402e+02 2.0238e+03
8.9931e-02 2.6148e+02 1.5524e+02 1.1533e+03 2.0410e+02 4.8354e+02 9.1923e+01 3.2455e+02 6.7642e+02 1.4638e+02 7.9845e+02 3.5038e+02 2.0137e+03
9.2030e-02 2.6543e+02 1.5922e+02 1.1904e+03 2.0790e+02 4.8846e+02 8.8377e+01 3.2720e+02 6.9742e+02 1.5275e+02 8.1805e+02 3.5654e+02 2.0033e+03
9.4178e-02 2.6918e+02 1.6300e+02 1.2276e+03 2.1148e+02 4.9310e+02 8.4752e+01 3.2969e+02 7.1833e+02 1.5888e+02 8.3764e+02 3.6251e+02 1.9926e+03
9.6376e-02 2.7287e+02 1.6663e+02 1.2649e+03 2.1491e+02 4.9760e+02 8.1014e+01 3.3212e+02 7.3916e+02 1.6481e+02 8.5722e+02 3.6830e+02 1.9817e+03
9.8625e-02 2.7651e+02 1.7012e+02 1.3021e+03 2.1822e+02 5.0196e+02 7.7129e+01 3.3448e+02 7.5994e+02 1.7058e+02 8.7679e+02 3.7395e+02 1.9705e+03
1.0093e-01 2.8010e+02 1.7353e+02 1.3396e+03 2.2144e+02 5.0619e+02 7.3067e+01 3.3678e+02 7.8071e+02 1.7625e+02 8.9636e+02 3.7947e+02 1.9591e+03
1.0328e-01 2.8366e+02 1.7687e+02 1.3771e+03 2.2459e+02 5.1029e+02 6.8807e+01 3.3902e+02 8.0155e+02 1.8190e+02 9.1598e+02 3.8492e+02 1.9474e+03
1.0569e-01 2.8717e+02 1.8020e+02 1.4150e+03 2.2773e+02 5.1425e+02 6.4337e+01 3.4119e+02 8.2254e+02 1.8763e+02 9.3567e+02 3.9033e+02 1.9354e+03
1.0816e-01 2.9048e+02 1.8348e+02 1.4533e+03 2.3080e+02 5.1790e+02 5.9655e+01 3.4319e+02 8.4380e+02 1.9353e+02 9.5548e+02 3.9576e+02 1.9232e+03
1.1068e-01 2.9371e+02 1.8684e+02 1.4922e+03 2.3391e+02 5.2137e+02 5.4776e+01 3.4509e+02 8.6542e+02 1.9970e+02 9.7544e+02 4.0123e+02 1.9108e+03
1.1327e-01 2.9689e+02 1.9031e+02 1.5317e+03 2.3710e+02 5.2468e+02 4.9725e+01 3.4689e+02 8.8750e+02 2.0621e+02 9.9558e+02 4.0679e+02 1.8981e+03
1.1591e-01 3.0002e+02 1.9394e+02 1.5720e+03 2.4040e+02 5.2783e+02 4.4543e+01 3.4859e+02 9.1012e+02 2.1313e+02 1.0159e+03 4.1244e+02 1.8851e+03
1.1862e-01 3.0306e+02 1.9774e+02 1.6132e+03 2.4382e+02 5.3080e+02 3.9279e+01 3.5016e+02 9.3332e+02 2.2048e+02 1.0365e+03 4.1820e+02 1.8719e+03
1.2139e-01 3.0603e+02 2.0172e+02 1.6553e+03 2.4735e+02 5.3359e+02 3.3994e+01 3.5159e+02 9.5712e+02 2.2826e+02 1.0574e+03 4.2404e+02 1.8584e+03
1.2422e-01 3.0876e+02 2.0580e+02 1.6983e+03 2.5090e+02 5.3606e+02 2.8748e+01 3.5278e+02 9.8149e+02 2.3642e+02 1.0784e+03 4.2993e+02 1.8447e+03
1.2712e-01 3.1127e+02 2.0996e+02 1.7420e+03 2.5445e+02 5.3822e+02 2.3603e+01 3.5375e+02 1.0063e+03 2.4487e+02 1.0996e+03 4.3581e+02 1.8307e+03
1.3009e-01 3.1365e+02 2.1419e+02 1.7864e+03 2.5800e+02 5.4016e+02 1.8611e+01 3.5455e+02 1.0315e+03 2.5348e+02 1.1209e+03 4.4162e+02 1.8164e+03
1.3312e-01 3.1589e+02 2.1841e+02 1.8311e+03 2.6148e+02 5.4188e+02 1.3814e+01 3.5516e+02 1.0569e+03 2.6210e+02 1.1422e+03 4.4726e+02 1.8019e+03
1.3623e-01 3.1799e+02 2.2254e+02 1.8759e+03 2.6482e+02 5.4338e+02 9.2368e+00 3.5559e+02 1.0822e+03 2.7055e+02 1.1633e+03 4.5265e+02 1.7870e+03
1.3941e-01 3.1994e+02 2.2651e+02 1.9205e+03 2.6796e+02 5.4466e+02 4.8838e+00 3.5585e+02 1.1072e+03 2.7866e+02 1.1843e+03 4.5770e+02 1.7720e+03
1.4266e-01 3.2170e+02 2.3020e+02 1.9646e+03 2.7081e+02 5.4567e+02 7.3944e-01 3.5592e+02 1.1318e+03 2.8629e+02 1.2049e+03 4.6235e+02 1.7567e+03
1.4599e-01 3.2313e+02 2.3351e+02 2.0079e+03 2.7325e+02 5.4630e+02 -3.2300e+00 3.5575e+02 1.1557e+03 2.9331e+02 1.2251e+03 4.6655e+02 1.7411e+03
1.4940e-01 3.2445e+02 2.3647e+02 2.0503e+03 2.7538e+02 5.4674e+02 -7.0739e+00 3.5545e+02 1.1789e+03 2.9969e+02 1.2448e+03 4.7028e+02 1.7253e+03
1.5289e-01 3.2566e+02 2.3911e+02 2.0917e+03 2.7718e+02 5.4698e+02 -1.0851e+01 3.5505e+02 1.2014e+03 3.0543e+02 1.2641e+03 4.7357e+02 1.7093e+03
1.5645e-01 3.2678e+02 2.4144e+02 2.1321e+03 2.7872e+02 5.4705e+02 -1.4620e+01 3.5455e+02 1.2231e+03 3.1061e+02 1.2829e+03 4.7646e+02 1.6931e+03
1.6011e-01 3.2782e+02 2.4354e+02 2.1716e+03 2.8004e+02 5.4695e+02 -1.8432e+01 3.5398e+02 1.2443e+03 3.1539e+02 1.3012e+03 4.7904e+02 1.6766e+03
1.6384e-01 3.2879e+02 2.4549e+02 2.2105e+03 2.8124e+02 5.4669e+02 -2.2321e+01 3.5334e+02 1.2650e+03 3.1995e+02 1.3193e+03 4.8140e+02 1.6600e+03
1.6767e-01 3.2943e+02 2.4727e+02 2.2491e+03 2.8225e+02 5.4604e+02 -2.6297e+01 3.5249e+02 1.2857e+03 3.2449e+02 1.3371e+03 4.8366e+02 1.6433e+03
1.7158e-01 3.2996e+02 2.4908e+02 2.2879e+03 2.8328e+02 5.4520e+02 -3.0347e+01 3.5154e+02 1.3065e+03 3.2922e+02 1.3549e+03 4.8590e+02 1.6263e+03
1.7559e-01 3.3039e+02 2.5099e+02 2.3270e+03 2.8439e+02 5.4417e+02 -3.4433e+01 3.5050e+02 1.3276e+03 3.3425e+02 1.3727e+03 4.8817e+02 1.6092e+03
1.7968e-01 3.3070e+02 2.5305e+02 2.3665e+03 2.8560e+02 5.4295e+02 -3.8497e+01 3.4933e+02 1.3490e+03 3.3966e+02 1.3906e+03 4.9051e+02 1.5918e+03
1.8388e-01 3.3086e+02 2.5523e+02 2.4065e+03 2.8689e+02 5.4152e+02 -4.2471e+01 3.4803e+02 1.3709e+03 3.4542e+02 1.4085e+03 4.9287e+02 1.5744e+03
1.8817e-01 3.3086e+02 2.5750e+02 2.4468e+03 2.8821e+02 5.3988e+02 -4.6287e+01 3.4658e+02 1.3929e+03 3.5138e+02 1.4264e+03 4.9520e+02 1.5567e+03
1.9256e-01 3.3053e+02 2.5967e+02 2.4872e+03 2.8939e+02 5.3787e+02 -4.9891e+01 3.4490e+02 1.4150e+03 3.5735e+02 1.4442e+03 4.9737e+02 1.5388e+03
1.9706e-01 3.2991e+02 2.6166e+02 2.5272e+03 2.9035e+02 5.3556e+02 -5.3253e+01 3.4300e+02 1.4368e+03 3.6307e+02 1.4616e+03 4.9926e+02 1.5208e+03
2.0166e-01 3.2913e+02 2.6338e+02 2.5663e+03 2.9106e+02 5.3303e+02 -5.6371e+01 3.4096e+02 1.4578e+03 3.6831e+02 1.4785e+03 5.0076e+02 1.5027e+03
2.0636e-01 3.2819e+02 2.6477e+02 2.6040e+03 2.9144e+02 5.3031e+02 -5.9273e+01 3.3879e+02 1.4780e+03 3.7289e+02 1.4948e+03 5.0179e+02 1.4843e+03
2.1118e-01 3.2713e+02 2.6577e+02 2.6402e+03 2.9147e+02 5.2741e+02 -6.2008e+01 3.3651e+02 1.4971e+03 3.7675e+02 1.5104e+03 5.0232e+02 1.4659e+03
2.1611e-01 3.2596e+02 2.6642e+02 2.6749e+03 2.9118e+02 5.2435e+02 -6.4636e+01 3.3416e+02 1.5152e+03 3.7992e+02 1.5252e+03 5.0241e+02 1.4474e+03
2.2115e-01 3.2465e+02 2.6674e+02 2.7082e+03 2.9061e+02 5.2108e+02 -6.7211e+01 3.3170e+02 1.5325e+03 3.8257e+02 1.5395e+03 5.0213e+02 1.4287e+03
2.2631e-01 3.2309e+02 2.6680e+02 2.7404e+03 2.8980e+02 5.1754e+02 -6.9771e+01 3.2910e+02 1.5491e+03 3.8492e+02 1.5532e+03 5.0160e+02 1.4100e+03
2.3160e-01 3.2148e+02 2.6682e+02 2.7721e+03 2.8895e+02 5.1387e+02 -7.2326e+01 3.2645e+02 1.5655e+03 3.8721e+02 1.5667e+03 5.0095e+02 1.3912e+03
2.3700e-01 3.1982e+02 2.6688e+02 2.8035e+03 2.8815e+02 5.1008e+02 -7.4856e+01 3.2374e+02 1.5819e+03 3.8963e+02 1.5799e+03 5.0027e+02 1.3723e+03
2.4253e-01 3.1809e+02 2.6706e+02 2.8349e+03 2.8743e+02 5.0616e+02 -7.7318e+01 3.2096e+02 1.5983e+03 3.9226e+02 1.5931e+03 4.9959e+02 1.3534e+03
2.4819e-01 3.1628e+02 2.6732e+02 2.8662e+03 2.8679e+02 5.0210e+02 -7.9658e+01 3.1809e+02 1.6149e+03 3.9504e+02 1.6062e+03 4.9887e+02 1.3344e+03
2.5399e-01 3.1437e+02 2.6759e+02 2.8973e+03 2.8613e+02 4.9791e+02 -8.1827e+01 3.1513e+02 1.6313e+03 3.9780e+02 1.6190e+03 4.9803e+02 1.3153e+03
2.5991e-01 3.1211e+02 2.6763e+02 2.9277e+03 2.8523e+02 4.9338e+02 -8.3798e+01 3.1196e+02 1.6471e+03 4.0031e+02 1.6314e+03 4.9695e+02 1.2962e+03
2.6598e-01 3.0973e+02 2.6745e+02 2.9569e+03 2.8413e+02 4.8871e+02 -8.5574e+01 3.0870e+02 1.6622e+03 4.0235e+02 1.6432e+03 4.9553e+02 1.2770e+03
2.7219e-01 3.0725e+02 2.6697e+02 2.9845e+03 2.8275e+02 4.8391e+02 -8.7183e+01 3.0537e+02 1.6763e+03 4.0381e+02 1.6543e+03 4.9373e+02 1.2578e+03
2.7854e-01 3.0468e+02 2.6619e+02 3.0105e+03 2.8111e+02 4.7900e+02 -8.8671e+01 3.0197e+02 1.6894e+03 4.0471e+02 1.6646e+03 4.9155e+02 1.2386e+03
2.8504e-01 3.0203e+02 2.6516e+02 3.0351e+03 2.7927e+02 4.7398e+02 -9.0077e+01 2.9853e+02 1.7017e+03 4.0518e+02 1.6744e+03 4.8908e+02 1.2194e+03
2.9170e-01 2.9932e+02 2.6401e+02 3.0586e+03 2.7732e+02 4.6887e+02 -9.1427e+01 2.9506e+02 1.7135e+03 4.0542e+02 1.6836e+03 4.8643e+02 1.2002e+03
2.9850e-01 2.9640e+02 2.6275e+02 3.0813e+03 2.7528e+02 4.6355e+02 -9.2722e+01 2.9148e+02 1.7249e+03 4.0561e+02 1.6926e+03 4.8368e+02 1.1810e+03
3.0547e-01 2.9335e+02 2.6149e+02 3.1036e+03 2.7323e+02 4.5810e+02 -9.3940e+01 2.8783e+02 1.7362e+03 4.0584e+02 1.7013e+03 4.8089e+02 1.1618e+03
3.1260e-01 2.9025e+02 2.6026e+02 3.1255e+03 2.7121e+02 4.5256e+02 -9.5045e+01 2.8413e+02 1.7473e+03 4.0608e+02 1.7097e+03 4.7801e+02 1.1427e+03
3.1990e-01 2.8710e+02 2.5899e+02 3.1467e+03 2.6915e+02 4.4695e+02 -9.6009e+01 2.8039e+02 1.7579e+03 4.0617e+02 1.7178e+03 4.7500e+02 1.1236e+03
3.2736e-01 2.8390e+02 2.5759e+02 3.1668e+03 2.6698e+02 4.4126e+02 -9.6824e+01 2.7661e+02 1.7680e+03 4.0597e+02 1.7253e+03 4.7176e+02 1.1045e+03
3.3500e-01 2.8066e+02 2.5601e+02 3.1856e+03 2.6466e+02 4.3552e+02 -9.7508e+01 2.7280e+02 1.7772e+03 4.0536e+02 1.7323e+03 4.6827e+02 1.0855e+03
3.4282e-01 2.7731e+02 2.5420e+02 3.2029e+03 2.6214e+02 4.2967e+02 -9.8085e+01 2.6893e+02 1.7855e+03 4.0435e+02 1.7385e+03 4.6451e+02 1.0665e+03
3.5082e-01 2.7380e+02 2.5219e+02 3.2189e+03 2.5943e+02 4.2368e+02 -9.8582e+01 2.6498e+02 1.7932e+03 4.0305e+02 1.7443e+03 4.6056e+02 1.0477e+03
3.5901e-01 2.7026e+02 2.5010e+02 3.2339e+03 2.5668e+02 4.1764e+02 -9.9009e+01 2.6103e+02 1.8004e+03 4.0158e+02 1.7496e+03 4.5648e+02 1.0289e+03
3.6739e-01 2.6670e+02 2.4799e+02 3.2481e+03 2.5391e+02 4.1156e+02 -9.9364e+01 2.5706e+02 1.8072e+03 4.0004e+02 1.7546e+03 4.5233e+02 1.0102e+03
3.7597e-01 2.6310e+02 2.4588e+02 3.2616e+03 2.5115e+02 4.0545e+02 -9.9631e+01 2.5308e+02 1.8137e+03 3.9844e+02 1.7592e+03 4.4809e+02 9.9159e+02
3.8474e-01 2.5948e+02 2.4372e+02 3.2742e+03 2.4836e+02 3.9931e+02 -9.9794e+01 2.4909e+02 1.8197e+03 3.9668e+02 1.7635e+03 4.4375e+02 9.7308e+02
3.9372e-01 2.5582e+02 2.4146e+02 3.2858e+03 2.4549e+02 3.9314e+02 -9.9850e+01 2.4508e+02 1.8251e+03 3.9469e+02 1.7672e+03 4.3924e+02 9.5469e+02
4.0291e-01 2.5197e+02 2.3900e+02 3.2961e+03 2.4244e+02 3.8682e+02 -9.9810e+01 2.4099e+02 1.8298e+03 3.9242e+02 1.7704e+03 4.3456e+02 9.3641e+02
4.1232e-01 2.4812e+02 2.3643e+02 3.3052e+03 2.3930e+02 3.8049e+02 -9.9692e+01 2.3691e+02 1.8339e+03 3.8991e+02 1.7731e+03 4.2974e+02 9.1827e+02
4.2194e-01 2.4427e+02 2.3380e+02 3.3132e+03 2.3613e+02 3.7416e+02 -9.9509e+01 2.3284e+02 1.8375e+03 3.8722e+02 1.7754e+03 4.2481e+02 9.0025e+02
4.3179e-01 2.4043e+02 2.3115e+02 3.3203e+03 2.3295e+02 3.6784e+02 -9.9261e+01 2.2878e+02 1.8406e+03 3.8443e+02 1.7773e+03 4.1981e+02 8.8238e+02
4.4187e-01 2.3659e+02 2.2847e+02 3.3265e+03 2.2976e+02 3.6152e+02 -9.8941e+01 2.2473e+02 1.8433e+03 3.8153e+02 1.7788e+03 4.1473e+02 8.6465e+02
4.5218e-01 2.3275e+02 2.2576e+02 3.3318e+03 2.2656e+02 3.5521e+02 -9.8541e+01 2.2070e+02 1.8455e+03 3.7850e+02 1.7800e+03 4.0957e+02 8.4707e+02
4.6273e-01 2.2880e+02 2.2293e+02 3.3361e+03 2.2325e+02 3.4883e+02 -9.8066e+01 2.1662e+02 1.8472e+03 3.7528e+02 1.7806e+03 4.0431e+02 8.2965e+02
4.7353e-01 2.2482e+02 2.2001e+02 3.3393e+03 2.1988e+02 3.4244e+02 -9.7524e+01 2.1255e+02 1.8483e+03 3.7188e+02 1.7809e+03 3.9895e+02 8.1239e+02
4.8459e-01 2.2085e+02 2.1704e+02 3.3415e+03 2.1648e+02 3.3607e+02 -9.6925e+01 2.0850e+02 1.8489e+03 3.6835e+02 1.7807e+03 3.9351e+02 7.9530e+02
4.9590e-01 2.1690e+02 2.1406e+02 3.3427e+03 2.1308e+02 3.2973e+02 -9.6273e+01 2.0448e+02 1.8491e+03 3.6470e+02 1.7801e+03 3.8802e+02 7.7838e+02
5.0747e-01 2.1297e+02 2.1105e+02 3.3430e+03 2.0968e+02 3.2343e+02 -9.5566e+01 2.0048e+02 1.8488e+03 3.6096e+02 1.7792e+03 3.8248e+02 7.6164e+02
5.1931e-01 2.0907e+02 2.0802e+02 3.3425e+03 2.0627e+02 3.1716e+02 -9.4803e+01 1.9652e+02 1.8481e+03 3.5710e+02 1.7779e+03 3.7688e+02 7.4509e+02
5.3144e-01 2.0514e+02 2.0493e+02 3.3409e+03 2.0282e+02 3.1089e+02 -9.3986e+01 1.9256e+02 1.8469e+03 3.5312e+02 1.7763e+03 3.7123e+02 7.2872e+02
5.4384e-01 2.0115e+02 2.0178e+02 3.3384e+03 1.9932e+02 3.0461e+02 -9.3121e+01 1.8859e+02 1.8453e+03 3.4902e+02 1.7742e+03 3.6553e+02 7.1255e+02
5.5653e-01 1.9720e+02 1.9860e+02 3.3349e+03 1.9582e+02 2.9838e+02 -9.2212e+01 1.8467e+02 1.8432e+03 3.4483e+02 1.7718e+03 3.5980e+02 6.9657e+02
5.6952e-01 1.9328e+02 1.9543e+02 3.3306e+03 1.9234e+02 2.9220e+02 -9.1262e+01 1.8078e+02 1.8407e+03 3.4056e+02 1.7690e+03 3.5404e+02 6.8078e+02
5.8282e-01 1.8940e+02 1.9224e+02 3.3254e+03 1.8886e+02 2.8607e+02 -9.0272e+01 1.7693e+02 1.8378e+03 3.3620e+02 1.7660e+03 3.4825e+02 6.6521e+02
5.9642e-01 1.8556e+02 1.8904e+02 3.3194e+03 1.8538e+02 2.8001e+02 -8.9243e+01 1.7313e+02 1.8345e+03 3.3177e+02 1.7625e+03 3.4244e+02 6.4984e+02
6.1034e-01 1.8175e+02 1.8582e+02 3.3125e+03 1.8191e+02 2.7400e+02 -8.8181e+01 1.6936e+02 1.8308e+03 3.2725e+02 1.7588e+03 3.3662e+02 6.3467e+02
6.2458e-01 1.7787e+02 1.8256e+02 3.3048e+03 1.7841e+02 2.6798e+02 -8.7089e+01 1.6559e+02 1.8268e+03 3.2268e+02 1.7547e+03 3.3078e+02 6.1972e+02
6.3916e-01 1.7404e+02 1.7930e+02 3.2962e+03 1.7492e+02 2.6202e+02 -8.5967e+01 1.6187e+02 1.8223e+03 3.1804e+02 1.7504e+03 3.2494e+02 6.0499e+02
6.5408e-01 1.7026e+02 1.7605e+02 3.2869e+03 1.7146e+02 2.5613e+02 -8.4816e+01 1.5819e+02 1.8176e+03 3.1336e+02 1.7457e+03 3.1910e+02 5.9047e+02
6.6935e-01 1.6652e+02 1.7280e+02 3.2768e+03 1.6802e+02 2.5032e+02 -8.3640e+01 1.5457e+02 1.8124e+03 3.0864e+02 1.7408e+03 3.1327e+02 5.7616e+02
6.8497e-01 1.6284e+02 1.6957e+02 3.2659e+03 1.6460e+02 2.4458e+02 -8.2440e+01 1.5099e+02 1.8070e+03 3.0387e+02 1.7355e+03 3.0745e+02 5.6208e+02
7.0096e-01 1.5921e+02 1.6635e+02 3.2541e+03 1.6121e+02 2.3892e+02 -8.1220e+01 1.4746e+02 1.8012e+03 2.9907e+02 1.7300e+03 3.0164e+02 5.4822e+02
7.1732e-01 1.5555e+02 1.6311e+02 3.2416e+03 1.5781e+02 2.3328e+02 -7.9979e+01 1.4395e+02 1.7950e+03 2.9424e+02 1.7241e+03 2.9585e+02 5.3458e+02
7.3406e-01 1.5192e+02 1.5987e+02 3.2284e+03 1.5444e+02 2.2770e+02 -7.8721e+01 1.4049e+02 1.7885e+03 2.8938e+02 1.7180e+03 2.9009e+02 5.2116e+02
7.5119e-01 1.4835e+02 1.5666e+02 3.2144e+03 1.5109e+02 2.2220e+02 -7.7448e+01 1.3707e+02 1.7817e+03 2.8450e+02 1.7116e+03 2.8434e+02 5.0797e+02
7.6873e-01 1.4484e+02 1.5346e+02 3.1996e+03 1.4778e+02 2.1679e+02 -7.6162e+01 1.3371e+02 1.7746e+03 2.7960e+02 1.7050e+03 2.7862e+02 4.9500e+02
7.8667e-01 1.4138e+02 1.5028e+02 3.1842e+03 1.4450e+02 2.1146e+02 -7.4864e+01 1.3041e+02 1.7672e+03 2.7468e+02 1.6981e+03 2.7294e+02 4.8226e+02
8.0503e-01 1.3798e+02 1.4713e+02 3.1681e+03 1.4125e+02 2.0622e+02 -7.3556e+01 1.2716e+02 1.7595e+03 2.6976e+02 1.6910e+03 2.6729e+02 4.6974e+02
8.2382e-01 1.3460e+02 1.4399e+02 3.1513e+03 1.3803e+02 2.0104e+02 -7.2240e+01 1.2395e+02 1.7516e+03 2.6483e+02 1.6836e+03 2.6167e+02 4.5745e+02
8.4305e-01 1.3123e+02 1.4085e+02 3.1339e+03 1.3483e+02 1.9591e+02 -7.0918e+01 1.2078e+02 1.7433e+03 2.5989e+02 1.6760e+03 2.5610e+02 4.4538e+02
8.6272e-01 1.2793e+02 1.3775e+02 3.1157e+03 1.3166e+02 1.9088e+02 -6.9593e+01 1.1766e+02 1.7349e+03 2.5496e+02 1.6682e+03 2.5057e+02 4.3354e+02
8.8286e-01 1.2469e+02 1.3467e+02 3.0970e+03 1.2854e+02 1.8593e+02 -6.8266e+01 1.1461e+02 1.7262e+03 2.5004e+02 1.6602e+03 2.4509e+02 4.2193e+02
9.0347e-01 1.2151e+02 1.3163e+02 3.0777e+03 1.2546e+02 1.8107e+02 -6.6937e+01 1.1161e+02 1.7172e+03 2.4513e+02 1.6520e+03 2.3965e+02 4.1054e+02
9.2455e-01 1.1839e+02 1.2862e+02 3.0579e+03 1.2242e+02 1.7630e+02 -6.5609e+01 1.0866e+02 1.7081e+03 2.4023e+02 1.6436e+03 2.3427e+02 3.9937e+02
9.4613e-01 1.1532e+02 1.2565e+02 3.0375e+03 1.1942e+02 1.7162e+02 -6.4285e+01 1.0578e+02 1.6988e+03 2.3535e+02 1.6351e+03 2.2895e+02 3.8843e+02
9.6822e-01 1.1226e+02 1.2268e+02 3.0166e+03 1.1645e+02 1.6699e+02 -6.2964e+01 1.0292e+02 1.6893e+03 2.3050e+02 1.6264e+03 2.2369e+02 3.7771e+02
9.9081e-01 1.0926e+02 1.1976e+02 2.9953e+03 1.1352e+02 1.6245e+02 -6.1649e+01 1.0012e+02 1.6796e+03 2.2568e+02 1.6175e+03 2.1849e+02 3.6721e+02
1.0139e+00 1.0632e+02 1.1687e+02 2.9736e+03 1.1064e+02 1.5800e+02 -6.0340e+01 9.7376e+01 1.6697e+03 2.2089e+02 1.6085e+03 2.1335e+02 3.5693e+02
1.0376e+00 1.0345e+02 1.1403e+02 2.9514e+03 1.0781e+02 1.5364e+02 -5.9038e+01 9.4693e+01 1.6596e+03 2.1614e+02 1.5993e+03 2.0827e+02 3.4687e+02
1.0618e+00 1.0064e+02 1.1123e+02 2.9287e+03 1.0503e+02 1.4938e+02 -5.7745e+01 9.2068e+01 1.6494e+03 2.1142e+02 1.5900e+03 2.0326e+02 3.3702e+02
1.0866e+00 9.7887e+01 1.0847e+02 2.9056e+03 1.0229e+02 1.4520e+02 -5.6461e+01 8.9500e+01 1.6391e+03 2.0674e+02 1.5805e+03 1.9832e+02 3.2739e+02
1.1120e+00 9.5154e+01 1.0573e+02 2.8821e+03 9.9589e+01 1.4109e+02 -5.5188e+01 8.6967e+01 1.6286e+03 2.0212e+02 1.5710e+03 1.9345e+02 3.1797e+02
1.1379e+00 9.2472e+01 1.0304e+02 2.8582e+03 9.6931e+01 1.3705e+02 -5.3925e+01 8.4486e+01 1.6180e+03 1.9754e+02 1.5613e+03 1.8865e+02 3.0876e+02
1.1645e+00 8.9853e+01 1.0039e+02 2.8339e+03 9.4324e+01 1.3311e+02 -5.2674e+01 8.2061e+01 1.6072e+03 1.9300e+02 1.5515e+03 1.8392e+02 2.9976e+02
1.1917e+00 8.7296e+01 9.7783e+01 2.8093e+03 9.1767e+01 1.2926e+02 -5.1436e+01 7.9693e+01 1.5964e+03 1.8852e+02 1.5415e+03 1.7927e+02 2.9096e+02
1.2195e+00 8.4801e+01 9.5224e+01 2.7843e+03 8.9261e+01 1.2549e+02 -5.0211e+01 7.7381e+01 1.5854e+03 1.8408e+02 1.5315e+03 1.7468e+02 2.8236e+02
1.2479e+00 8.2365e+01 9.2711e+01 2.7590e+03 8.6805e+01 1.2182e+02 -4.9000e+01 7.5123e+01 1.5743e+03 1.7970e+02 1.5214e+03 1.7018e+02 2.7397e+02
1.2771e+00 7.9966e+01 9.0235e+01 2.7335e+03 8.4390e+01 1.1821e+02 -4.7804e+01 7.2908e+01 1.5631e+03 1.7537e+02 1.5111e+03 1.6575e+02 2.6578e+02
1.3069e+00 7.7604e+01 8.7795e+01 2.7077e+03 8.2016e+01 1.1468e+02 -4.6624e+01 7.0736e+01 1.5518e+03 1.7110e+02 1.5008e+03 1.6139e+02 2.5778e+02
1.3374e+00 7.5301e+01 8.5404e+01 2.6816e+03 7.9693e+01 1.1123e+02 -4.5459e+01 6.8618e+01 1.5404e+03 1.6689e+02 1.4904e+03 1.5711e+02 2.4998e+02
1.3686e+00 7.3057e+01 8.3058e+01 2.6554e+03 7.7419e+01 1.0787e+02 -4.4310e+01 6.6553e+01 1.5289e+03 1.6274e+02 1.4799e+03 1.5291e+02 2.4237e+02
1.4005e+00 7.0871e+01 8.0759e+01 2.6290e+03 7.5196e+01 1.0459e+02 -4.3177e+01 6.4540e+01 1.5174e+03 1.5865e+02 1.4693e+03 1.4878e+02 2.3494e+02
1.4332e+00 6.8742e+01 7.8507e+01 2.6024e+03 7.3021e+01 1.0139e+02 -4.2062e+01 6.2578e+01 1.5058e+03 1.5462e+02 1.4586e+03 1.4474e+02 2.2770e+02
1.4667e+00 6.6663e+01 7.6300e+01 2.5757e+03 7.0893e+01 9.8272e+01 -4.0965e+01 6.0663e+01 1.4941e+03 1.5066e+02 1.4479e+03 1.4076e+02 2.2065e+02
1.5009e+00 6.4607e+01 7.4127e+01 2.5488e+03 6.8803e+01 9.5213e+01 -3.9884e+01 5.8784e+01 1.4824e+03 1.4676e+02 1.4372e+03 1.3687e+02 2.1377e+02
1.5359e+00 6.2608e+01 7.2001e+01 2.5218e+03 6.6762e+01 9.2233e+01 -3.8822e+01 5.6954e+01 1.4706e+03 1.4292e+02 1.4263e+03 1.3305e+02 2.0707e+02
1.5718e+00 6.0663e+01 6.9921e+01 2.4948e+03 6.4768e+01 8.9332e+01 -3.7778e+01 5.5173e+01 1.4587e+03 1.3914e+02 1.4154e+03 1.2931e+02 2.0054e+02
1.6085e+00 5.8772e+01 6.7887e+01 2.4676e+03 6.2821e+01 8.6508e+01 -3.6752e+01 5.3440e+01 1.4468e+03 1.3544e+02 1.4045e+03 1.2565e+02 1.9419e+02
1.6460e+00 5.6933e+01 6.5899e+01 2.4405e+03 6.0922e+01 8.3760e+01 -3.5745e+01 5.1753e+01 1.4349e+03 1.3179e+02 1.3935e+03 1.2206e+02 1.8800e+02
1.6844e+00 5.5146e+01 6.3956e+01 2.4133e+03 5.9069e+01 8.1087e+01 -3.4756e+01 5.0114e+01 1.4230e+03 1.2822e+02 1.3825e+03 1.1855e+02 1.8198e+02
1.7237e+00 5.3383e+01 6.2049e+01 2.3862e+03 5.7253e+01 7.8470e+01 -3.3785e+01 4.8506e+01 1.4110e+03 1.2471e+02 1.3715e+03 1.1511e+02 1.7612e+02
1.7640e+00 5.1667e+01 6.0185e+01 2.3591e+03 5.5481e+01 7.5923e+01 -3.2833e+01 4.6942e+01 1.3990e+03 1.2127e+02 1.3604e+03 1.1175e+02 1.7042e+02
1.8051e+00 5.0001e+01 5.8365e+01 2.3321e+03 5.3754e+01 7.3448e+01 -3.1899e+01 4.5422e+01 1.3870e+03 1.1789e+02 1.3492e+03 1.0846e+02 1.6487e+02
1.8473e+00 4.8383e+01 5.6590e+01 2.3052e+03 5.2072e+01 7.1042e+01 -3.0983e+01 4.3945e+01 1.3749e+03 1.1458e+02 1.3381e+03 1.0525e+02 1.5947e+02
1.8904e+00 4.6813e+01 5.4858e+01 2.2784e+03 5.0433e+01 6.8705e+01 -3.0084e+01 4.2510e+01 1.3629e+03 1.1133e+02 1.3269e+03 1.0210e+02 1.5423e+02
1.9345e+00 4.5289e+01 5.3168e+01 2.2518e+03 4.8836e+01 6.6435e+01 -2.9203e+01 4.1117e+01 1.3508e+03 1.0815e+02 1.3157e+03 9.9030e+01 1.4913e+02
1.9797e+00 4.3797e+01 5.1517e+01 2.2254e+03 4.7278e+01 6.4222e+01 -2.8339e+01 3.9758e+01 1.3388e+03 1.0503e+02 1.3046e+03 9.6030e+01 1.4417e+02
2.0259e+00 4.2340e+01 4.9903e+01 2.1992e+03 4.5758e+01 6.2067e+01 -2.7492e+01 3.8434e+01 1.3267e+03 1.0198e+02 1.2934e+03 9.3100e+01 1.3936e+02
2.0732e+00 4.0927e+01 4.8330e+01 2.1731e+03 4.4278e+01 5.9975e+01 -2.6662e+01 3.7149e+01 1.3146e+03 9.8984e+01 1.2821e+03 9.0239e+01 1.3468e+02
2.1216e+00 3.9557e+01 4.6799e+01 2.1472e+03 4.2839e+01 5.7946e+01 -2.5848e+01 3.5902e+01 1.3026e+03 9.6061e+01 1.2709e+03 8.7446e+01 1.3013e+02
2.1711e+00 3.8230e+01 4.5310e+01 2.1214e+03 4.1441e+01 5.5977e+01 -2.5050e+01 3.4693e+01 1.2906e+03 9.3210e+01 1.2597e+03 8.4722e+01 1.2572e+02
2.2217e+00 3.6944e+01 4.3860e+01 2.0959e+03 4.0082e+01 5.4068e+01 -2.4271e+01 3.3521e+01 1.2785e+03 9.0424e+01 1.2485e+03 8.2067e+01 1.2144e+02
2.2736e+00 3.5693e+01 4.2447e+01 2.0704e+03 3.8759e+01 5.2214e+01 -2.3513e+01 3.2382e+01 1.2665e+03 8.7702e+01 1.2373e+03 7.9482e+01 1.1728e+02
2.3267e+00 3.4467e+01 4.1068e+01 2.0450e+03 3.7469e+01 5.0408e+01 -2.2777e+01 3.1271e+01 1.2546e+03 8.5045e+01 1.2261e+03 7.6968e+01 1.1326e+02
2.3810e+00 3.3281e+01 3.9727e+01 2.0196e+03 3.6218e+01 4.8659e+01 -2.2066e+01 3.0194e+01 1.2426e+03 8.2458e+01 1.2149e+03 7.4527e+01 1.0936e+02
2.4365e+00 3.2132e+01 3.8425e+01 1.9943e+03 3.5003e+01 4.6965e+01 -2.1381e+01 2.9151e+01 1.2307e+03 7.9942e+01 1.2038e+03 7.2157e+01 1.0559e+02
2.4934e+00 3.1021e+01 3.7160e+01 1.9689e+03 3.3825e+01 4.5325e+01 -2.0722e+01 2.8141e+01 1.2188e+03 7.7497e+01 1.1926e+03 6.9857e+01 1.0195e+02
2.5516e+00 2.9946e+01 3.5931e+01 1.9434e+03 3.2682e+01 4.3737e+01 -2.0083e+01 2.7162e+01 1.2070e+03 7.5113e+01 1.1815e+03 6.7621e+01 9.8410e+01
2.6112e+00 2.8906e+01 3.4737e+01 1.9179e+03 3.1573e+01 4.2199e+01 -1.9459e+01 2.6215e+01 1.1951e+03 7.2786e+01 1.1704e+03 6.5442e+01 9.4982e+01
2.6721e+00 2.7885e+01 3.3570e+01 1.8923e+03 3.0491e+01 4.0701e+01 -1.8846e+01 2.5291e+01 1.1833e+03 7.0504e+01 1.1593e+03 6.3315e+01 9.1652e+01
2.7345e+00 2.6897e+01 3.2436e+01 1.8668e+03 2.9440e+01 3.9249e+01 -1.8242e+01 2.4397e+01 1.1715e+03 6.8272e+01 1.1482e+03 6.1238e+01 8.8419e+01
2.7983e+00 2.5942e+01 3.1335e+01 1.8412e+03 2.8421e+01 3.7844e+01 -1.7648e+01 2.3531e+01 1.1598e+03 6.6092e+01 1.1371e+03 5.9213e+01 8.5281e+01
2.8636e+00 2.5019e+01 3.0268e+01 1.8156e+03 2.7434e+01 3.6485e+01 -1.7067e+01 2.2693e+01 1.1481e+03 6.3972e+01 1.1260e+03 5.7242e+01 8.2239e+01
2.9304e+00 2.4128e+01 2.9232e+01 1.7901e+03 2.6476e+01 3.5170e+01 -1.6501e+01 2.1884e+01 1.1364e+03 6.1910e+01 1.1150e+03 5.5325e+01 7.9293e+01
2.9988e+00 2.3266e+01 2.8228e+01 1.7647e+03 2.5549e+01 3.3898e+01 -1.5951e+01 2.1100e+01 1.1248e+03 5.9904e+01 1.1040e+03 5.3464e+01 7.6442e+01
3.0688e+00 2.2426e+01 2.7251e+01 1.7393e+03 2.4648e+01 3.2665e+01 -1.5417e+01 2.0339e+01 1.1132e+03 5.7949e+01 1.0930e+03 5.1658e+01 7.3684e+01
3.1405e+00 2.1611e+01 2.6302e+01 1.7139e+03 2.3774e+01 3.1469e+01 -1.4898e+01 1.9602e+01 1.1016e+03 5.6047e+01 1.0821e+03 4.9904e+01 7.1016e+01
3.2138e+00 2.0823e+01 2.5382e+01 1.6887e+03 2.2928e+01 3.0314e+01 -1.4395e+01 1.8889e+01 1.0901e+03 5.4199e+01 1.0712e+03 4.8202e+01 6.8435e+01
3.2888e+00 2.0063e+01 2.4492e+01 1.6636e+03 2.2110e+01 2.9198e+01 -1.3907e+01 1.8200e+01 1.0787e+03 5.2403e+01 1.0603e+03 4.6552e+01 6.5940e+01
3.3655e+00 1.9329e+01 2.3629e+01 1.6387e+03 2.1317e+01 2.8120e+01 -1.3434e+01 1.7534e+01 1.0673e+03 5.0658e+01 1.0495e+03 4.4950e+01 6.3526e+01
3.4441e+00 1.8622e+01 2.2794e+01 1.6139e+03 2.0551e+01 2.7079e+01 -1.2974e+01 1.6892e+01 1.0559e+03 4.8960e+01 1.0387e+03 4.3397e+01 6.1193e+01
3.5245e+00 1.7936e+01 2.1983e+01 1.5893e+03 1.9808e+01 2.6072e+01 -1.2528e+01 1.6269e+01 1.0446e+03 4.7308e+01 1.0279e+03 4.1890e+01 5.8938e+01
3.6067e+00 1.7268e+01 2.1196e+01 1.5649e+03 1.9087e+01 2.5096e+01 -1.2096e+01 1.5665e+01 1.0334e+03 4.5705e+01 1.0172e+03 4.0429e+01 5.6758e+01
3.6909e+00 1.6623e+01 2.0434e+01 1.5408e+03 1.8390e+01 2.4153e+01 -1.1677e+01 1.5082e+01 1.0222e+03 4.4150e+01 1.0065e+03 3.9014e+01 5.4652e+01
3.7771e+00 1.6002e+01 1.9697e+01 1.5168e+03 1.7717e+01 2.3244e+01 -1.1271e+01 1.4520e+01 1.0110e+03 4.2642e+01 9.9583e+02 3.7641e+01 5.2616e+01
3.8652e+00 1.5403e+01 1.8985e+01 1.4932e+03 1.7066e+01 2.2366e+01 -1.0877e+01 1.3977e+01 9.9993e+02 4.1180e+01 9.8523e+02 3.6312e+01 5.0650e+01
3.9554e+00 1.4825e+01 1.8296e+01 1.4697e+03 1.6437e+01 2.1519e+01 -1.0495e+01 1.3453e+01 9.8889e+02 3.9759e+01 9.7467e+02 3.5023e+01 4.8750e+01
4.0478e+00 1.4269e+01 1.7629e+01 1.4465e+03 1.5830e+01 2.0703e+01 -1.0124e+01 1.2947e+01 9.7790e+02 3.8379e+01 9.6414e+02 3.3775e+01 4.6915e+01
4.1422e+00 1.3725e+01 1.6982e+01 1.4236e+03 1.5240e+01 1.9910e+01 -9.7646e+00 1.2456e+01 9.6697e+02 3.7041e+01 9.5365e+02 3.2565e+01 4.5143e+01
4.2389e+00 1.3202e+01 1.6356e+01 1.4011e+03 1.4670e+01 1.9146e+01 -9.4160e+00 1.1983e+01 9.5610e+02 3.5743e+01 9.4322e+02 3.1394e+01 4.3432e+01
4.3379e+00 1.2697e+01 1.5752e+01 1.3790e+03 1.4120e+01 1.8410e+01 -9.0776e+00 1.1526e+01 9.4526e+02 3.4483e+01 9.3281e+02 3.0260e+01 4.1779e+01
4.4391e+00 1.2211e+01 1.5167e+01 1.3573e+03 1.3589e+01 1.7700e+01 -8.7489e+00 1.1086e+01 9.3449e+02 3.3259e+01 9.2245e+02 2.9160e+01 4.0183e+01
4.5427e+00 1.1743e+01 1.4602e+01 1.3360e+03 1.3076e+01 1.7015e+01 -8.4297e+00 1.0662e+01 9.2378e+02 3.2071e+01 9.1215e+02 2.8096e+01 3.8643e+01
4.6487e+00 1.1293e+01 1.4057e+01 1.3151e+03 1.2582e+01 1.6356e+01 -8.1198e+00 1.0253e+01 9.1313e+02 3.0919e+01 9.0189e+02 2.7067e+01 3.7156e+01
4.7572e+00 1.0856e+01 1.3529e+01 1.2946e+03 1.2103e+01 1.5718e+01 -7.8193e+00 9.8572e+00 9.0252e+02 2.9805e+01 8.9167e+02 2.6070e+01 3.5721e+01
4.8683e+00 1.0433e+01 1.3018e+01 1.2746e+03 1.1640e+01 1.5103e+01 -7.5288e+00 9.4749e+00 8.9198e+02 2.8727e+01 8.8150e+02 2.5108e+01 3.4338e+01
4.9819e+00 1.0026e+01 1.2526e+01 1.2548e+03 1.1194e+01 1.4510e+01 -7.2488e+00 9.1066e+00 8.8149e+02 2.7687e+01 8.7137e+02 2.4178e+01 3.3006e+01
5.0982e+00 9.6343e+00 1.2051e+01 1.2352e+03 1.0764e+01 1.3940e+01 -6.9799e+00 8.7520e+00 8.7108e+02 2.6687e+01 8.6130e+02 2.3282e+01 3.1724e+01
5.2172e+00 9.2578e+00 1.1594e+01 1.2156e+03 1.0350e+01 1.3390e+01 -6.7218e+00 8.4105e+00 8.6072e+02 2.5728e+01 8.5127e+02 2.2417e+01 3.0489e+01
5.3389e+00 8.8956e+00 1.1153e+01 1.1960e+03 9.9506e+00 1.2862e+01 -6.4736e+00 8.0818e+00 8.5044e+02 2.4811e+01 8.4129e+02 2.1582e+01 2.9300e+01
5.4636e+00 8.5458e+00 1.0728e+01 1.1764e+03 9.5648e+00 1.2352e+01 -6.2343e+00 7.7646e+00 8.4022e+02 2.3933e+01 8.3136e+02 2.0775e+01 2.8153e+01
5.5911e+00 8.2064e+00 1.0317e+01 1.1566e+03 9.1920e+00 1.1860e+01 -6.0031e+00 7.4578e+00 8.3008e+02 2.3085e+01 8.2150e+02 1.9994e+01 2.7047e+01
5.7216e+00 7.8801e+00 9.9195e+00 1.1369e+03 8.8328e+00 1.1386e+01 -5.7792e+00 7.1626e+00 8.1997e+02 2.2257e+01 8.1167e+02 1.9240e+01 2.5981e+01
5.8551e+00 7.5666e+00 9.5356e+00 1.1172e+03 8.4869e+00 1.0930e+01 -5.5625e+00 6.8785e+00 8.0990e+02 2.1438e+01 8.0188e+02 1.8511e+01 2.4953e+01
5.9918e+00 7.2652e+00 9.1640e+00 1.0977e+03 8.1535e+00 1.0491e+01 -5.3530e+00 6.6053e+00 7.9987e+02 2.0623e+01 7.9215e+02 1.7806e+01 2.3962e+01
6.1316e+00 6.9757e+00 8.8048e+00 1.0787e+03 7.8326e+00 1.0070e+01 -5.1504e+00 6.3424e+00 7.8987e+02 1.9816e+01 7.8246e+02 1.7126e+01 2.3008e+01
6.2747e+00 6.6975e+00 8.4581e+00 1.0602e+03 7.5236e+00 9.6641e+00 -4.9547e+00 6.0896e+00 7.7991e+02 1.9025e+01 7.7282e+02 1.6470e+01 2.2090e+01
6.4212e+00 6.4266e+00 8.1228e+00 1.0423e+03 7.2246e+00 9.2720e+00 -4.7656e+00 5.8448e+00 7.7003e+02 1.8262e+01 7.6324e+02 1.5838e+01 2.1207e+01
6.5711e+00 6.1665e+00 7.8007e+00 1.0251e+03 6.9370e+00 8.8951e+00 -4.5828e+00 5.6094e+00 7.6022e+02 1.7537e+01 7.5371e+02 1.5228e+01 2.0358e+01
6.7244e+00 5.9168e+00 7.4919e+00 1.0083e+03 6.6603e+00 8.5329e+00 -4.4061e+00 5.3831e+00 7.5048e+02 1.6856e+01 7.4422e+02 1.4641e+01 1.9540e+01
6.8814e+00 5.6770e+00 7.1957e+00 9.9191e+02 6.3939e+00 8.1849e+00 -4.2353e+00 5.1656e+00 7.4082e+02 1.6219e+01 7.3478e+02 1.4074e+01 1.8753e+01
7.0420e+00 5.4468e+00 6.9118e+00 9.7559e+02 6.1377e+00 7.8504e+00 -4.0700e+00 4.9565e+00 7.3124e+02 1.5625e+01 7.2540e+02 1.3527e+01 1.7995e+01
7.2064e+00 5.2258e+00 6.6394e+00 9.5918e+02 5.8912e+00 7.5289e+00 -3.9102e+00 4.7557e+00 7.2172e+02 1.5066e+01 7.1606e+02 1.2998e+01 1.7265e+01
7.3745e+00 5.0117e+00 6.3766e+00 9.4260e+02 5.6532e+00 7.2188e+00 -3.7557e+00 4.5617e+00 7.1227e+02 1.4531e+01 7.0677e+02 1.2487e+01 1.6561e+01
7.5467e+00 4.8054e+00 6.1229e+00 9.2585e+02 5.4240e+00 6.9205e+00 -3.6066e+00 4.3750e+00 7.0286e+02 1.4010e+01 6.9752e+02 1.1994e+01 1.5884e+01
7.7228e+00 4.6075e+00 5.8778e+00 9.0900e+02 5.2035e+00 6.6339e+00 -3.4631e+00 4.1956e+00 6.9350e+02 1.3490e+01 6.8833e+02 1.1518e+01 1.5232e+01
7.9031e+00 4.4177e+00 5.6409e+00 8.9223e+02 4.9916e+00 6.3588e+00 -3.3254e+00 4.0234e+00 6.8417e+02 1.2969e+01 6.7919e+02 1.1060e+01 1.4605e+01
8.0875e+00 4.2356e+00 5.4122e+00 8.7572e+02 4.7881e+00 6.0947e+00 -3.1934e+00 3.8580e+00 6.7488e+02 1.2450e+01 6.7010e+02 1.0620e+01 1.4003e+01
8.2763e+00 4.0609e+00 5.1916e+00 8.5964e+02 4.5925e+00 5.8412e+00 -3.0668e+00 3.6992e+00 6.6563e+02 1.1938e+01 6.6106e+02 1.0197e+01 1.3426e+01
8.4695e+00 3.8926e+00 4.9790e+00 8.4412e+02 4.4043e+00 5.5975e+00 -2.9452e+00 3.5463e+00 6.5645e+02 1.1440e+01 6.5207e+02 9.7902e+00 1.2871e+01
8.6671e+00 3.7298e+00 4.7741e+00 8.2918e+02 4.2229e+00 5.3627e+00 -2.8284e+00 3.3989e+00 6.4731e+02 1.0961e+01 6.4313e+02 9.3994e+00 1.2340e+01
8.8694e+00 3.5738e+00 4.5776e+00 8.1475e+02 4.0487e+00 5.1375e+00 -2.7159e+00 3.2575e+00 6.3825e+02 1.0506e+01 6.3425e+02 9.0236e+00 1.1829e+01
9.0764e+00 3.4243e+00 4.3894e+00 8.0071e+02 3.8814e+00 4.9215e+00 -2.6076e+00 3.1217e+00 6.2925e+02 1.0078e+01 6.2542e+02 8.6623e+00 1.1339e+01
9.2883e+00 3.2810e+00 4.2092e+00 7.8690e+02 3.7207e+00 4.7142e+00 -2.5032e+00 2.9915e+00 6.2031e+02 9.6787e+00 6.1663e+02 8.3144e+00 1.0868e+01
9.5051e+00 3.1436e+00 4.0368e+00 7.7316e+02 3.5665e+00 4.5154e+00 -2.4027e+00 2.8665e+00 6.1145e+02 9.3072e+00 6.0790e+02 7.9794e+00 1.0415e+01
9.7269e+00 3.0119e+00 3.8715e+00 7.5937e+02 3.4183e+00 4.3246e+00 -2.3056e+00 2.7465e+00 6.0265e+02 8.9570e+00 5.9921e+02 7.6564e+00 9.9796e+00
9.9540e+00 2.8841e+00 3.7121e+00 7.4547e+02 3.2753e+00 4.1406e+00 -2.2119e+00 2.6307e+00 5.9389e+02 8.6204e+00 5.9057e+02 7.3448e+00 9.5604e+00
1.0186e+01 2.7617e+00 3.5587e+00 7.3152e+02 3.1380e+00 3.9642e+00 -2.1214e+00 2.5197e+00 5.8521e+02 8.2906e+00 5.8199e+02 7.0443e+00 9.1572e+00
1.0424e+01 2.6444e+00 3.4109e+00 7.1759e+02 3.0063e+00 3.7950e+00 -2.0340e+00 2.4132e+00 5.7656e+02 7.9647e+00 5.7346e+02 6.7548e+00 8.7696e+00
1.0667e+01 2.5321e+00 3.2686e+00 7.0380e+02 2.8799e+00 3.6328e+00 -1.9498e+00 2.3111e+00 5.6792e+02 7.6421e+00 5.6494e+02 6.4764e+00 8.3973e+00
1.0916e+01 2.4246e+00 3.1314e+00 6.9035e+02 2.7585e+00 3.4773e+00 -1.8690e+00 2.2132e+00 5.5939e+02 7.3234e+00 5.5654e+02 6.2085e+00 8.0402e+00
1.1171e+01 2.3216e+00 2.9995e+00 6.7724e+02 2.6420e+00 3.3283e+00 -1.7915e+00 2.1193e+00 5.5086e+02 7.0119e+00 5.4813e+02 5.9516e+00 7.6981e+00
1.1432e+01 2.2220e+00 2.8728e+00 6.6456e+02 2.5302e+00 3.1850e+00 -1.7174e+00 2.0289e+00 5.4244e+02 6.7119e+00 5.3983e+02 5.7058e+00 7.3703e+00
1.1699e+01 2.1264e+00 2.7510e+00 6.5219e+02 2.4227e+00 3.0475e+00 -1.6465e+00 1.9421e+00 5.3405e+02 6.4267e+00 5.3156e+02 5.4697e+00 7.0564e+00
1.1972e+01 2.0349e+00 2.6345e+00 6.4005e+02 2.3195e+00 2.9158e+00 -1.5785e+00 1.8589e+00 5.2569e+02 6.1594e+00 5.2330e+02 5.2432e+00 6.7555e+00
1.2251e+01 1.9473e+00 2.5234e+00 6.2810e+02 2.2208e+00 2.7897e+00 -1.5133e+00 1.7792e+00 5.1743e+02 5.9107e+00 5.1513e+02 5.0259e+00 6.4670e+00
1.2537e+01 1.8634e+00 2.4166e+00 6.1622e+02 2.1258e+00 2.6688e+00 -1.4506e+00 1.7028e+00 5.0923e+02 5.6762e+00 5.0702e+02 4.8162e+00 6.1900e+00
1.2830e+01 1.7832e+00 2.3148e+00 6.0439e+02 2.0352e+00 2.5530e+00 -1.3902e+00 1.6296e+00 5.0109e+02 5.4529e+00 4.9896e+02 4.6154e+00 5.9239e+00
1.3129e+01 1.7060e+00 2.2164e+00 5.9260e+02 1.9478e+00 2.4419e+00 -1.3319e+00 1.5593e+00 4.9299e+02 5.2336e+00 4.9094e+02 4.4215e+00 5.6684e+00
1.3436e+01 1.6316e+00 2.1217e+00 5.8087e+02 1.8640e+00 2.3351e+00 -1.2757e+00 1.4918e+00 4.8491e+02 5.0172e+00 4.8294e+02 4.2353e+00 5.4230e+00
1.3749e+01 1.5605e+00 2.0305e+00 5.6935e+02 1.7835e+00 2.2328e+00 -1.2216e+00 1.4271e+00 4.7695e+02 4.8043e+00 4.7506e+02 4.0560e+00 5.1876e+00
1.4070e+01 1.4924e+00 1.9429e+00 5.5803e+02 1.7063e+00 2.1350e+00 -1.1696e+00 1.3651e+00 4.6902e+02 4.5982e+00 4.6721e+02 3.8838e+00 4.9620e+00
1.4398e+01 1.4273e+00 1.8595e+00 5.4694e+02 1.6327e+00 2.0413e+00 -1.1199e+00 1.3057e+00 4.6114e+02 4.4028e+00 4.5941e+02 3.7195e+00 4.7460e+00
1.4735e+01 1.3651e+00 1.7794e+00 5.3610e+02 1.5619e+00 1.9516e+00 -1.0723e+00 1.2489e+00 4.5332e+02 4.2168e+00 4.5167e+02 3.5615e+00 4.5393e+00
1.5078e+01 1.3055e+00 1.7026e+00 5.2544e+02 1.4941e+00 1.8658e+00 -1.0269e+00 1.1945e+00 4.4556e+02 4.0400e+00 4.4397e+02 3.4100e+00 4.3414e+00
1.5430e+01 1.2478e+00 1.6288e+00 5.1496e+02 1.4289e+00 1.7832e+00 -9.8330e-01 1.1421e+00 4.3788e+02 3.8709e+00 4.3636e+02 3.2650e+00 4.1518e+00
1.5791e+01 1.1927e+00 1.5582e+00 5.0457e+02 1.3666e+00 1.7042e+00 -9.4148e-01 1.0920e+00 4.3026e+02 3.7085e+00 4.2879e+02 3.1258e+00 3.9701e+00
1.6159e+01 1.1401e+00 1.4905e+00 4.9424e+02 1.3068e+00 1.6287e+00 -9.0123e-01 1.0440e+00 4.2266e+02 3.5522e+00 4.2126e+02 2.9919e+00 3.7958e+00
1.6536e+01 1.0897e+00 1.4257e+00 4.8406e+02 1.2496e+00 1.5564e+00 -8.6250e-01 9.9804e-01 4.1516e+02 3.4024e+00 4.1381e+02 2.8633e+00 3.6287e+00
1.6922e+01 1.0416e+00 1.3635e+00 4.7402e+02 1.1947e+00 1.4872e+00 -8.2526e-01 9.5410e-01 4.0771e+02 3.2586e+00 4.0642e+02 2.7399e+00 3.4685e+00
1.7317e+01 9.9566e-01 1.3040e+00 4.6415e+02 1.1423e+00 1.4211e+00 -7.8954e-01 9.1206e-01 4.0033e+02 3.1199e+00 3.9909e+02 2.6215e+00 3.3151e+00
1.7721e+01 9.5128e-01 1.2467e+00 4.5443e+02 1.0919e+00 1.3575e+00 -7.5534e-01 8.7163e-01 3.9298e+02 2.9858e+00 3.9180e+02 2.5081e+00 3.1682e+00
1.8135e+01 9.0879e-01 1.1919e+00 4.4491e+02 1.0437e+00 1.2967e+00 -7.2265e-01 8.3292e-01 3.8573e+02 2.8565e+00 3.8460e+02 2.3996e+00 3.0278e+00
1.8558e+01 8.6819e-01 1.1394e+00 4.3552e+02 9.9740e-01 1.2385e+00 -6.9136e-01 7.9589e-01 3.7854e+02 2.7326e+00 3.7745e+02 2.2955e+00 2.8934e+00
1.8991e+01 8.2941e-01 1.0892e+00 4.2627e+02 9.5328e-01 1.1829e+00 -6.6138e-01 7.6048e-01 3.7142e+02 2.6152e+00 3.7038e+02 2.1959e+00 2.7647e+00
1.9435e+01 7.9237e-01 1.0413e+00 4.1713e+02 9.1103e-01 1.1298e+00 -6.3259e-01 7.2662e-01 3.6436e+02 2.5037e+00 3.6336e+02 2.1002e+00 2.6414e+00
1.9888e+01 7.5699e-01 9.9528e-01 4.0813e+02 8.7053e-01 1.0790e+00 -6.0494e-01 6.9424e-01 3.5738e+02 2.3969e+00 3.5643e+02 2.0084e+00 2.5234e+00
2.0352e+01 7.2299e-01 9.5120e-01 3.9925e+02 8.3176e-01 1.0303e+00 -5.7841e-01 6.6318e-01 3.5044e+02 2.2936e+00 3.4953e+02 1.9205e+00 2.4103e+00
2.0828e+01 6.9033e-01 9.0884e-01 3.9053e+02 7.9454e-01 9.8362e-01 -5.5301e-01 6.3339e-01 3.4361e+02 2.1934e+00 3.4273e+02 1.8362e+00 2.3022e+00
2.1314e+01 6.5914e-01 8.6834e-01 3.8195e+02 7.5898e-01 9.3903e-01 -5.2870e-01 6.0492e-01 3.3683e+02 2.0970e+00 3.3599e+02 1.7555e+00 2.1987e+00
2.1811e+01 6.2937e-01 8.2961e-01 3.7353e+02 7.2497e-01 8.9642e-01 -5.0545e-01 5.7771e-01 3.3014e+02 2.0052e+00 3.2934e+02 1.6782e+00 2.0998e+00
2.2320e+01 6.0094e-01 7.9261e-01 3.6524e+02 6.9246e-01 8.5571e-01 -4.8318e-01 5.5170e-01 3.2353e+02 1.9181e+00 3.2276e+02 1.6043e+00 2.0052e+00
2.2841e+01 5.7381e-01 7.5723e-01 3.5705e+02 6.6138e-01 8.1681e-01 -4.6183e-01 5.2684e-01 3.1696e+02 1.8349e+00 3.1623e+02 1.5334e+00 1.9146e+00
2.3374e+01 5.4785e-01 7.2333e-01 3.4903e+02 6.3161e-01 7.7963e-01 -4.4137e-01 5.0307e-01 3.1051e+02 1.7548e+00 3.0980e+02 1.4654e+00 1.8279e+00
2.3920e+01 5.2283e-01 6.9084e-01 3.4111e+02 6.0311e-01 7.4394e-01 -4.2176e-01 4.8023e-01 3.0411e+02 1.6776e+00 3.0343e+02 1.4005e+00 1.7450e+00
2.4478e+01 4.9895e-01 6.5962e-01 3.3336e+02 5.7573e-01 7.0986e-01 -4.0301e-01 4.5841e-01 2.9781e+02 1.6031e+00 2.9717e+02 1.3380e+00 1.6658e+00
2.5049e+01 4.7617e-01 6.2991e-01 3.2574e+02 5.4968e-01 6.7731e-01 -3.8506e-01 4.3757e-01 2.9159e+02 1.5323e+00 2.9097e+02 1.2785e+00 1.5900e+00
2.5634e+01 4.5443e-01 6.0153e-01 3.1824e+02 5.2480e-01 6.4623e-01 -3.6789e-01 4.1766e-01 2.8544e+02 1.4649e+00 2.8485e+02 1.2215e+00 1.5175e+00
2.6232e+01 4.3369e-01 5.7434e-01 3.1086e+02 5.0096e-01 6.1656e-01 -3.5144e-01 3.9864e-01 2.7937e+02 1.4002e+00 2.7880e+02 1.1669e+00 1.4482e+00
2.6845e+01 4.1390e-01 5.4839e-01 3.0363e+02 4.7822e-01 5.8822e-01 -3.3569e-01 3.8048e-01 2.7339e+02 1.3382e+00 2.7285e+02 1.1146e+00 1.3820e+00
2.7471e+01 3.9483e-01 5.2342e-01 2.9654e+02 4.5634e-01 5.6105e-01 -3.2062e-01 3.6305e-01 2.6751e+02 1.2785e+00 2.6699e+02 1.0645e+00 1.3187e+00
2.8112e+01 3.7661e-01 4.9967e-01 2.8956e+02 4.3555e-01 5.3508e-01 -3.0621e-01 3.4638e-01 2.6170e+02 1.2216e+00 2.6121e+02 1.0168e+00 1.2582e+00
2.8769e+01 3.5923e-01 4.7684e-01 2.8271e+02 4.1555e-01 5.1030e-01 -2.9242e-01 3.3047e-01 2.5597e+02 1.1670e+00 2.5550e+02 9.7086e-01 1.2003e+00
2.9440e+01 3.4266e-01 4.5515e-01 2.7599e+02 3.9656e-01 4.8665e-01 -2.7922e-01 3.1528e-01 2.5033e+02 1.1151e+00 2.4988e+02 9.2714e-01 1.1450e+00
3.0127e+01 3.2686e-01 4.3436e-01 2.6940e+02 3.7837e-01 4.6408e-01 -2.6660e-01 3.0078e-01 2.4479e+02 1.0652e+00 2.4436e+02 8.8520e-01 1.0922e+00
3.0830e+01 3.1179e-01 4.1450e-01 2.6292e+02 3.6100e-01 4.4253e-01 -2.5452e-01 2.8693e-01 2.3931e+02 1.0173e+00 2.3890e+02 8.4509e-01 1.0417e+00
3.1550e+01 2.9733e-01 3.9550e-01 2.5658e+02 3.4437e-01 4.2192e-01 -2.4298e-01 2.7367e-01 2.3394e+02 9.7155e-01 2.3355e+02 8.0674e-01 9.9349e-01
3.2286e+01 2.8346e-01 3.7733e-01 2.5038e+02 3.2849e-01 4.0220e-01 -2.3194e-01 2.6098e-01 2.2866e+02 9.2785e-01 2.2828e+02 7.7012e-01 9.4742e-01
3.3040e+01 2.7025e-01 3.5995e-01 2.4429e+02 3.1329e-01 3.8339e-01 -2.2138e-01 2.4887e-01 2.2347e+02 8.8598e-01 2.2311e+02 7.3503e-01 9.0341e-01
3.3811e+01 2.5765e-01 3.4340e-01 2.3832e+02 2.9883e-01 3.6544e-01 -2.1128e-01 2.3732e-01 2.1836e+02 8.4603e-01 2.1801e+02 7.0156e-01 8.6137e-01
3.4600e+01 2.4565e-01 3.2754e-01 2.3247e+02 2.8497e-01 3.4832e-01 -2.0163e-01 2.2629e-01 2.1334e+02 8.0766e-01 2.1301e+02 6.6947e-01 8.2122e-01
3.5408e+01 2.3420e-01 3.1242e-01 2.2674e+02 2.7176e-01 3.3199e-01 -1.9240e-01 2.1577e-01 2.0840e+02 7.7104e-01 2.0809e+02 6.3882e-01 7.8287e-01
3.6234e+01 2.2327e-01 2.9800e-01 2.2112e+02 2.5916e-01 3.1640e-01 -1.8358e-01 2.0571e-01 2.0355e+02 7.3605e-01 2.0325e+02 6.0956e-01 7.4625e-01
3.7080e+01 2.1276e-01 2.8413e-01 2.1563e+02 2.4705e-01 3.0147e-01 -1.7515e-01 1.9608e-01 1.9879e+02 7.0250e-01 1.9850e+02 5.8153e-01 7.1129e-01
3.7945e+01 2.0274e-01 2.7095e-01 2.1025e+02 2.3554e-01 2.8723e-01 -1.6709e-01 1.8689e-01 1.9412e+02 6.7053e-01 1.9384e+02 5.5481e-01 6.7790e-01
3.8831e+01 1.9319e-01 2.5834e-01 2.0497e+02 2.2454e-01 2.7365e-01 -1.5939e-01 1.7812e-01 1.8952e+02 6.3991e-01 1.8925e+02 5.2924e-01 6.4603e-01
3.9737e+01 1.8410e-01 2.4631e-01 1.9981e+02 2.1404e-01 2.6071e-01 -1.5203e-01 1.6976e-01 1.8500e+02 6.1066e-01 1.8475e+02 5.0481e-01 6.1561e-01
4.0665e+01 1.7543e-01 2.3483e-01 1.9474e+02 2.0402e-01 2.4837e-01 -1.4500e-01 1.6179e-01 1.8056e+02 5.8266e-01 1.8033e+02 4.8146e-01 5.8656e-01
4.1614e+01 1.6718e-01 2.2388e-01 1.8979e+02 1.9447e-01 2.3660e-01 -1.3828e-01 1.5418e-01 1.7621e+02 5.5591e-01 1.7598e+02 4.5916e-01 5.5884e-01
4.2585e+01 1.5924e-01 2.1339e-01 1.8494e+02 1.8532e-01 2.2533e-01 -1.3187e-01 1.4689e-01 1.7194e+02 5.3037e-01 1.7172e+02 4.3786e-01 5.3239e-01
4.3579e+01 1.5166e-01 2.0337e-01 1.8017e+02 1.7659e-01 2.1458e-01 -1.2574e-01 1.3994e-01 1.6773e+02 5.0594e-01 1.6752e+02 4.1750e-01 5.0714e-01
4.4596e+01 1.4445e-01 1.9381e-01 1.7552e+02 1.6825e-01 2.0434e-01 -1.1988e-01 1.3331e-01 1.6361e+02 4.8258e-01 1.6341e+02 3.9805e-01 4.8305e-01
4.5637e+01 1.3758e-01 1.8470e-01 1.7094e+02 1.6032e-01 1.9458e-01 -1.1429e-01 1.2698e-01 1.5954e+02 4.6030e-01 1.5935e+02 3.7951e-01 4.6007e-01
4.6702e+01 1.3104e-01 1.7602e-01 1.6646e+02 1.5275e-01 1.8527e-01 -1.0895e-01 1.2096e-01 1.5555e+02 4.3901e-01 1.5537e+02 3.6178e-01 4.3814e-01
4.7792e+01 1.2481e-01 1.6773e-01 1.6206e+02 1.4553e-01 1.7641e-01 -1.0385e-01 1.1521e-01 1.5163e+02 4.1866e-01 1.5145e+02 3.4486e-01 4.1721e-01
4.8908e+01 1.1884e-01 1.5980e-01 1.5775e+02 1.3863e-01 1.6793e-01 -9.8985e-02 1.0972e-01 1.4776e+02 3.9920e-01 1.4760e+02 3.2869e-01 3.9726e-01
5.0049e+01 1.1313e-01 1.5222e-01 1.5352e+02 1.3203e-01 1.5984e-01 -9.4338e-02 1.0447e-01 1.4397e+02 3.8063e-01 1.4381e+02 3.1326e-01 3.7822e-01
5.1218e+01 1.0769e-01 1.4500e-01 1.4936e+02 1.2574e-01 1.5214e-01 -8.9901e-02 9.9468e-02 1.4023e+02 3.6289e-01 1.4007e+02 2.9851e-01 3.6006e-01
5.2413e+01 1.0252e-01 1.3811e-01 1.4529e+02 1.1974e-01 1.4479e-01 -8.5666e-02 9.4702e-02 1.3655e+02 3.4594e-01 1.3641e+02 2.8445e-01 3.4275e-01
5.3636e+01 9.7593e-02 1.3156e-01 1.4128e+02 1.1404e-01 1.3780e-01 -8.1624e-02 9.0161e-02 1.3293e+02 3.2979e-01 1.3279e+02 2.7104e-01 3.2623e-01
5.4888e+01 9.2905e-02 1.2531e-01 1.3734e+02 1.0860e-01 1.3114e-01 -7.7766e-02 8.5833e-02 1.2936e+02 3.1435e-01 1.2923e+02 2.5824e-01 3.1049e-01
5.6169e+01 8.8430e-02 1.1933e-01 1.3348e+02 1.0340e-01 1.2478e-01 -7.4083e-02 8.1704e-02 1.2584e+02 2.9959e-01 1.2572e+02 2.4600e-01 2.9547e-01
5.7480e+01 8.4135e-02 1.1362e-01 1.2968e+02 9.8436e-02 1.1871e-01 -7.0569e-02 7.7753e-02 1.2238e+02 2.8551e-01 1.2226e+02 2.3434e-01 2.8116e-01
5.8822e+01 8.0048e-02 1.0818e-01 1.2595e+02 9.3704e-02 1.1293e-01 -6.7217e-02 7.3989e-02 1.1897e+02 2.7209e-01 1.1886e+02 2.2321e-01 2.6751e-01
6.0195e+01 7.6160e-02 1.0299e-01 1.2228e+02 8.9191e-02 1.0742e-01 -6.4017e-02 7.0405e-02 1.1561e+02 2.5926e-01 1.1551e+02 2.1258e-01 2.5451e-01
6.1600e+01 7.2461e-02 9.8050e-02 1.1868e+02 8.4900e-02 1.0217e-01 -6.0965e-02 6.6991e-02 1.1231e+02 2.4702e-01 1.1221e+02 2.0245e-01 2.4211e-01
6.3038e+01 6.8942e-02 9.3339e-02 1.1515e+02 8.0805e-02 9.7181e-02 -5.8053e-02 6.3740e-02 1.0907e+02 2.3533e-01 1.0897e+02 1.9278e-01 2.3029e-01
6.4509e+01 6.5594e-02 8.8850e-02 1.1168e+02 7.6905e-02 9.2427e-02 -5.5276e-02 6.0643e-02 1.0587e+02 2.2418e-01 1.0578e+02 1.8355e-01 2.1903e-01
6.6014e+01 6.2374e-02 8.4559e-02 1.0829e+02 7.3177e-02 8.7880e-02 -5.2627e-02 5.7678e-02 1.0274e+02 2.1354e-01 1.0265e+02 1.7476e-01 2.0830e-01
6.7555e+01 5.9310e-02 8.0472e-02 1.0496e+02 6.9627e-02 8.3550e-02 -5.0100e-02 5.4855e-02 9.9660e+01 2.0341e-01 9.9574e+01 1.6638e-01 1.9807e-01
6.9132e+01 5.6396e-02 7.6573e-02 1.0170e+02 6.6241e-02 7.9429e-02 -4.7690e-02 5.2166e-02 9.6636e+01 1.9372e-01 9.6555e+01 1.5838e-01 1.8833e-01
7.0746e+01 5.3625e-02 7.2869e-02 9.8514e+01 6.3026e-02 7.5507e-02 -4.5392e-02 4.9606e-02 9.3682e+01 1.8450e-01 9.3604e+01 1.5076e-01 1.7904e-01
7.2397e+01 5.0989e-02 6.9327e-02 9.5397e+01 5.9951e-02 7.1774e-02 -4.3200e-02 4.7170e-02 9.0784e+01 1.7567e-01 9.0710e+01 1.4348e-01 1.7020e-01
7.4087e+01 4.8484e-02 6.5959e-02 9.2361e+01 5.7027e-02 6.8222e-02 -4.1110e-02 4.4850e-02 8.7958e+01 1.6726e-01 8.7888e+01 1.3654e-01 1.6177e-01
7.5816e+01 4.6084e-02 6.2746e-02 8.9399e+01 5.4239e-02 6.4831e-02 -3.9118e-02 4.2635e-02 8.5197e+01 1.5925e-01 8.5130e+01 1.2993e-01 1.5375e-01
7.7585e+01 4.3793e-02 5.9676e-02 8.6518e+01 5.1575e-02 6.1599e-02 -3.7219e-02 4.0522e-02 8.2509e+01 1.5160e-01 8.2445e+01 1.2362e-01 1.4611e-01
7.9396e+01 4.1615e-02 5.6760e-02 8.3718e+01 4.9045e-02 5.8524e-02 -3.5409e-02 3.8511e-02 7.9893e+01 1.4432e-01 7.9832e+01 1.1762e-01 1.3883e-01
8.1249e+01 3.9545e-02 5.3980e-02 8.0999e+01 4.6634e-02 5.5599e-02 -3.3683e-02 3.6597e-02 7.7350e+01 1.3737e-01 7.7292e+01 1.1189e-01 1.3190e-01
8.3146e+01 3.7577e-02 5.1332e-02 7.8363e+01 4.4338e-02 5.2816e-02 -3.2038e-02 3.4776e-02 7.4883e+01 1.3073e-01 7.4827e+01 1.0643e-01 1.2530e-01
8.5086e+01 3.5707e-02 4.8812e-02 7.5810e+01 4.2153e-02 5.0169e-02 -3.0470e-02 3.3044e-02 7.2491e+01 1.2441e-01 7.2438e+01 1.0123e-01 1.1902e-01
8.7072e+01 3.3922e-02 4.6411e-02 7.3339e+01 4.0072e-02 4.7648e-02 -2.8977e-02 3.1393e-02 7.0174e+01 1.1839e-01 7.0124e+01 9.6273e-02 1.1304e-01
8.9105e+01 3.2214e-02 4.4118e-02 7.0944e+01 3.8084e-02 4.5241e-02 -2.7553e-02 2.9816e-02 6.7927e+01 1.1265e-01 6.7879e+01 9.1551e-02 1.0734e-01
9.1184e+01 3.0590e-02 4.1935e-02 6.8627e+01 3.6193e-02 4.2952e-02 -2.6196e-02 2.8316e-02 6.5751e+01 1.0718e-01 6.5705e+01 8.7050e-02 1.0192e-01
9.3313e+01 2.9048e-02 3.9856e-02 6.6385e+01 3.4391e-02 4.0776e-02 -2.4903e-02 2.6889e-02 6.3643e+01 1.0195e-01 6.3600e+01 8.2758e-02 9.6763e-02
9.5490e+01 2.7582e-02 3.7881e-02 6.4211e+01 3.2680e-02 3.8707e-02 -2.3672e-02 2.5532e-02 6.1599e+01 9.6986e-02 6.1558e+01 7.8676e-02 9.1853e-02
9.7719e+01 2.6190e-02 3.5999e-02 6.2105e+01 3.1051e-02 3.6740e-02 -2.2499e-02 2.4242e-02 5.9616e+01 9.2242e-02 5.9576e+01 7.4783e-02 8.7182e-02
1.0000e+02 2.4867e-02 3.4210e-02 6.0056e+01 2.9501e-02 3.4870e-02 -2.1382e-02 2.3015e-02 5.7684e+01 8.7726e-02 5.7647e+01 7.1078e-02 8.2736e-02
