1.0000e-03 1.6743e-03 -3.5539e-04 6.7405e-04 6.1007e-04 3.4954e-01 6.9794e-01 2.8017e-01 1.5481e-04 -1.7519e-01 1.7601e-01 7.7980e-02 7.0679e+02
1.0233e-03 1.8299e-03 -3.8708e-04 7.3786e-04 6.6740e-04 3.6697e-01 7.3254e-01 2.9413e-01 1.7036e-04 -1.8390e-01 1.8480e-01 8.2350e-02 7.2090e+02
1.0472e-03 1.9999e-03 -4.2153e-04 8.0768e-04 7.3007e-04 3.8523e-01 7.6875e-01 3.0876e-01 1.8750e-04 -1.9303e-01 1.9401e-01 8.6853e-02 7.3513e+02
1.0717e-03 2.1856e-03 -4.5897e-04 8.8408e-04 7.9857e-04 4.0436e-01 8.0668e-01 3.2408e-01 2.0637e-04 -2.0258e-01 2.0366e-01 9.1506e-02 7.4957e+02
1.0967e-03 2.3882e-03 -4.9965e-04 9.6766e-04 8.7344e-04 4.2442e-01 8.4641e-01 3.4014e-01 2.2717e-04 -2.1260e-01 2.1378e-01 9.6326e-02 7.6432e+02
1.1223e-03 2.6095e-03 -5.4384e-04 1.0591e-03 9.5527e-04 4.4544e-01 8.8804e-01 3.5698e-01 2.5007e-04 -2.2310e-01 2.2439e-01 1.0134e-01 7.7947e+02
1.1485e-03 2.8510e-03 -5.9184e-04 1.1591e-03 1.0447e-03 4.6748e-01 9.3166e-01 3.7463e-01 2.7530e-04 -2.3410e-01 2.3552e-01 1.0658e-01 7.9508e+02
1.1753e-03 3.1146e-03 -6.4396e-04 1.2686e-03 1.1424e-03 4.9059e-01 9.7736e-01 3.9314e-01 3.0308e-04 -2.4564e-01 2.4719e-01 1.1209e-01 8.1117e+02
1.2027e-03 3.4023e-03 -7.0055e-04 1.3883e-03 1.2492e-03 5.1483e-01 1.0252e+00 4.1254e-01 3.3369e-04 -2.5772e-01 2.5942e-01 1.1791e-01 8.2774e+02
1.2308e-03 3.7163e-03 -7.6196e-04 1.5193e-03 1.3659e-03 5.4022e-01 1.0754e+00 4.3288e-01 3.6739e-04 -2.7039e-01 2.7225e-01 1.2408e-01 8.4473e+02
1.2595e-03 4.0589e-03 -8.2860e-04 1.6625e-03 1.4934e-03 5.6684e-01 1.1279e+00 4.5419e-01 4.0452e-04 -2.8366e-01 2.8570e-01 1.3065e-01 8.6204e+02
1.2889e-03 4.4327e-03 -9.0089e-04 1.8191e-03 1.6326e-03 5.9471e-01 1.1829e+00 4.7650e-01 4.4541e-04 -2.9755e-01 2.9978e-01 1.3767e-01 8.7951e+02
1.3190e-03 4.8404e-03 -9.7929e-04 1.9905e-03 1.7847e-03 6.2389e-01 1.2403e+00 4.9986e-01 4.9045e-04 -3.1208e-01 3.1453e-01 1.4515e-01 8.9699e+02
1.3498e-03 5.2852e-03 -1.0643e-03 2.1779e-03 1.9509e-03 6.5443e-01 1.3004e+00 5.2430e-01 5.4007e-04 -3.2729e-01 3.2997e-01 1.5311e-01 9.1428e+02
1.3813e-03 5.7703e-03 -1.1564e-03 2.3828e-03 2.1324e-03 6.8638e-01 1.3633e+00 5.4987e-01 5.9473e-04 -3.4319e-01 3.4612e-01 1.6154e-01 9.3121e+02
1.4135e-03 6.2993e-03 -1.2563e-03 2.6069e-03 2.3305e-03 7.1979e-01 1.4289e+00 5.7661e-01 6.5494e-04 -3.5981e-01 3.6302e-01 1.7044e-01 9.4766e+02
1.4465e-03 6.8762e-03 -1.3645e-03 2.8519e-03 2.5469e-03 7.5473e-01 1.4975e+00 6.0457e-01 7.2129e-04 -3.7719e-01 3.8070e-01 1.7978e-01 9.6352e+02
1.4803e-03 7.5051e-03 -1.4816e-03 3.1198e-03 2.7832e-03 7.9127e-01 1.5691e+00 6.3380e-01 7.9439e-04 -3.9535e-01 3.9919e-01 1.8954e-01 9.7876e+02
1.5148e-03 8.1907e-03 -1.6084e-03 3.4127e-03 3.0411e-03 8.2948e-01 1.6439e+00 6.6437e-01 8.7494e-04 -4.1433e-01 4.1854e-01 1.9969e-01 9.9340e+02
1.5502e-03 8.9380e-03 -1.7457e-03 3.7330e-03 3.3226e-03 8.6944e-01 1.7221e+00 6.9634e-01 9.6370e-04 -4.3417e-01 4.3878e-01 2.1021e-01 1.0075e+03
1.5864e-03 9.7524e-03 -1.8943e-03 4.0831e-03 3.6299e-03 9.1125e-01 1.8038e+00 7.2978e-01 1.0615e-03 -4.5491e-01 4.5996e-01 2.2109e-01 1.0213e+03
1.6234e-03 1.0640e-02 -2.0549e-03 4.4658e-03 3.9653e-03 9.5500e-01 1.8891e+00 7.6477e-01 1.1693e-03 -4.7661e-01 4.8214e-01 2.3235e-01 1.0348e+03
1.6613e-03 1.1607e-02 -2.2286e-03 4.8841e-03 4.3313e-03 1.0008e+00 1.9784e+00 8.0139e-01 1.2881e-03 -4.9931e-01 5.0536e-01 2.4402e-01 1.0483e+03
1.7000e-03 1.2661e-02 -2.4164e-03 5.3414e-03 4.7306e-03 1.0487e+00 2.0717e+00 8.3972e-01 1.4189e-03 -5.2305e-01 5.2968e-01 2.5616e-01 1.0620e+03
1.7397e-03 1.3808e-02 -2.6193e-03 5.8413e-03 5.1663e-03 1.0990e+00 2.1693e+00 8.7985e-01 1.5632e-03 -5.4790e-01 5.5515e-01 2.6882e-01 1.0758e+03
1.7803e-03 1.5058e-02 -2.8384e-03 6.3875e-03 5.6416e-03 1.1515e+00 2.2713e+00 9.2187e-01 1.7221e-03 -5.7391e-01 5.8184e-01 2.8208e-01 1.0900e+03
1.8219e-03 1.6419e-02 -3.0750e-03 6.9845e-03 6.1601e-03 1.2066e+00 2.3780e+00 9.6586e-01 1.8972e-03 -6.0111e-01 6.0979e-01 2.9603e-01 1.1044e+03
1.8644e-03 1.7901e-02 -3.3304e-03 7.6369e-03 6.7256e-03 1.2642e+00 2.4895e+00 1.0119e+00 2.0902e-03 -6.2957e-01 6.3907e-01 3.1074e-01 1.1190e+03
1.9079e-03 1.9514e-02 -3.6059e-03 8.3498e-03 7.3423e-03 1.3245e+00 2.6061e+00 1.0601e+00 2.3028e-03 -6.5934e-01 6.6974e-01 3.2629e-01 1.1336e+03
1.9525e-03 2.1270e-02 -3.9030e-03 9.1288e-03 8.0147e-03 1.3876e+00 2.7279e+00 1.1105e+00 2.5371e-03 -6.9046e-01 7.0184e-01 3.4272e-01 1.1480e+03
1.9980e-03 2.3181e-02 -4.2232e-03 9.9799e-03 8.7479e-03 1.4537e+00 2.8550e+00 1.1633e+00 2.7952e-03 -7.2300e-01 7.3544e-01 3.6004e-01 1.1620e+03
2.0447e-03 2.5260e-02 -4.5682e-03 1.0910e-02 9.5472e-03 1.5227e+00 2.9878e+00 1.2184e+00 3.0797e-03 -7.5700e-01 7.7062e-01 3.7823e-01 1.1756e+03
2.0924e-03 2.7522e-02 -4.9398e-03 1.1925e-02 1.0418e-02 1.5950e+00 3.1265e+00 1.2761e+00 3.3932e-03 -7.9253e-01 8.0743e-01 3.9726e-01 1.1886e+03
2.1412e-03 2.9983e-02 -5.3398e-03 1.3035e-02 1.1368e-02 1.6706e+00 3.2712e+00 1.3364e+00 3.7385e-03 -8.2966e-01 8.4596e-01 4.1714e-01 1.2010e+03
2.1912e-03 3.2659e-02 -5.7701e-03 1.4247e-02 1.2402e-02 1.7496e+00 3.4223e+00 1.3995e+00 4.1191e-03 -8.6847e-01 8.8630e-01 4.3784e-01 1.2131e+03
2.2423e-03 3.5569e-02 -6.2329e-03 1.5571e-02 1.3530e-02 1.8324e+00 3.5801e+00 1.4655e+00 4.5385e-03 -9.0902e-01 9.2853e-01 4.5940e-01 1.2248e+03
2.2947e-03 3.8733e-02 -6.7303e-03 1.7017e-02 1.4758e-02 1.9189e+00 3.7448e+00 1.5346e+00 5.0005e-03 -9.5141e-01 9.7274e-01 4.8187e-01 1.2364e+03
2.3482e-03 4.2172e-02 -7.2646e-03 1.8596e-02 1.6095e-02 2.0095e+00 3.9168e+00 1.6068e+00 5.5096e-03 -9.9571e-01 1.0190e+00 5.0534e-01 1.2480e+03
2.4030e-03 4.5910e-02 -7.8383e-03 2.0320e-02 1.7552e-02 2.1043e+00 4.0964e+00 1.6824e+00 6.0705e-03 -1.0420e+00 1.0675e+00 5.2992e-01 1.2597e+03
2.4591e-03 4.9971e-02 -8.4538e-03 2.2203e-02 1.9139e-02 2.2034e+00 4.2839e+00 1.7615e+00 6.6885e-03 -1.0904e+00 1.1183e+00 5.5571e-01 1.2715e+03
2.5165e-03 5.4383e-02 -9.1138e-03 2.4259e-02 2.0866e-02 2.3072e+00 4.4795e+00 1.8442e+00 7.3693e-03 -1.1410e+00 1.1715e+00 5.8283e-01 1.2832e+03
2.5753e-03 5.9175e-02 -9.8211e-03 2.6504e-02 2.2746e-02 2.4157e+00 4.6837e+00 1.9306e+00 8.1193e-03 -1.1938e+00 1.2272e+00 6.1134e-01 1.2947e+03
2.6354e-03 6.4379e-02 -1.0579e-02 2.8954e-02 2.4793e-02 2.5293e+00 4.8966e+00 2.0211e+00 8.9455e-03 -1.2490e+00 1.2854e+00 6.4129e-01 1.3059e+03
2.6969e-03 7.0029e-02 -1.1389e-02 3.1629e-02 2.7020e-02 2.6480e+00 5.1188e+00 2.1157e+00 9.8556e-03 -1.3066e+00 1.3465e+00 6.7269e-01 1.3167e+03
2.7598e-03 7.6163e-02 -1.2257e-02 3.4548e-02 2.9443e-02 2.7722e+00 5.3504e+00 2.2145e+00 1.0858e-02 -1.3668e+00 1.4104e+00 7.0555e-01 1.3271e+03
2.8242e-03 8.2819e-02 -1.3183e-02 3.7735e-02 3.2079e-02 2.9021e+00 5.5920e+00 2.3179e+00 1.1962e-02 -1.4296e+00 1.4772e+00 7.3991e-01 1.3371e+03
2.8902e-03 9.0041e-02 -1.4173e-02 4.1212e-02 3.4947e-02 3.0380e+00 5.8439e+00 2.4260e+00 1.3179e-02 -1.4952e+00 1.5473e+00 7.7582e-01 1.3469e+03
2.9576e-03 9.7876e-02 -1.5229e-02 4.5007e-02 3.8065e-02 3.1801e+00 6.1065e+00 2.5390e+00 1.4518e-02 -1.5637e+00 1.6206e+00 8.1338e-01 1.3566e+03
3.0266e-03 1.0637e-01 -1.6354e-02 4.9149e-02 4.1456e-02 3.3287e+00 6.3802e+00 2.6572e+00 1.5993e-02 -1.6352e+00 1.6974e+00 8.5272e-01 1.3662e+03
3.0973e-03 1.1559e-01 -1.7554e-02 5.3667e-02 4.5142e-02 3.4841e+00 6.6656e+00 2.7808e+00 1.7617e-02 -1.7098e+00 1.7778e+00 8.9397e-01 1.3757e+03
3.1696e-03 1.2558e-01 -1.8830e-02 5.8596e-02 4.9148e-02 3.6466e+00 6.9629e+00 2.9099e+00 1.9406e-02 -1.7877e+00 1.8620e+00 9.3725e-01 1.3851e+03
3.2436e-03 1.3640e-01 -2.0187e-02 6.3974e-02 5.3502e-02 3.8166e+00 7.2727e+00 3.0449e+00 2.1375e-02 -1.8690e+00 1.9501e+00 9.8266e-01 1.3942e+03
3.3193e-03 1.4813e-01 -2.1628e-02 6.9839e-02 5.8232e-02 3.9943e+00 7.5953e+00 3.1860e+00 2.3543e-02 -1.9538e+00 2.0425e+00 1.0303e+00 1.4031e+03
3.3967e-03 1.6084e-01 -2.3158e-02 7.6237e-02 6.3370e-02 4.1801e+00 7.9313e+00 3.3335e+00 2.5929e-02 -2.0423e+00 2.1391e+00 1.0802e+00 1.4116e+03
3.4760e-03 1.7460e-01 -2.4779e-02 8.3214e-02 6.8951e-02 4.3743e+00 8.2812e+00 3.4876e+00 2.8556e-02 -2.1346e+00 2.2403e+00 1.1324e+00 1.4199e+03
3.5572e-03 1.8949e-01 -2.6495e-02 9.0823e-02 7.5010e-02 4.5773e+00 8.6454e+00 3.6486e+00 3.1448e-02 -2.2308e+00 2.3462e+00 1.1871e+00 1.4280e+03
3.6402e-03 2.0562e-01 -2.8309e-02 9.9120e-02 8.1588e-02 4.7896e+00 9.0245e+00 3.8169e+00 3.4630e-02 -2.3311e+00 2.4572e+00 1.2444e+00 1.4360e+03
3.7251e-03 2.2307e-01 -3.0225e-02 1.0817e-01 8.8728e-02 5.0115e+00 9.4189e+00 3.9927e+00 3.8131e-02 -2.4357e+00 2.5734e+00 1.3045e+00 1.4438e+03
3.8121e-03 2.4195e-01 -3.2245e-02 1.1803e-01 9.6475e-02 5.2434e+00 9.8293e+00 4.1763e+00 4.1984e-02 -2.5447e+00 2.6950e+00 1.3675e+00 1.4514e+03
3.9011e-03 2.6237e-01 -3.4373e-02 1.2878e-01 1.0488e-01 5.4857e+00 1.0256e+01 4.3682e+00 4.6223e-02 -2.6583e+00 2.8224e+00 1.4335e+00 1.4588e+03
3.9921e-03 2.8444e-01 -3.6609e-02 1.4049e-01 1.1400e-01 5.7390e+00 1.0700e+01 4.5686e+00 5.0886e-02 -2.7767e+00 2.9557e+00 1.5028e+00 1.4661e+03
4.0853e-03 3.0830e-01 -3.8956e-02 1.5326e-01 1.2388e-01 6.0037e+00 1.1161e+01 4.7779e+00 5.6015e-02 -2.9000e+00 3.0954e+00 1.5753e+00 1.4730e+03
4.1806e-03 3.3409e-01 -4.1415e-02 1.6718e-01 1.3460e-01 6.2802e+00 1.1641e+01 4.9965e+00 6.1656e-02 -3.0284e+00 3.2416e+00 1.6514e+00 1.4798e+03
4.2782e-03 3.6194e-01 -4.3987e-02 1.8234e-01 1.4621e-01 6.5691e+00 1.2139e+01 5.2247e+00 6.7858e-02 -3.1621e+00 3.3947e+00 1.7311e+00 1.4864e+03
4.3781e-03 3.9202e-01 -4.6670e-02 1.9886e-01 1.5880e-01 6.8709e+00 1.2657e+01 5.4630e+00 7.4678e-02 -3.3012e+00 3.5550e+00 1.8147e+00 1.4929e+03
4.4803e-03 4.2450e-01 -4.9463e-02 2.1686e-01 1.7244e-01 7.1862e+00 1.3194e+01 5.7118e+00 8.2175e-02 -3.4461e+00 3.7229e+00 1.9023e+00 1.4992e+03
4.5848e-03 4.5954e-01 -5.2364e-02 2.3646e-01 1.8720e-01 7.5155e+00 1.3752e+01 5.9715e+00 9.0416e-02 -3.5967e+00 3.8987e+00 1.9942e+00 1.5053e+03
4.6918e-03 4.9736e-01 -5.5369e-02 2.5781e-01 2.0319e-01 7.8594e+00 1.4331e+01 6.2425e+00 9.9472e-02 -3.7535e+00 4.0827e+00 2.0906e+00 1.5112e+03
4.8013e-03 5.3814e-01 -5.8473e-02 2.8106e-01 2.2050e-01 8.2185e+00 1.4932e+01 6.5254e+00 1.0942e-01 -3.9165e+00 4.2755e+00 2.1916e+00 1.5170e+03
4.9134e-03 5.8210e-01 -6.1668e-02 3.0637e-01 2.3923e-01 8.5935e+00 1.5555e+01 6.8206e+00 1.2036e-01 -4.0859e+00 4.4773e+00 2.2975e+00 1.5225e+03
5.0281e-03 6.2949e-01 -6.4946e-02 3.3393e-01 2.5949e-01 8.9849e+00 1.6201e+01 7.1285e+00 1.3236e-01 -4.2619e+00 4.6886e+00 2.4086e+00 1.5279e+03
5.1454e-03 6.8054e-01 -6.8294e-02 3.6393e-01 2.8140e-01 9.3936e+00 1.6870e+01 7.4497e+00 1.4555e-01 -4.4449e+00 4.9098e+00 2.5251e+00 1.5332e+03
5.2655e-03 7.3553e-01 -7.1701e-02 3.9658e-01 3.0510e-01 9.8201e+00 1.7564e+01 7.7848e+00 1.6003e-01 -4.6348e+00 5.1415e+00 2.6472e+00 1.5383e+03
5.3884e-03 7.9473e-01 -7.5148e-02 4.3211e-01 3.3071e-01 1.0265e+01 1.8282e+01 8.1342e+00 1.7593e-01 -4.8320e+00 5.3841e+00 2.7753e+00 1.5432e+03
5.5142e-03 8.5843e-01 -7.8617e-02 4.7078e-01 3.5838e-01 1.0730e+01 1.9026e+01 8.4985e+00 1.9338e-01 -5.0367e+00 5.6381e+00 2.9096e+00 1.5480e+03
5.6429e-03 9.2697e-01 -8.2084e-02 5.1285e-01 3.8827e-01 1.1214e+01 1.9795e+01 8.8783e+00 2.1253e-01 -5.2491e+00 5.9041e+00 3.0505e+00 1.5526e+03
5.7746e-03 1.0007e+00 -8.5522e-02 5.5861e-01 4.2055e-01 1.1720e+01 2.0591e+01 9.2742e+00 2.3354e-01 -5.4693e+00 6.1825e+00 3.1982e+00 1.5571e+03
5.9094e-03 1.0799e+00 -8.8898e-02 6.0838e-01 4.5540e-01 1.2247e+01 2.1415e+01 9.6868e+00 2.5659e-01 -5.6976e+00 6.4741e+00 3.3532e+00 1.5614e+03
6.0473e-03 1.1650e+00 -9.2178e-02 6.6250e-01 4.9300e-01 1.2797e+01 2.2265e+01 1.0117e+01 2.8186e-01 -5.9341e+00 6.7795e+00 3.5157e+00 1.5656e+03
6.1885e-03 1.2564e+00 -9.5317e-02 7.2135e-01 5.3357e-01 1.3371e+01 2.3144e+01 1.0565e+01 3.0957e-01 -6.1791e+00 7.0992e+00 3.6862e+00 1.5697e+03
6.3329e-03 1.3546e+00 -9.8269e-02 7.8533e-01 5.7732e-01 1.3969e+01 2.4052e+01 1.1031e+01 3.3995e-01 -6.4327e+00 7.4339e+00 3.8650e+00 1.5736e+03
6.4807e-03 1.4599e+00 -1.0098e-01 8.5487e-01 6.2448e-01 1.4592e+01 2.4989e+01 1.1517e+01 3.7323e-01 -6.6951e+00 7.7845e+00 4.0525e+00 1.5774e+03
6.6320e-03 1.5729e+00 -1.0338e-01 9.3044e-01 6.7530e-01 1.5241e+01 2.5956e+01 1.2023e+01 4.0970e-01 -6.9665e+00 8.1515e+00 4.2492e+00 1.5810e+03
6.7868e-03 1.6940e+00 -1.0541e-01 1.0126e+00 7.3005e-01 1.5918e+01 2.6952e+01 1.2550e+01 4.4965e-01 -7.2471e+00 8.5357e+00 4.4555e+00 1.5845e+03
6.9452e-03 1.8238e+00 -1.0699e-01 1.1018e+00 7.8901e-01 1.6623e+01 2.7979e+01 1.3098e+01 4.9338e-01 -7.5369e+00 8.9381e+00 4.6719e+00 1.5879e+03
7.1073e-03 1.9629e+00 -1.0802e-01 1.1986e+00 8.5247e-01 1.7357e+01 2.9037e+01 1.3668e+01 5.4126e-01 -7.8362e+00 9.3594e+00 4.8989e+00 1.5912e+03
7.2732e-03 2.1117e+00 -1.0841e-01 1.3039e+00 9.2075e-01 1.8122e+01 3.0126e+01 1.4261e+01 5.9366e-01 -8.1450e+00 9.8005e+00 5.1370e+00 1.5944e+03
7.4429e-03 2.2710e+00 -1.0805e-01 1.4181e+00 9.9419e-01 1.8918e+01 3.1246e+01 1.4878e+01 6.5099e-01 -8.4634e+00 1.0262e+01 5.3868e+00 1.5974e+03
7.6166e-03 2.4414e+00 -1.0681e-01 1.5421e+00 1.0732e+00 1.9747e+01 3.2399e+01 1.5520e+01 7.1369e-01 -8.7916e+00 1.0746e+01 5.6488e+00 1.6003e+03
7.7944e-03 2.6235e+00 -1.0455e-01 1.6767e+00 1.1580e+00 2.0610e+01 3.3583e+01 1.6186e+01 7.8224e-01 -9.1296e+00 1.1252e+01 5.9235e+00 1.6032e+03
7.9763e-03 2.8181e+00 -1.0112e-01 1.8227e+00 1.2492e+00 2.1507e+01 3.4798e+01 1.6879e+01 8.5717e-01 -9.4774e+00 1.1782e+01 6.2117e+00 1.6059e+03
8.1625e-03 3.0260e+00 -9.6359e-02 1.9811e+00 1.3470e+00 2.2440e+01 3.6046e+01 1.7599e+01 9.3904e-01 -9.8351e+00 1.2337e+01 6.5140e+00 1.6085e+03
8.3530e-03 3.2478e+00 -9.0072e-02 2.1529e+00 1.4521e+00 2.3411e+01 3.7327e+01 1.8347e+01 1.0285e+00 -1.0203e+01 1.2918e+01 6.8311e+00 1.6110e+03
8.5480e-03 3.4844e+00 -8.2055e-02 2.3392e+00 1.5648e+00 2.4421e+01 3.8639e+01 1.9124e+01 1.1261e+00 -1.0580e+01 1.3526e+01 7.1636e+00 1.6133e+03
8.7475e-03 3.7366e+00 -7.2084e-02 2.5412e+00 1.6856e+00 2.5470e+01 3.9982e+01 1.9930e+01 1.2327e+00 -1.0967e+01 1.4163e+01 7.5123e+00 1.6156e+03
8.9517e-03 4.0054e+00 -5.9910e-02 2.7601e+00 1.8151e+00 2.6560e+01 4.1358e+01 2.0767e+01 1.3490e+00 -1.1364e+01 1.4830e+01 7.8781e+00 1.6178e+03
9.1606e-03 4.2916e+00 -4.5263e-02 2.9972e+00 1.9538e+00 2.7693e+01 4.2765e+01 2.1634e+01 1.4758e+00 -1.1770e+01 1.5527e+01 8.2616e+00 1.6199e+03
9.3744e-03 4.5962e+00 -2.7848e-02 3.2541e+00 2.1023e+00 2.8869e+01 4.4202e+01 2.2534e+01 1.6141e+00 -1.2186e+01 1.6258e+01 8.6637e+00 1.6219e+03
9.5932e-03 4.9201e+00 -7.3413e-03 3.5323e+00 2.2612e+00 3.0090e+01 4.5670e+01 2.3468e+01 1.7647e+00 -1.2610e+01 1.7023e+01 9.0853e+00 1.6238e+03
9.8171e-03 5.2645e+00 1.6608e-02 3.8334e+00 2.4312e+00 3.1358e+01 4.7168e+01 2.4435e+01 1.9289e+00 -1.3043e+01 1.7823e+01 9.5274e+00 1.6256e+03
1.0046e-02 5.6302e+00 4.4379e-02 4.1593e+00 2.6130e+00 3.2673e+01 4.8696e+01 2.5437e+01 2.1076e+00 -1.3485e+01 1.8661e+01 9.9909e+00 1.6274e+03
1.0281e-02 6.0185e+00 7.6386e-02 4.5120e+00 2.8071e+00 3.4038e+01 5.0251e+01 2.6475e+01 2.3021e+00 -1.3935e+01 1.9538e+01 1.0477e+01 1.6290e+03
1.0521e-02 6.4304e+00 1.1307e-01 4.8934e+00 3.0144e+00 3.5453e+01 5.1835e+01 2.7549e+01 2.5138e+00 -1.4392e+01 2.0456e+01 1.0986e+01 1.6306e+03
1.0766e-02 6.8671e+00 1.5493e-01 5.3058e+00 3.2357e+00 3.6919e+01 5.3445e+01 2.8661e+01 2.7439e+00 -1.4857e+01 2.1416e+01 1.1519e+01 1.6321e+03
1.1018e-02 7.3296e+00 2.0246e-01 5.7516e+00 3.4717e+00 3.8439e+01 5.5080e+01 2.9811e+01 2.9940e+00 -1.5327e+01 2.2421e+01 1.2079e+01 1.6335e+03
1.1275e-02 7.8193e+00 2.5623e-01 6.2333e+00 3.7232e+00 4.0013e+01 5.6740e+01 3.1001e+01 3.2657e+00 -1.5804e+01 2.3473e+01 1.2665e+01 1.6348e+03
1.1538e-02 8.3374e+00 3.1684e-01 6.7536e+00 3.9912e+00 4.1643e+01 5.8424e+01 3.2230e+01 3.5607e+00 -1.6286e+01 2.4574e+01 1.3278e+01 1.6361e+03
1.1807e-02 8.8850e+00 3.8493e-01 7.3154e+00 4.2765e+00 4.3330e+01 6.0129e+01 3.3501e+01 3.8809e+00 -1.6772e+01 2.5725e+01 1.3921e+01 1.6372e+03
1.2083e-02 9.4634e+00 4.6118e-01 7.9218e+00 4.5801e+00 4.5076e+01 6.1854e+01 3.4813e+01 4.2281e+00 -1.7261e+01 2.6930e+01 1.4595e+01 1.6383e+03
1.2365e-02 1.0074e+01 5.4632e-01 8.5761e+00 4.9029e+00 4.6882e+01 6.3598e+01 3.6168e+01 4.6045e+00 -1.7752e+01 2.8190e+01 1.5300e+01 1.6394e+03
1.2653e-02 1.0718e+01 6.4112e-01 9.2817e+00 5.2458e+00 4.8748e+01 6.5358e+01 3.7566e+01 5.0124e+00 -1.8245e+01 2.9509e+01 1.6038e+01 1.6403e+03
1.2949e-02 1.1396e+01 7.4641e-01 1.0042e+01 5.6100e+00 5.0677e+01 6.7134e+01 3.9007e+01 5.4540e+00 -1.8738e+01 3.0888e+01 1.6810e+01 1.6412e+03
1.3251e-02 1.2111e+01 8.6305e-01 1.0862e+01 5.9964e+00 5.2670e+01 6.8924e+01 4.0494e+01 5.9319e+00 -1.9230e+01 3.2330e+01 1.7618e+01 1.6420e+03
1.3560e-02 1.2863e+01 9.9197e-01 1.1745e+01 6.4061e+00 5.4727e+01 7.0724e+01 4.2025e+01 6.4488e+00 -1.9719e+01 3.3838e+01 1.8464e+01 1.6427e+03
1.3877e-02 1.3653e+01 1.1341e+00 1.2695e+01 6.8403e+00 5.6850e+01 7.2534e+01 4.3603e+01 7.0074e+00 -2.0204e+01 3.5415e+01 1.9348e+01 1.6434e+03
1.4201e-02 1.4483e+01 1.2905e+00 1.3718e+01 7.2999e+00 5.9040e+01 7.4350e+01 4.5227e+01 7.6108e+00 -2.0684e+01 3.7064e+01 2.0273e+01 1.6440e+03
1.4532e-02 1.5354e+01 1.4623e+00 1.4818e+01 7.7862e+00 6.1298e+01 7.6172e+01 4.6897e+01 8.2622e+00 -2.1157e+01 3.8787e+01 2.1240e+01 1.6446e+03
1.4871e-02 1.6267e+01 1.6504e+00 1.6001e+01 8.3003e+00 6.3626e+01 7.7996e+01 4.8616e+01 8.9647e+00 -2.1620e+01 4.0588e+01 2.2250e+01 1.6451e+03
1.5218e-02 1.7224e+01 1.8561e+00 1.7271e+01 8.8433e+00 6.6023e+01 7.9820e+01 5.0382e+01 9.7220e+00 -2.2073e+01 4.2470e+01 2.3305e+01 1.6455e+03
1.5573e-02 1.8225e+01 2.0807e+00 1.8635e+01 9.4165e+00 6.8490e+01 8.1641e+01 5.2196e+01 1.0538e+01 -2.2513e+01 4.4437e+01 2.4407e+01 1.6458e+03
1.5937e-02 1.9272e+01 2.3252e+00 2.0100e+01 1.0021e+01 7.1030e+01 8.3458e+01 5.4058e+01 1.1416e+01 -2.2938e+01 4.6491e+01 2.5558e+01 1.6461e+03
1.6309e-02 2.0365e+01 2.5910e+00 2.1670e+01 1.0658e+01 7.3642e+01 8.5268e+01 5.5969e+01 1.2360e+01 -2.3345e+01 4.8637e+01 2.6758e+01 1.6463e+03
1.6690e-02 2.1507e+01 2.8795e+00 2.3354e+01 1.1328e+01 7.6326e+01 8.7068e+01 5.7929e+01 1.3375e+01 -2.3734e+01 5.0878e+01 2.8011e+01 1.6465e+03
1.7079e-02 2.2697e+01 3.1919e+00 2.5158e+01 1.2034e+01 7.9084e+01 8.8857e+01 5.9938e+01 1.4466e+01 -2.4100e+01 5.3217e+01 2.9316e+01 1.6466e+03
1.7478e-02 2.3936e+01 3.5295e+00 2.7090e+01 1.2775e+01 8.1916e+01 9.0631e+01 6.1995e+01 1.5636e+01 -2.4443e+01 5.5660e+01 3.0677e+01 1.6466e+03
1.7886e-02 2.5226e+01 3.8937e+00 2.9158e+01 1.3553e+01 8.4822e+01 9.2388e+01 6.4102e+01 1.6891e+01 -2.4759e+01 5.8209e+01 3.2095e+01 1.6466e+03
1.8303e-02 2.6566e+01 4.2858e+00 3.1370e+01 1.4369e+01 8.7802e+01 9.4126e+01 6.6257e+01 1.8235e+01 -2.5046e+01 6.0868e+01 3.3571e+01 1.6465e+03
1.8730e-02 2.7959e+01 4.7072e+00 3.3733e+01 1.5223e+01 9.0857e+01 9.5843e+01 6.8461e+01 1.9675e+01 -2.5301e+01 6.3642e+01 3.5106e+01 1.6463e+03
1.9167e-02 2.9403e+01 5.1593e+00 3.6257e+01 1.6118e+01 9.3987e+01 9.7536e+01 7.0712e+01 2.1214e+01 -2.5522e+01 6.6535e+01 3.6704e+01 1.6461e+03
1.9615e-02 3.0900e+01 5.6432e+00 3.8951e+01 1.7054e+01 9.7191e+01 9.9204e+01 7.3012e+01 2.2858e+01 -2.5706e+01 6.9550e+01 3.8364e+01 1.6458e+03
2.0073e-02 3.2449e+01 6.1602e+00 4.1824e+01 1.8031e+01 1.0047e+02 1.0084e+02 7.5359e+01 2.4613e+01 -2.5851e+01 7.2693e+01 4.0089e+01 1.6455e+03
2.0541e-02 3.4052e+01 6.7116e+00 4.4884e+01 1.9050e+01 1.0382e+02 1.0245e+02 7.7753e+01 2.6485e+01 -2.5953e+01 7.5968e+01 4.1880e+01 1.6450e+03
2.1021e-02 3.5708e+01 7.2985e+00 4.8143e+01 2.0113e+01 1.0725e+02 1.0403e+02 8.0194e+01 2.8479e+01 -2.6010e+01 7.9378e+01 4.3739e+01 1.6446e+03
2.1511e-02 3.7416e+01 7.9219e+00 5.1610e+01 2.1218e+01 1.1075e+02 1.0558e+02 8.2680e+01 3.0601e+01 -2.6020e+01 8.2928e+01 4.5665e+01 1.6440e+03
2.2013e-02 3.9178e+01 8.5829e+00 5.5294e+01 2.2368e+01 1.1432e+02 1.0709e+02 8.5211e+01 3.2857e+01 -2.5980e+01 8.6622e+01 4.7662e+01 1.6434e+03
2.2527e-02 4.0993e+01 9.2823e+00 5.9206e+01 2.3563e+01 1.1796e+02 1.0857e+02 8.7787e+01 3.5252e+01 -2.5888e+01 9.0465e+01 4.9729e+01 1.6427e+03
2.3053e-02 4.2861e+01 1.0021e+01 6.3356e+01 2.4802e+01 1.2168e+02 1.1001e+02 9.0406e+01 3.7793e+01 -2.5742e+01 9.4460e+01 5.1868e+01 1.6420e+03
2.3591e-02 4.4781e+01 1.0799e+01 6.7754e+01 2.6085e+01 1.2546e+02 1.1140e+02 9.3068e+01 4.0484e+01 -2.5538e+01 9.8612e+01 5.4079e+01 1.6412e+03
2.4142e-02 4.6752e+01 1.1618e+01 7.2409e+01 2.7414e+01 1.2931e+02 1.1276e+02 9.5772e+01 4.3331e+01 -2.5276e+01 1.0293e+02 5.6364e+01 1.6403e+03
2.4705e-02 4.8775e+01 1.2478e+01 7.7333e+01 2.8787e+01 1.3323e+02 1.1408e+02 9.8516e+01 4.6341e+01 -2.4952e+01 1.0740e+02 5.8722e+01 1.6393e+03
2.5282e-02 5.0849e+01 1.3379e+01 8.2535e+01 3.0205e+01 1.3722e+02 1.1536e+02 1.0130e+02 4.9519e+01 -2.4567e+01 1.1205e+02 6.1155e+01 1.6383e+03
2.5872e-02 5.2972e+01 1.4321e+01 8.8027e+01 3.1667e+01 1.4127e+02 1.1659e+02 1.0412e+02 5.2869e+01 -2.4117e+01 1.1687e+02 6.3662e+01 1.6372e+03
2.6476e-02 5.5145e+01 1.5304e+01 9.3818e+01 3.3173e+01 1.4539e+02 1.1779e+02 1.0698e+02 5.6399e+01 -2.3601e+01 1.2187e+02 6.6244e+01 1.6360e+03
2.7094e-02 5.7367e+01 1.6329e+01 9.9919e+01 3.4723e+01 1.4957e+02 1.1893e+02 1.0988e+02 6.0112e+01 -2.3019e+01 1.2705e+02 6.8901e+01 1.6347e+03
2.7726e-02 5.9636e+01 1.7393e+01 1.0634e+02 3.6315e+01 1.5380e+02 1.2003e+02 1.1282e+02 6.4013e+01 -2.2369e+01 1.3241e+02 7.1633e+01 1.6334e+03
2.8373e-02 6.1953e+01 1.8498e+01 1.1309e+02 3.7949e+01 1.5810e+02 1.2109e+02 1.1578e+02 6.8109e+01 -2.1651e+01 1.3796e+02 7.4439e+01 1.6319e+03
2.9035e-02 6.4317e+01 1.9642e+01 1.2018e+02 3.9624e+01 1.6246e+02 1.2209e+02 1.1879e+02 7.2401e+01 -2.0865e+01 1.4370e+02 7.7318e+01 1.6304e+03
2.9713e-02 6.6727e+01 2.0824e+01 1.2761e+02 4.1339e+01 1.6687e+02 1.2305e+02 1.2182e+02 7.6896e+01 -2.0010e+01 1.4964e+02 8.0271e+01 1.6288e+03
3.0406e-02 6.9182e+01 2.2043e+01 1.3541e+02 4.3092e+01 1.7133e+02 1.2395e+02 1.2489e+02 8.1595e+01 -1.9087e+01 1.5578e+02 8.3296e+01 1.6272e+03
3.1116e-02 7.1682e+01 2.3298e+01 1.4356e+02 4.4884e+01 1.7585e+02 1.2481e+02 1.2798e+02 8.6503e+01 -1.8095e+01 1.6211e+02 8.6393e+01 1.6254e+03
3.1842e-02 7.4228e+01 2.4587e+01 1.5209e+02 4.6712e+01 1.8042e+02 1.2560e+02 1.3111e+02 9.1622e+01 -1.7037e+01 1.6865e+02 8.9560e+01 1.6235e+03
3.2586e-02 7.6818e+01 2.5909e+01 1.6099e+02 4.8575e+01 1.8504e+02 1.2634e+02 1.3426e+02 9.6954e+01 -1.5911e+01 1.7539e+02 9.2797e+01 1.6216e+03
3.3346e-02 7.9453e+01 2.7263e+01 1.7028e+02 5.0472e+01 1.8970e+02 1.2702e+02 1.3745e+02 1.0250e+02 -1.4718e+01 1.8235e+02 9.6102e+01 1.6195e+03
3.4124e-02 8.2133e+01 2.8648e+01 1.7996e+02 5.2403e+01 1.9441e+02 1.2763e+02 1.4065e+02 1.0827e+02 -1.3460e+01 1.8951e+02 9.9475e+01 1.6174e+03
3.4921e-02 8.4859e+01 3.0061e+01 1.9003e+02 5.4367e+01 1.9917e+02 1.2817e+02 1.4389e+02 1.1426e+02 -1.2137e+01 1.9688e+02 1.0291e+02 1.6151e+03
3.5736e-02 8.7630e+01 3.1503e+01 2.0050e+02 5.6362e+01 2.0396e+02 1.2863e+02 1.4715e+02 1.2046e+02 -1.0749e+01 2.0446e+02 1.0642e+02 1.6128e+03
3.6570e-02 9.0447e+01 3.2971e+01 2.1138e+02 5.8389e+01 2.0880e+02 1.2901e+02 1.5043e+02 1.2689e+02 -9.2957e+00 2.1226e+02 1.0999e+02 1.6103e+03
3.7424e-02 9.3312e+01 3.4466e+01 2.2267e+02 6.0446e+01 2.1367e+02 1.2930e+02 1.5374e+02 1.3355e+02 -7.7771e+00 2.2027e+02 1.1362e+02 1.6077e+03
3.8297e-02 9.6224e+01 3.5986e+01 2.3437e+02 6.2534e+01 2.1858e+02 1.2950e+02 1.5707e+02 1.4043e+02 -6.1924e+00 2.2850e+02 1.1732e+02 1.6050e+03
3.9191e-02 9.9185e+01 3.7532e+01 2.4650e+02 6.4654e+01 2.2352e+02 1.2958e+02 1.6042e+02 1.4754e+02 -4.5401e+00 2.3695e+02 1.2108e+02 1.6022e+03
4.0106e-02 1.0220e+02 3.9105e+01 2.5905e+02 6.6804e+01 2.2850e+02 1.2956e+02 1.6378e+02 1.5489e+02 -2.8179e+00 2.4562e+02 1.2491e+02 1.5993e+03
4.1042e-02 1.0526e+02 4.0704e+01 2.7203e+02 6.8987e+01 2.3350e+02 1.2941e+02 1.6717e+02 1.6247e+02 -1.0228e+00 2.5451e+02 1.2880e+02 1.5963e+03
4.2000e-02 1.0837e+02 4.2332e+01 2.8546e+02 7.1204e+01 2.3853e+02 1.2913e+02 1.7057e+02 1.7029e+02 8.4933e-01 2.6363e+02 1.3276e+02 1.5931e+03
4.2980e-02 1.1154e+02 4.3990e+01 2.9932e+02 7.3456e+01 2.4359e+02 1.2871e+02 1.7398e+02 1.7836e+02 2.8036e+00 2.7297e+02 1.3678e+02 1.5898e+03
4.3983e-02 1.1476e+02 4.5681e+01 3.1365e+02 7.5745e+01 2.4867e+02 1.2814e+02 1.7741e+02 1.8668e+02 4.8466e+00 2.8254e+02 1.4087e+02 1.5864e+03
4.5010e-02 1.1803e+02 4.7410e+01 3.2843e+02 7.8075e+01 2.5376e+02 1.2740e+02 1.8084e+02 1.9526e+02 6.9862e+00 2.9233e+02 1.4504e+02 1.5828e+03
4.6060e-02 1.2136e+02 4.9179e+01 3.4369e+02 8.0447e+01 2.5887e+02 1.2649e+02 1.8428e+02 2.0410e+02 9.2317e+00 3.0236e+02 1.4928e+02 1.5791e+03
4.7135e-02 1.2474e+02 5.0995e+01 3.5943e+02 8.2867e+01 2.6399e+02 1.2539e+02 1.8773e+02 2.1321e+02 1.1594e+01 3.1263e+02 1.5359e+02 1.5752e+03
4.8235e-02 1.2818e+02 5.2862e+01 3.7567e+02 8.5337e+01 2.6911e+02 1.2411e+02 1.9117e+02 2.2262e+02 1.4084e+01 3.2313e+02 1.5799e+02 1.5712e+03
4.9361e-02 1.3167e+02 5.4788e+01 3.9243e+02 8.7862e+01 2.7424e+02 1.2262e+02 1.9460e+02 2.3232e+02 1.6717e+01 3.3387e+02 1.6247e+02 1.5671e+03
5.0513e-02 1.3520e+02 5.6779e+01 4.0973e+02 9.0446e+01 2.7936e+02 1.2094e+02 1.9802e+02 2.4234e+02 1.9506e+01 3.4486e+02 1.6704e+02 1.5628e+03
5.1692e-02 1.3879e+02 5.8842e+01 4.2759e+02 9.3093e+01 2.8447e+02 1.1904e+02 2.0143e+02 2.5270e+02 2.2467e+01 3.5610e+02 1.7170e+02 1.5583e+03
5.2899e-02 1.4242e+02 6.0985e+01 4.4602e+02 9.5807e+01 2.8956e+02 1.1693e+02 2.0481e+02 2.6339e+02 2.5616e+01 3.6760e+02 1.7646e+02 1.5537e+03
5.4134e-02 1.4608e+02 6.3215e+01 4.6505e+02 9.8591e+01 2.9462e+02 1.1462e+02 2.0817e+02 2.7446e+02 2.8968e+01 3.7935e+02 1.8132e+02 1.5489e+03
5.5397e-02 1.4978e+02 6.5539e+01 4.8471e+02 1.0145e+02 2.9966e+02 1.1210e+02 2.1148e+02 2.8590e+02 3.2539e+01 3.9136e+02 1.8628e+02 1.5440e+03
5.6690e-02 1.5351e+02 6.7962e+01 5.0502e+02 1.0438e+02 3.0465e+02 1.0937e+02 2.1475e+02 2.9775e+02 3.6345e+01 4.0364e+02 1.9135e+02 1.5389e+03
5.8013e-02 1.5725e+02 7.0492e+01 5.2601e+02 1.0739e+02 3.0959e+02 1.0646e+02 2.1797e+02 3.1001e+02 4.0398e+01 4.1618e+02 1.9652e+02 1.5336e+03
5.9367e-02 1.6100e+02 7.3131e+01 5.4768e+02 1.1048e+02 3.1448e+02 1.0336e+02 2.2113e+02 3.2270e+02 4.4711e+01 4.2900e+02 2.0180e+02 1.5281e+03
6.0753e-02 1.6475e+02 7.5884e+01 5.7008e+02 1.1364e+02 3.1929e+02 1.0010e+02 2.2422e+02 3.3584e+02 4.9292e+01 4.4208e+02 2.0718e+02 1.5224e+03
6.2171e-02 1.6849e+02 7.8750e+01 5.9320e+02 1.1688e+02 3.2402e+02 9.6698e+01 2.2722e+02 3.4943e+02 5.4145e+01 4.5542e+02 2.1266e+02 1.5166e+03
6.3622e-02 1.7221e+02 8.1728e+01 6.1706e+02 1.2018e+02 3.2866e+02 9.3167e+01 2.3014e+02 3.6347e+02 5.9271e+01 4.6903e+02 2.1823e+02 1.5105e+03
6.5107e-02 1.7589e+02 8.4814e+01 6.4166e+02 1.2354e+02 3.3320e+02 8.9534e+01 2.3296e+02 3.7798e+02 6.4666e+01 4.8289e+02 2.2389e+02 1.5043e+03
6.6627e-02 1.7952e+02 8.8002e+01 6.6701e+02 1.2696e+02 3.3762e+02 8.5824e+01 2.3568e+02 3.9293e+02 7.0318e+01 4.9700e+02 2.2961e+02 1.4978e+03
6.8182e-02 1.8309e+02 9.1280e+01 6.9309e+02 1.3041e+02 3.4192e+02 8.2063e+01 2.3828e+02 4.0833e+02 7.6211e+01 5.1134e+02 2.3538e+02 1.4912e+03
6.9773e-02 1.8659e+02 9.4636e+01 7.1986e+02 1.3388e+02 3.4609e+02 7.8278e+01 2.4076e+02 4.2413e+02 8.2321e+01 5.2589e+02 2.4120e+02 1.4843e+03
7.1402e-02 1.8999e+02 9.8054e+01 7.4730e+02 1.3735e+02 3.5011e+02 7.4496e+01 2.4312e+02 4.4032e+02 8.8619e+01 5.4064e+02 2.4702e+02 1.4773e+03
7.3068e-02 1.9331e+02 1.0152e+02 7.7535e+02 1.4082e+02 3.5398e+02 7.0741e+01 2.4534e+02 4.5685e+02 9.5068e+01 5.5555e+02 2.5283e+02 1.4700e+03
7.4773e-02 1.9651e+02 1.0500e+02 8.0399e+02 1.4425e+02 3.5769e+02 6.7037e+01 2.4743e+02 4.7370e+02 1.0162e+02 5.7063e+02 2.5861e+02 1.4625e+03
7.6519e-02 1.9959e+02 1.0847e+02 8.3317e+02 1.4762e+02 3.6123e+02 6.3404e+01 2.4939e+02 4.9082e+02 1.0823e+02 5.8584e+02 2.6431e+02 1.4548e+03
7.8305e-02 2.0255e+02 1.1192e+02 8.6280e+02 1.5091e+02 3.6459e+02 5.9855e+01 2.5120e+02 5.0814e+02 1.1485e+02 6.0115e+02 2.6992e+02 1.4469e+03
8.0132e-02 2.0537e+02 1.1530e+02 8.9278e+02 1.5409e+02 3.6778e+02 5.6400e+01 2.5289e+02 5.2559e+02 1.2140e+02 6.1652e+02 2.7540e+02 1.4388e+03
8.2003e-02 2.0806e+02 1.1859e+02 9.2301e+02 1.5714e+02 3.7079e+02 5.3040e+01 2.5444e+02 5.4311e+02 1.2785e+02 6.3192e+02 2.8073e+02 1.4304e+03
8.3917e-02 2.1061e+02 1.2177e+02 9.5340e+02 1.6004e+02 3.7361e+02 4.9771e+01 2.5586e+02 5.6061e+02 1.3413e+02 6.4730e+02 2.8587e+02 1.4219e+03
8.5875e-02 2.1303e+02 1.2481e+02 9.8384e+02 1.6278e+02 3.7626e+02 4.6581e+01 2.5717e+02 5.7804e+02 1.4020e+02 6.6263e+02 2.9081e+02 1.4131e+03
8.7880e-02 2.1532e+02 1.2770e+02 1.0142e+03 1.6533e+02 3.7872e+02 4.3452e+01 2.5836e+02 5.9533e+02 1.4602e+02 6.7788e+02 2.9553e+02 1.4041e+03
8.9931e-02 2.1748e+02 1.3042e+02 1.0445e+03 1.6770e+02 3.8101e+02 4.0361e+01 2.5944e+02 6.1244e+02 1.5157e+02 6.9304e+02 3.0003e+02 1.3949e+03
9.2030e-02 2.1952e+02 1.3296e+02 1.0747e+03 1.6989e+02 3.8313e+02 3.7280e+01 2.6044e+02 6.2934e+02 1.5684e+02 7.0807e+02 3.0430e+02 1.3855e+03
9.4178e-02 2.2145e+02 1.3533e+02 1.1046e+03 1.7189e+02 3.8508e+02 3.4178e+01 2.6134e+02 6.4602e+02 1.6184e+02 7.2298e+02 3.0835e+02 1.3759e+03
9.6376e-02 2.2328e+02 1.3755e+02 1.1343e+03 1.7373e+02 3.8687e+02 3.1024e+01 2.6216e+02 6.6247e+02 1.6658e+02 7.3775e+02 3.1220e+02 1.3661e+03
9.8625e-02 2.2501e+02 1.3961e+02 1.1638e+03 1.7543e+02 3.8849e+02 2.7789e+01 2.6290e+02 6.7874e+02 1.7112e+02 7.5241e+02 3.1586e+02 1.3561e+03
1.0093e-01 2.2666e+02 1.4156e+02 1.1932e+03 1.7700e+02 3.8996e+02 2.4448e+01 2.6358e+02 6.9485e+02 1.7550e+02 7.6696e+02 3.1939e+02 1.3459e+03
1.0328e-01 2.2822e+02 1.4342e+02 1.2225e+03 1.7849e+02 3.9128e+02 2.0980e+01 2.6418e+02 7.1089e+02 1.7981e+02 7.8144e+02 3.2280e+02 1.3356e+03
1.0569e-01 2.2971e+02 1.4523e+02 1.2518e+03 1.7993e+02 3.9244e+02 1.7377e+01 2.6470e+02 7.2693e+02 1.8413e+02 7.9587e+02 3.2615e+02 1.3250e+03
1.0816e-01 2.3112e+02 1.4702e+02 1.2813e+03 1.8134e+02 3.9344e+02 1.3636e+01 2.6515e+02 7.4307e+02 1.8854e+02 8.1030e+02 3.2947e+02 1.3143e+03
1.1068e-01 2.3245e+02 1.4883e+02 1.3110e+03 1.8276e+02 3.9429e+02 9.7715e+00 2.6551e+02 7.5940e+02 1.9313e+02 8.2476e+02 3.3280e+02 1.3034e+03
1.1327e-01 2.3369e+02 1.5069e+02 1.3411e+03 1.8422e+02 3.9497e+02 5.8051e+00 2.6577e+02 7.7600e+02 1.9796e+02 8.3929e+02 3.3617e+02 1.2922e+03
1.1591e-01 2.3484e+02 1.5262e+02 1.3716e+03 1.8574e+02 3.9549e+02 1.7710e+00 2.6593e+02 7.9293e+02 2.0310e+02 8.5389e+02 3.3959e+02 1.2810e+03
1.1862e-01 2.3589e+02 1.5465e+02 1.4027e+03 1.8732e+02 3.9582e+02 -2.2870e+00 2.6597e+02 8.1024e+02 2.0855e+02 8.6859e+02 3.4307e+02 1.2695e+03
1.2139e-01 2.3683e+02 1.5676e+02 1.4343e+03 1.8896e+02 3.9598e+02 -6.3189e+00 2.6587e+02 8.2793e+02 2.1433e+02 8.8338e+02 3.4660e+02 1.2578e+03
1.2422e-01 2.3765e+02 1.5895e+02 1.4664e+03 1.9065e+02 3.9595e+02 -1.0272e+01 2.6563e+02 8.4597e+02 2.2037e+02 8.9824e+02 3.5014e+02 1.2460e+03
1.2712e-01 2.3833e+02 1.6118e+02 1.4989e+03 1.9234e+02 3.9572e+02 -1.4096e+01 2.6523e+02 8.6426e+02 2.2661e+02 9.1311e+02 3.5364e+02 1.2340e+03
1.3009e-01 2.3886e+02 1.6342e+02 1.5317e+03 1.9400e+02 3.9529e+02 -1.7747e+01 2.6468e+02 8.8270e+02 2.3293e+02 9.2794e+02 3.5705e+02 1.2218e+03
1.3312e-01 2.3925e+02 1.6561e+02 1.5644e+03 1.9557e+02 3.9466e+02 -2.1192e+01 2.6396e+02 9.0110e+02 2.3919e+02 9.4263e+02 3.6028e+02 1.2094e+03
1.3623e-01 2.3948e+02 1.6769e+02 1.5970e+03 1.9700e+02 3.9383e+02 -2.4411e+01 2.6310e+02 9.1929e+02 2.4524e+02 9.5709e+02 3.6327e+02 1.1968e+03
1.3941e-01 2.3957e+02 1.6962e+02 1.6290e+03 1.9824e+02 3.9281e+02 -2.7403e+01 2.6208e+02 9.3707e+02 2.5094e+02 9.7123e+02 3.6595e+02 1.1841e+03
1.4266e-01 2.3952e+02 1.7133e+02 1.6603e+03 1.9925e+02 3.9161e+02 -3.0184e+01 2.6093e+02 9.5429e+02 2.5616e+02 9.8495e+02 3.6825e+02 1.1712e+03
1.4599e-01 2.3933e+02 1.7279e+02 1.6907e+03 2.0000e+02 3.9023e+02 -3.2784e+01 2.5966e+02 9.7079e+02 2.6081e+02 9.9821e+02 3.7015e+02 1.1581e+03
1.4940e-01 2.3903e+02 1.7398e+02 1.7199e+03 2.0047e+02 3.8869e+02 -3.5246e+01 2.5829e+02 9.8651e+02 2.6484e+02 1.0109e+03 3.7162e+02 1.1449e+03
1.5289e-01 2.3862e+02 1.7491e+02 1.7480e+03 2.0067e+02 3.8699e+02 -3.7623e+01 2.5684e+02 1.0014e+03 2.6826e+02 1.0232e+03 3.7270e+02 1.1316e+03
1.5645e-01 2.3812e+02 1.7560e+02 1.7750e+03 2.0065e+02 3.8516e+02 -3.9964e+01 2.5531e+02 1.0156e+03 2.7117e+02 1.0349e+03 3.7342e+02 1.1181e+03
1.6011e-01 2.3754e+02 1.7610e+02 1.8010e+03 2.0044e+02 3.8319e+02 -4.2315e+01 2.5373e+02 1.0291e+03 2.7368e+02 1.0462e+03 3.7387e+02 1.1046e+03
1.6384e-01 2.3688e+02 1.7648e+02 1.8264e+03 2.0013e+02 3.8109e+02 -4.4703e+01 2.5209e+02 1.0423e+03 2.7597e+02 1.0571e+03 3.7413e+02 1.0909e+03
1.6767e-01 2.3614e+02 1.7679e+02 1.8513e+03 1.9976e+02 3.7886e+02 -4.7140e+01 2.5039e+02 1.0552e+03 2.7821e+02 1.0679e+03 3.7430e+02 1.0772e+03
1.7158e-01 2.3531e+02 1.7711e+02 1.8761e+03 1.9941e+02 3.7651e+02 -4.9615e+01 2.4864e+02 1.0681e+03 2.8056e+02 1.0785e+03 3.7444e+02 1.0634e+03
1.7559e-01 2.3439e+02 1.7748e+02 1.9011e+03 1.9911e+02 3.7401e+02 -5.2097e+01 2.4681e+02 1.0813e+03 2.8314e+02 1.0891e+03 3.7462e+02 1.0495e+03
1.7968e-01 2.3336e+02 1.7792e+02 1.9262e+03 1.9888e+02 3.7137e+02 -5.4540e+01 2.4489e+02 1.0946e+03 2.8601e+02 1.0996e+03 3.7485e+02 1.0355e+03
1.8388e-01 2.3220e+02 1.7842e+02 1.9515e+03 1.9870e+02 3.6858e+02 -5.6890e+01 2.4288e+02 1.1081e+03 2.8914e+02 1.1102e+03 3.7512e+02 1.0214e+03
1.8817e-01 2.3091e+02 1.7895e+02 1.9769e+03 1.9855e+02 3.6563e+02 -5.9093e+01 2.4075e+02 1.1217e+03 2.9241e+02 1.1206e+03 3.7535e+02 1.0072e+03
1.9256e-01 2.2947e+02 1.7944e+02 2.0021e+03 1.9834e+02 3.6252e+02 -6.1107e+01 2.3851e+02 1.1352e+03 2.9566e+02 1.1308e+03 3.7546e+02 9.9301e+02
1.9706e-01 2.2788e+02 1.7981e+02 2.0267e+03 1.9800e+02 3.5926e+02 -6.2910e+01 2.3615e+02 1.1483e+03 2.9868e+02 1.1407e+03 3.7535e+02 9.7869e+02
2.0166e-01 2.2616e+02 1.7999e+02 2.0504e+03 1.9747e+02 3.5585e+02 -6.4503e+01 2.3369e+02 1.1607e+03 3.0127e+02 1.1500e+03 3.7492e+02 9.6432e+02
2.0636e-01 2.2431e+02 1.7993e+02 2.0727e+03 1.9669e+02 3.5231e+02 -6.5911e+01 2.3115e+02 1.1722e+03 3.0330e+02 1.1588e+03 3.7411e+02 9.4989e+02
2.1118e-01 2.2237e+02 1.7961e+02 2.0934e+03 1.9565e+02 3.4865e+02 -6.7177e+01 2.2853e+02 1.1828e+03 3.0470e+02 1.1668e+03 3.7290e+02 9.3543e+02
2.1611e-01 2.2035e+02 1.7903e+02 2.1128e+03 1.9438e+02 3.4489e+02 -6.8350e+01 2.2587e+02 1.1924e+03 3.0553e+02 1.1743e+03 3.7134e+02 9.2095e+02
2.2115e-01 2.1827e+02 1.7826e+02 2.1309e+03 1.9293e+02 3.4105e+02 -6.9477e+01 2.2317e+02 1.2013e+03 3.0591e+02 1.1812e+03 3.6950e+02 9.0646e+02
2.2631e-01 2.1616e+02 1.7737e+02 2.1480e+03 1.9138e+02 3.3714e+02 -7.0588e+01 2.2045e+02 1.2096e+03 3.0603e+02 1.1877e+03 3.6747e+02 8.9197e+02
2.3160e-01 2.1401e+02 1.7645e+02 2.1646e+03 1.8981e+02 3.3316e+02 -7.1693e+01 2.1771e+02 1.2177e+03 3.0611e+02 1.1939e+03 3.6537e+02 8.7749e+02
2.3700e-01 2.1182e+02 1.7555e+02 2.1809e+03 1.8829e+02 3.2912e+02 -7.2776e+01 2.1494e+02 1.2258e+03 3.0628e+02 1.2000e+03 3.6327e+02 8.6301e+02
2.4253e-01 2.0959e+02 1.7472e+02 2.1971e+03 1.8684e+02 3.2501e+02 -7.3805e+01 2.1213e+02 1.2339e+03 3.0663e+02 1.2060e+03 3.6120e+02 8.4855e+02
2.4819e-01 2.0730e+02 1.7394e+02 2.2131e+03 1.8546e+02 3.2082e+02 -7.4737e+01 2.0928e+02 1.2420e+03 3.0711e+02 1.2118e+03 3.5912e+02 8.3409e+02
2.5399e-01 2.0493e+02 1.7316e+02 2.2289e+03 1.8407e+02 3.1656e+02 -7.5536e+01 2.0637e+02 1.2499e+03 3.0758e+02 1.2175e+03 3.5698e+02 8.1965e+02
2.5991e-01 2.0249e+02 1.7230e+02 2.2439e+03 1.8261e+02 3.1222e+02 -7.6183e+01 2.0340e+02 1.2573e+03 3.0785e+02 1.2227e+03 3.5468e+02 8.0523e+02
2.6598e-01 1.9998e+02 1.7130e+02 2.2578e+03 1.8101e+02 3.0781e+02 -7.6681e+01 2.0038e+02 1.2640e+03 3.0775e+02 1.2274e+03 3.5213e+02 7.9084e+02
2.7219e-01 1.9739e+02 1.7010e+02 2.2703e+03 1.7923e+02 3.0334e+02 -7.7055e+01 1.9733e+02 1.2699e+03 3.0720e+02 1.2315e+03 3.4930e+02 7.7650e+02
2.7854e-01 1.9474e+02 1.6872e+02 2.2815e+03 1.7727e+02 2.9881e+02 -7.7342e+01 1.9425e+02 1.2750e+03 3.0620e+02 1.2350e+03 3.4621e+02 7.6221e+02
2.8504e-01 1.9205e+02 1.6719e+02 2.2914e+03 1.7519e+02 2.9424e+02 -7.7575e+01 1.9116e+02 1.2794e+03 3.0488e+02 1.2381e+03 3.4292e+02 7.4800e+02
2.9170e-01 1.8932e+02 1.6558e+02 2.3005e+03 1.7304e+02 2.8963e+02 -7.7774e+01 1.8805e+02 1.2834e+03 3.0338e+02 1.2407e+03 3.3953e+02 7.3386e+02
2.9850e-01 1.8656e+02 1.6395e+02 2.3090e+03 1.7089e+02 2.8499e+02 -7.7941e+01 1.8495e+02 1.2871e+03 3.0188e+02 1.2432e+03 3.3609e+02 7.1979e+02
3.0547e-01 1.8377e+02 1.6235e+02 2.3172e+03 1.6879e+02 2.8033e+02 -7.8059e+01 1.8183e+02 1.2907e+03 3.0043e+02 1.2454e+03 3.3266e+02 7.0581e+02
3.1260e-01 1.8095e+02 1.6077e+02 2.3250e+03 1.6672e+02 2.7563e+02 -7.8100e+01 1.7870e+02 1.2942e+03 2.9900e+02 1.2475e+03 3.2921e+02 6.9190e+02
3.1990e-01 1.7811e+02 1.5917e+02 2.3322e+03 1.6465e+02 2.7092e+02 -7.8046e+01 1.7556e+02 1.2973e+03 2.9750e+02 1.2493e+03 3.2569e+02 6.7807e+02
3.2736e-01 1.7524e+02 1.5750e+02 2.3385e+03 1.6251e+02 2.6619e+02 -7.7892e+01 1.7241e+02 1.2999e+03 2.9579e+02 1.2506e+03 3.2204e+02 6.6434e+02
3.3500e-01 1.7235e+02 1.5572e+02 2.3437e+03 1.6028e+02 2.6145e+02 -7.7651e+01 1.6925e+02 1.3019e+03 2.9378e+02 1.2515e+03 3.1822e+02 6.5071e+02
3.4282e-01 1.6945e+02 1.5384e+02 2.3478e+03 1.5796e+02 2.5670e+02 -7.7344e+01 1.6609e+02 1.3032e+03 2.9150e+02 1.2519e+03 3.1425e+02 6.3720e+02
3.5082e-01 1.6654e+02 1.5188e+02 2.3509e+03 1.5558e+02 2.5195e+02 -7.6991e+01 1.6294e+02 1.3039e+03 2.8901e+02 1.2519e+03 3.1016e+02 6.2380e+02
3.5901e-01 1.6362e+02 1.4988e+02 2.3532e+03 1.5317e+02 2.4721e+02 -7.6602e+01 1.5980e+02 1.3044e+03 2.8643e+02 1.2516e+03 3.0602e+02 6.1053e+02
3.6739e-01 1.6069e+02 1.4788e+02 2.3550e+03 1.5079e+02 2.4247e+02 -7.6175e+01 1.5667e+02 1.3046e+03 2.8383e+02 1.2511e+03 3.0187e+02 5.9737e+02
3.7597e-01 1.5775e+02 1.4589e+02 2.3562e+03 1.4842e+02 2.3774e+02 -7.5697e+01 1.5355e+02 1.3046e+03 2.8122e+02 1.2504e+03 2.9770e+02 5.8435e+02
3.8474e-01 1.5480e+02 1.4388e+02 2.3569e+03 1.4605e+02 2.3301e+02 -7.5159e+01 1.5044e+02 1.3043e+03 2.7853e+02 1.2493e+03 2.9349e+02 5.7145e+02
3.9372e-01 1.5185e+02 1.4182e+02 2.3567e+03 1.4365e+02 2.2830e+02 -7.4558e+01 1.4734e+02 1.3035e+03 2.7570e+02 1.2480e+03 2.8921e+02 5.5869e+02
4.0291e-01 1.4889e+02 1.3971e+02 2.3556e+03 1.4120e+02 2.2361e+02 -7.3903e+01 1.4426e+02 1.3022e+03 2.7269e+02 1.2462e+03 2.8483e+02 5.4607e+02
4.1232e-01 1.4595e+02 1.3754e+02 2.3536e+03 1.3871e+02 2.1894e+02 -7.3209e+01 1.4119e+02 1.3004e+03 2.6953e+02 1.2441e+03 2.8039e+02 5.3359e+02
4.2194e-01 1.4302e+02 1.3535e+02 2.3509e+03 1.3622e+02 2.1430e+02 -7.2483e+01 1.3815e+02 1.2983e+03 2.6628e+02 1.2417e+03 2.7591e+02 5.2127e+02
4.3179e-01 1.4010e+02 1.3316e+02 2.3475e+03 1.3374e+02 2.0969e+02 -7.1729e+01 1.3514e+02 1.2960e+03 2.6299e+02 1.2391e+03 2.7143e+02 5.0910e+02
4.4187e-01 1.3719e+02 1.3097e+02 2.3436e+03 1.3128e+02 2.0512e+02 -7.0939e+01 1.3215e+02 1.2934e+03 2.5967e+02 1.2362e+03 2.6693e+02 4.9709e+02
4.5218e-01 1.3430e+02 1.2878e+02 2.3391e+03 1.2882e+02 2.0058e+02 -7.0110e+01 1.2918e+02 1.2904e+03 2.5629e+02 1.2331e+03 2.6242e+02 4.8522e+02
4.6273e-01 1.3142e+02 1.2656e+02 2.3339e+03 1.2635e+02 1.9607e+02 -6.9244e+01 1.2624e+02 1.2871e+03 2.5281e+02 1.2297e+03 2.5787e+02 4.7352e+02
4.7353e-01 1.2856e+02 1.2431e+02 2.3279e+03 1.2387e+02 1.9160e+02 -6.8348e+01 1.2333e+02 1.2834e+03 2.4924e+02 1.2260e+03 2.5330e+02 4.6199e+02
4.8459e-01 1.2572e+02 1.2205e+02 2.3213e+03 1.2138e+02 1.8718e+02 -6.7429e+01 1.2045e+02 1.2794e+03 2.4560e+02 1.2220e+03 2.4871e+02 4.5062e+02
4.9590e-01 1.2290e+02 1.1980e+02 2.3140e+03 1.1892e+02 1.8280e+02 -6.6491e+01 1.1760e+02 1.2752e+03 2.4193e+02 1.2178e+03 2.4412e+02 4.3942e+02
5.0747e-01 1.2011e+02 1.1755e+02 2.3062e+03 1.1647e+02 1.7847e+02 -6.5530e+01 1.1479e+02 1.2707e+03 2.3823e+02 1.2135e+03 2.3954e+02 4.2839e+02
5.1931e-01 1.1734e+02 1.1530e+02 2.2979e+03 1.1403e+02 1.7419e+02 -6.4548e+01 1.1201e+02 1.2659e+03 2.3449e+02 1.2088e+03 2.3496e+02 4.1753e+02
5.3144e-01 1.1459e+02 1.1304e+02 2.2889e+03 1.1160e+02 1.6996e+02 -6.3545e+01 1.0926e+02 1.2608e+03 2.3071e+02 1.2040e+03 2.3039e+02 4.0685e+02
5.4384e-01 1.1188e+02 1.1079e+02 2.2792e+03 1.0918e+02 1.6578e+02 -6.2526e+01 1.0655e+02 1.2555e+03 2.2687e+02 1.1989e+03 2.2582e+02 3.9634e+02
5.5653e-01 1.0920e+02 1.0854e+02 2.2691e+03 1.0677e+02 1.6166e+02 -6.1494e+01 1.0388e+02 1.2499e+03 2.2302e+02 1.1936e+03 2.2126e+02 3.8600e+02
5.6952e-01 1.0655e+02 1.0630e+02 2.2584e+03 1.0439e+02 1.5759e+02 -6.0451e+01 1.0125e+02 1.2441e+03 2.1915e+02 1.1881e+03 2.1673e+02 3.7584e+02
5.8282e-01 1.0393e+02 1.0407e+02 2.2472e+03 1.0203e+02 1.5358e+02 -5.9396e+01 9.8656e+01 1.2380e+03 2.1526e+02 1.1825e+03 2.1222e+02 3.6586e+02
5.9642e-01 1.0134e+02 1.0185e+02 2.2355e+03 9.9690e+01 1.4963e+02 -5.8331e+01 9.6101e+01 1.2318e+03 2.1135e+02 1.1766e+03 2.0773e+02 3.5606e+02
6.1034e-01 9.8788e+01 9.9645e+01 2.2233e+03 9.7367e+01 1.4573e+02 -5.7261e+01 9.3586e+01 1.2253e+03 2.0743e+02 1.1706e+03 2.0326e+02 3.4643e+02
6.2458e-01 9.6271e+01 9.7450e+01 2.2106e+03 9.5068e+01 1.4190e+02 -5.6185e+01 9.1112e+01 1.2186e+03 2.0351e+02 1.1644e+03 1.9883e+02 3.3699e+02
6.3916e-01 9.3792e+01 9.5272e+01 2.1975e+03 9.2795e+01 1.3813e+02 -5.5106e+01 8.8679e+01 1.2117e+03 1.9958e+02 1.1581e+03 1.9443e+02 3.2772e+02
6.5408e-01 9.1349e+01 9.3114e+01 2.1839e+03 9.0550e+01 1.3442e+02 -5.4023e+01 8.6288e+01 1.2047e+03 1.9566e+02 1.1516e+03 1.9006e+02 3.1864e+02
6.6935e-01 8.8943e+01 9.0974e+01 2.1699e+03 8.8332e+01 1.3078e+02 -5.2938e+01 8.3939e+01 1.1974e+03 1.9176e+02 1.1449e+03 1.8574e+02 3.0972e+02
6.8497e-01 8.6576e+01 8.8855e+01 2.1554e+03 8.6142e+01 1.2720e+02 -5.1852e+01 8.1631e+01 1.1900e+03 1.8786e+02 1.1381e+03 1.8146e+02 3.0099e+02
7.0096e-01 8.4247e+01 8.6757e+01 2.1405e+03 8.3981e+01 1.2368e+02 -5.0768e+01 7.9366e+01 1.1825e+03 1.8398e+02 1.1312e+03 1.7722e+02 2.9244e+02
7.1732e-01 8.1958e+01 8.4682e+01 2.1252e+03 8.1850e+01 1.2022e+02 -4.9685e+01 7.7143e+01 1.1747e+03 1.8011e+02 1.1241e+03 1.7303e+02 2.8406e+02
7.3406e-01 7.9708e+01 8.2629e+01 2.1095e+03 7.9748e+01 1.1683e+02 -4.8605e+01 7.4963e+01 1.1668e+03 1.7626e+02 1.1168e+03 1.6888e+02 2.7586e+02
7.5119e-01 7.7498e+01 8.0599e+01 2.0934e+03 7.7677e+01 1.1351e+02 -4.7530e+01 7.2825e+01 1.1588e+03 1.7243e+02 1.1095e+03 1.6478e+02 2.6783e+02
7.6873e-01 7.5328e+01 7.8595e+01 2.0769e+03 7.5637e+01 1.1025e+02 -4.6459e+01 7.0730e+01 1.1506e+03 1.6863e+02 1.1020e+03 1.6073e+02 2.5997e+02
7.8667e-01 7.3199e+01 7.6616e+01 2.0601e+03 7.3628e+01 1.0706e+02 -4.5395e+01 6.8678e+01 1.1423e+03 1.6485e+02 1.0944e+03 1.5674e+02 2.5229e+02
8.0503e-01 7.1111e+01 7.4663e+01 2.0430e+03 7.1652e+01 1.0393e+02 -4.4338e+01 6.6668e+01 1.1338e+03 1.6110e+02 1.0867e+03 1.5279e+02 2.4478e+02
8.2382e-01 6.9063e+01 7.2737e+01 2.0255e+03 6.9708e+01 1.0087e+02 -4.3288e+01 6.4701e+01 1.1252e+03 1.5738e+02 1.0788e+03 1.4890e+02 2.3744e+02
8.4305e-01 6.7057e+01 7.0838e+01 2.0076e+03 6.7796e+01 9.7869e+01 -4.2247e+01 6.2777e+01 1.1166e+03 1.5369e+02 1.0709e+03 1.4507e+02 2.3027e+02
8.6272e-01 6.5091e+01 6.8968e+01 1.9895e+03 6.5918e+01 9.4936e+01 -4.1217e+01 6.0894e+01 1.1078e+03 1.5004e+02 1.0629e+03 1.4129e+02 2.2327e+02
8.8286e-01 6.3167e+01 6.7127e+01 1.9711e+03 6.4074e+01 9.2068e+01 -4.0197e+01 5.9054e+01 1.0990e+03 1.4642e+02 1.0549e+03 1.3757e+02 2.1643e+02
9.0347e-01 6.1284e+01 6.5315e+01 1.9524e+03 6.2263e+01 8.9264e+01 -3.9188e+01 5.7256e+01 1.0900e+03 1.4285e+02 1.0467e+03 1.3390e+02 2.0975e+02
9.2455e-01 5.9442e+01 6.3533e+01 1.9335e+03 6.0488e+01 8.6525e+01 -3.8191e+01 5.5500e+01 1.0810e+03 1.3931e+02 1.0385e+03 1.3030e+02 2.0323e+02
9.4613e-01 5.7641e+01 6.1782e+01 1.9144e+03 5.8747e+01 8.3849e+01 -3.7208e+01 5.3784e+01 1.0719e+03 1.3582e+02 1.0302e+03 1.2676e+02 1.9688e+02
9.6822e-01 5.5880e+01 6.0062e+01 1.8951e+03 5.7040e+01 8.1237e+01 -3.6238e+01 5.2110e+01 1.0628e+03 1.3237e+02 1.0219e+03 1.2328e+02 1.9068e+02
9.9081e-01 5.4160e+01 5.8374e+01 1.8757e+03 5.5369e+01 7.8687e+01 -3.5281e+01 5.0476e+01 1.0536e+03 1.2898e+02 1.0135e+03 1.1987e+02 1.8464e+02
1.0139e+00 5.2480e+01 5.6717e+01 1.8560e+03 5.3733e+01 7.6199e+01 -3.4339e+01 4.8883e+01 1.0444e+03 1.2563e+02 1.0051e+03 1.1652e+02 1.7876e+02
1.0376e+00 5.0840e+01 5.5092e+01 1.8362e+03 5.2131e+01 7.3772e+01 -3.3411e+01 4.7329e+01 1.0351e+03 1.2233e+02 9.9665e+02 1.1323e+02 1.7302e+02
1.0618e+00 4.9239e+01 5.3499e+01 1.8163e+03 5.0564e+01 7.1406e+01 -3.2498e+01 4.5814e+01 1.0258e+03 1.1908e+02 9.8816e+02 1.1000e+02 1.6744e+02
1.0866e+00 4.7678e+01 5.1938e+01 1.7962e+03 4.9032e+01 6.9100e+01 -3.1600e+01 4.4338e+01 1.0165e+03 1.1589e+02 9.7962e+02 1.0684e+02 1.6200e+02
1.1120e+00 4.6155e+01 5.0409e+01 1.7759e+03 4.7534e+01 6.6854e+01 -3.0718e+01 4.2900e+01 1.0071e+03 1.1275e+02 9.7105e+02 1.0374e+02 1.5670e+02
1.1379e+00 4.4670e+01 4.8913e+01 1.7555e+03 4.6071e+01 6.4666e+01 -2.9851e+01 4.1499e+01 9.9770e+02 1.0967e+02 9.6246e+02 1.0071e+02 1.5155e+02
1.1645e+00 4.3223e+01 4.7448e+01 1.7351e+03 4.4642e+01 6.2535e+01 -2.9000e+01 4.0136e+01 9.8828e+02 1.0663e+02 9.5383e+02 9.7738e+01 1.4654e+02
1.1917e+00 4.1813e+01 4.6015e+01 1.7145e+03 4.3246e+01 6.0461e+01 -2.8165e+01 3.8809e+01 9.7884e+02 1.0365e+02 9.4519e+02 9.4832e+01 1.4166e+02
1.2195e+00 4.0441e+01 4.4614e+01 1.6938e+03 4.1884e+01 5.8444e+01 -2.7346e+01 3.7518e+01 9.6940e+02 1.0073e+02 9.3654e+02 9.1988e+01 1.3692e+02
1.2479e+00 3.9104e+01 4.3246e+01 1.6731e+03 4.0556e+01 5.6481e+01 -2.6543e+01 3.6262e+01 9.5994e+02 9.7862e+01 9.2786e+02 8.9209e+01 1.3231e+02
1.2771e+00 3.7803e+01 4.1908e+01 1.6523e+03 3.9260e+01 5.4572e+01 -2.5757e+01 3.5041e+01 9.5048e+02 9.5050e+01 9.1917e+02 8.6491e+01 1.2783e+02
1.3069e+00 3.6538e+01 4.0602e+01 1.6315e+03 3.7997e+01 5.2717e+01 -2.4987e+01 3.3854e+01 9.4102e+02 9.2293e+01 9.1048e+02 8.3837e+01 1.2348e+02
1.3374e+00 3.5307e+01 3.9327e+01 1.6107e+03 3.6766e+01 5.0914e+01 -2.4233e+01 3.2700e+01 9.3156e+02 8.9593e+01 9.0178e+02 8.1244e+01 1.1926e+02
1.3686e+00 3.4110e+01 3.8082e+01 1.5899e+03 3.5566e+01 4.9162e+01 -2.3495e+01 3.1579e+01 9.2210e+02 8.6946e+01 8.9307e+02 7.8712e+01 1.1515e+02
1.4005e+00 3.2947e+01 3.6868e+01 1.5691e+03 3.4398e+01 4.7461e+01 -2.2774e+01 3.0491e+01 9.1265e+02 8.4357e+01 8.8436e+02 7.6241e+01 1.1117e+02
1.4332e+00 3.1817e+01 3.5684e+01 1.5484e+03 3.3261e+01 4.5809e+01 -2.2069e+01 2.9434e+01 9.0322e+02 8.1825e+01 8.7566e+02 7.3830e+01 1.0730e+02
1.4667e+00 3.0719e+01 3.4530e+01 1.5276e+03 3.2154e+01 4.4205e+01 -2.1381e+01 2.8408e+01 8.9381e+02 7.9350e+01 8.6697e+02 7.1479e+01 1.0355e+02
1.5009e+00 2.9653e+01 3.3406e+01 1.5070e+03 3.1077e+01 4.2649e+01 -2.0709e+01 2.7413e+01 8.8442e+02 7.6929e+01 8.5829e+02 6.9187e+01 9.9913e+01
1.5359e+00 2.8618e+01 3.2311e+01 1.4863e+03 3.0030e+01 4.1140e+01 -2.0052e+01 2.6447e+01 8.7504e+02 7.4561e+01 8.4961e+02 6.6953e+01 9.6384e+01
1.5718e+00 2.7613e+01 3.1244e+01 1.4658e+03 2.9011e+01 3.9676e+01 -1.9411e+01 2.5510e+01 8.6567e+02 7.2248e+01 8.4094e+02 6.4776e+01 9.2962e+01
1.6085e+00 2.6638e+01 3.0206e+01 1.4453e+03 2.8021e+01 3.8257e+01 -1.8787e+01 2.4602e+01 8.5634e+02 6.9990e+01 8.3228e+02 6.2655e+01 8.9646e+01
1.6460e+00 2.5693e+01 2.9195e+01 1.4249e+03 2.7059e+01 3.6881e+01 -1.8177e+01 2.3722e+01 8.4704e+02 6.7786e+01 8.2365e+02 6.0590e+01 8.6432e+01
1.6844e+00 2.4776e+01 2.8212e+01 1.4047e+03 2.6124e+01 3.5548e+01 -1.7584e+01 2.2868e+01 8.3778e+02 6.5636e+01 8.1505e+02 5.8580e+01 8.3318e+01
1.7237e+00 2.3887e+01 2.7256e+01 1.3846e+03 2.5216e+01 3.4256e+01 -1.7005e+01 2.2042e+01 8.2856e+02 6.3540e+01 8.0647e+02 5.6624e+01 8.0301e+01
1.7640e+00 2.3026e+01 2.6327e+01 1.3647e+03 2.4336e+01 3.3005e+01 -1.6441e+01 2.1241e+01 8.1936e+02 6.1494e+01 7.9791e+02 5.4722e+01 7.7380e+01
1.8051e+00 2.2191e+01 2.5424e+01 1.3449e+03 2.3480e+01 3.1794e+01 -1.5891e+01 2.0466e+01 8.1020e+02 5.9497e+01 7.8937e+02 5.2871e+01 7.4551e+01
1.8473e+00 2.1383e+01 2.4547e+01 1.3253e+03 2.2651e+01 3.0622e+01 -1.5356e+01 1.9715e+01 8.0108e+02 5.7552e+01 7.8086e+02 5.1071e+01 7.1812e+01
1.8904e+00 2.0600e+01 2.3694e+01 1.3059e+03 2.1846e+01 2.9487e+01 -1.4834e+01 1.8989e+01 7.9199e+02 5.5658e+01 7.7236e+02 4.9321e+01 6.9162e+01
1.9345e+00 1.9842e+01 2.2867e+01 1.2867e+03 2.1065e+01 2.8389e+01 -1.4326e+01 1.8286e+01 7.8296e+02 5.3812e+01 7.6392e+02 4.7620e+01 6.6597e+01
1.9797e+00 1.9108e+01 2.2064e+01 1.2678e+03 2.0308e+01 2.7327e+01 -1.3832e+01 1.7605e+01 7.7397e+02 5.2015e+01 7.5551e+02 4.5968e+01 6.4115e+01
2.0259e+00 1.8398e+01 2.1284e+01 1.2491e+03 1.9575e+01 2.6300e+01 -1.3350e+01 1.6948e+01 7.6503e+02 5.0265e+01 7.4713e+02 4.4364e+01 6.1715e+01
2.0732e+00 1.7712e+01 2.0528e+01 1.2305e+03 1.8864e+01 2.5307e+01 -1.2880e+01 1.6312e+01 7.5613e+02 4.8561e+01 7.3878e+02 4.2805e+01 5.9393e+01
2.1216e+00 1.7047e+01 1.9795e+01 1.2122e+03 1.8176e+01 2.4348e+01 -1.2423e+01 1.5697e+01 7.4730e+02 4.6906e+01 7.3048e+02 4.1292e+01 5.7148e+01
2.1711e+00 1.6405e+01 1.9084e+01 1.1941e+03 1.7510e+01 2.3420e+01 -1.1979e+01 1.5103e+01 7.3852e+02 4.5300e+01 7.2222e+02 3.9825e+01 5.4978e+01
2.2217e+00 1.5784e+01 1.8396e+01 1.1762e+03 1.6865e+01 2.2525e+01 -1.1547e+01 1.4528e+01 7.2978e+02 4.3741e+01 7.1399e+02 3.8402e+01 5.2883e+01
2.2736e+00 1.5185e+01 1.7728e+01 1.1584e+03 1.6240e+01 2.1659e+01 -1.1130e+01 1.3974e+01 7.2110e+02 4.2226e+01 7.0581e+02 3.7024e+01 5.0860e+01
2.3267e+00 1.4605e+01 1.7081e+01 1.1408e+03 1.5636e+01 2.0823e+01 -1.0728e+01 1.3438e+01 7.1247e+02 4.0756e+01 6.9767e+02 3.5692e+01 4.8910e+01
2.3810e+00 1.4045e+01 1.6455e+01 1.1233e+03 1.5052e+01 2.0017e+01 -1.0341e+01 1.2921e+01 7.0390e+02 3.9332e+01 6.8958e+02 3.4404e+01 4.7031e+01
2.4365e+00 1.3504e+01 1.5849e+01 1.1059e+03 1.4486e+01 1.9238e+01 -9.9714e+00 1.2421e+01 6.9539e+02 3.7956e+01 6.8154e+02 3.3161e+01 4.5221e+01
2.4934e+00 1.2982e+01 1.5262e+01 1.0886e+03 1.3940e+01 1.8486e+01 -9.6168e+00 1.1939e+01 6.8695e+02 3.6624e+01 6.7354e+02 3.1961e+01 4.3477e+01
2.5516e+00 1.2478e+01 1.4695e+01 1.0713e+03 1.3412e+01 1.7762e+01 -9.2753e+00 1.1474e+01 6.7856e+02 3.5334e+01 6.6559e+02 3.0800e+01 4.1796e+01
2.6112e+00 1.1991e+01 1.4146e+01 1.0541e+03 1.2902e+01 1.7062e+01 -8.9441e+00 1.1025e+01 6.7022e+02 3.4081e+01 6.5768e+02 2.9675e+01 4.0172e+01
2.6721e+00 1.1522e+01 1.3615e+01 1.0370e+03 1.2408e+01 1.6388e+01 -8.6206e+00 1.0592e+01 6.6193e+02 3.2860e+01 6.4982e+02 2.8582e+01 3.8602e+01
2.7345e+00 1.1069e+01 1.3101e+01 1.0200e+03 1.1932e+01 1.5737e+01 -8.3040e+00 1.0174e+01 6.5370e+02 3.1671e+01 6.4200e+02 2.7520e+01 3.7085e+01
2.7983e+00 1.0632e+01 1.2604e+01 1.0031e+03 1.1472e+01 1.5110e+01 -7.9947e+00 9.7717e+00 6.4553e+02 3.0518e+01 6.3423e+02 2.6491e+01 3.5619e+01
2.8636e+00 1.0211e+01 1.2124e+01 9.8622e+02 1.1027e+01 1.4506e+01 -7.6937e+00 9.3835e+00 6.3741e+02 2.9402e+01 6.2649e+02 2.5494e+01 3.4203e+01
2.9304e+00 9.8049e+00 1.1660e+01 9.6951e+02 1.0598e+01 1.3924e+01 -7.4021e+00 9.0094e+00 6.2937e+02 2.8322e+01 6.1882e+02 2.4529e+01 3.2839e+01
2.9988e+00 9.4135e+00 1.1213e+01 9.5294e+02 1.0184e+01 1.3363e+01 -7.1203e+00 8.6489e+00 6.2138e+02 2.7278e+01 6.1119e+02 2.3597e+01 3.1524e+01
3.0688e+00 9.0363e+00 1.0780e+01 9.3649e+02 9.7852e+00 1.2822e+01 -6.8482e+00 8.3016e+00 6.1344e+02 2.6266e+01 6.0361e+02 2.2697e+01 3.0258e+01
3.1405e+00 8.6729e+00 1.0362e+01 9.2015e+02 9.3998e+00 1.2302e+01 -6.5858e+00 7.9671e+00 6.0557e+02 2.5286e+01 5.9609e+02 2.1827e+01 2.9039e+01
3.2138e+00 8.3229e+00 9.9590e+00 9.0395e+02 9.0283e+00 1.1801e+01 -6.3325e+00 7.6449e+00 5.9777e+02 2.4338e+01 5.8861e+02 2.0988e+01 2.7866e+01
3.2888e+00 7.9857e+00 9.5701e+00 8.8792e+02 8.6702e+00 1.1319e+01 -6.0882e+00 7.3346e+00 5.9003e+02 2.3423e+01 5.8119e+02 2.0178e+01 2.6736e+01
3.3655e+00 7.6611e+00 9.1947e+00 8.7206e+02 8.3249e+00 1.0855e+01 -5.8524e+00 7.0359e+00 5.8234e+02 2.2538e+01 5.7382e+02 1.9396e+01 2.5649e+01
3.4441e+00 7.3485e+00 8.8325e+00 8.5637e+02 7.9920e+00 1.0408e+01 -5.6249e+00 6.7484e+00 5.7471e+02 2.1682e+01 5.6650e+02 1.8642e+01 2.4602e+01
3.5245e+00 7.0477e+00 8.4831e+00 8.4088e+02 7.6711e+00 9.9784e+00 -5.4054e+00 6.4718e+00 5.6714e+02 2.0854e+01 5.5923e+02 1.7914e+01 2.3595e+01
3.6067e+00 6.7582e+00 8.1462e+00 8.2561e+02 7.3620e+00 9.5651e+00 -5.1939e+00 6.2056e+00 5.5965e+02 2.0053e+01 5.5202e+02 1.7211e+01 2.2626e+01
3.6909e+00 6.4796e+00 7.8215e+00 8.1054e+02 7.0644e+00 9.1675e+00 -4.9899e+00 5.9495e+00 5.5221e+02 1.9281e+01 5.4486e+02 1.6534e+01 2.1694e+01
3.7771e+00 6.2117e+00 7.5085e+00 7.9567e+02 6.7777e+00 8.7853e+00 -4.7932e+00 5.7032e+00 5.4484e+02 1.8537e+01 5.3776e+02 1.5881e+01 2.0798e+01
3.8652e+00 5.9540e+00 7.2071e+00 7.8101e+02 6.5017e+00 8.4178e+00 -4.6035e+00 5.4664e+00 5.3754e+02 1.7819e+01 5.3072e+02 1.5251e+01 1.9935e+01
3.9554e+00 5.7061e+00 6.9166e+00 7.6655e+02 6.2361e+00 8.0646e+00 -4.4206e+00 5.2386e+00 5.3028e+02 1.7125e+01 5.2372e+02 1.4644e+01 1.9106e+01
4.0478e+00 5.4678e+00 6.6367e+00 7.5232e+02 5.9803e+00 7.7251e+00 -4.2440e+00 5.0197e+00 5.2309e+02 1.6454e+01 5.1677e+02 1.4058e+01 1.8309e+01
4.1422e+00 5.2388e+00 6.3673e+00 7.3835e+02 5.7343e+00 7.3989e+00 -4.0738e+00 4.8093e+00 5.1596e+02 1.5807e+01 5.0988e+02 1.3494e+01 1.7542e+01
4.2389e+00 5.0186e+00 6.1078e+00 7.2465e+02 5.4976e+00 7.0855e+00 -3.9095e+00 4.6070e+00 5.0889e+02 1.5183e+01 5.0304e+02 1.2950e+01 1.6805e+01
4.3379e+00 4.8070e+00 5.8581e+00 7.1122e+02 5.2699e+00 6.7845e+00 -3.7509e+00 4.4127e+00 5.0187e+02 1.4580e+01 4.9624e+02 1.2426e+01 1.6097e+01
4.4391e+00 4.6037e+00 5.6176e+00 6.9808e+02 5.0507e+00 6.4954e+00 -3.5976e+00 4.2261e+00 4.9492e+02 1.3997e+01 4.8951e+02 1.1920e+01 1.5415e+01
4.5427e+00 4.4085e+00 5.3862e+00 6.8524e+02 4.8401e+00 6.2178e+00 -3.4495e+00 4.0468e+00 4.8803e+02 1.3434e+01 4.8283e+02 1.1433e+01 1.4761e+01
4.6487e+00 4.2209e+00 5.1637e+00 6.7268e+02 4.6377e+00 5.9513e+00 -3.3065e+00 3.8746e+00 4.8121e+02 1.2891e+01 4.7620e+02 1.0964e+01 1.4132e+01
4.7572e+00 4.0408e+00 4.9497e+00 6.6039e+02 4.4431e+00 5.6954e+00 -3.1686e+00 3.7092e+00 4.7443e+02 1.2369e+01 4.6962e+02 1.0513e+01 1.3528e+01
4.8683e+00 3.8679e+00 4.7437e+00 6.4836e+02 4.2560e+00 5.4499e+00 -3.0361e+00 3.5505e+00 4.6772e+02 1.1867e+01 4.6310e+02 1.0079e+01 1.2948e+01
4.9819e+00 3.7019e+00 4.5458e+00 6.3654e+02 4.0763e+00 5.2143e+00 -2.9091e+00 3.3981e+00 4.6107e+02 1.1385e+01 4.5662e+02 9.6624e+00 1.2393e+01
5.0982e+00 3.5426e+00 4.3554e+00 6.2488e+02 3.9036e+00 4.9882e+00 -2.7878e+00 3.2519e+00 4.5448e+02 1.0924e+01 4.5021e+02 9.2623e+00 1.1860e+01
5.2172e+00 3.3896e+00 4.1725e+00 6.1331e+02 3.7377e+00 4.7714e+00 -2.6720e+00 3.1116e+00 4.4795e+02 1.0485e+01 4.4384e+02 8.8784e+00 1.1350e+01
5.3389e+00 3.2429e+00 3.9966e+00 6.0179e+02 3.5784e+00 4.5634e+00 -2.5613e+00 2.9769e+00 4.4149e+02 1.0067e+01 4.3753e+02 8.5095e+00 1.0861e+01
5.4636e+00 3.1022e+00 3.8276e+00 5.9030e+02 3.4253e+00 4.3639e+00 -2.4552e+00 2.8478e+00 4.3509e+02 9.6685e+00 4.3127e+02 8.1547e+00 1.0392e+01
5.5911e+00 2.9672e+00 3.6654e+00 5.7885e+02 3.2785e+00 4.1727e+00 -2.3532e+00 2.7239e+00 4.2875e+02 9.2852e+00 4.2507e+02 7.8133e+00 9.9410e+00
5.7216e+00 2.8377e+00 3.5095e+00 5.6745e+02 3.1376e+00 3.9893e+00 -2.2550e+00 2.6051e+00 4.2246e+02 8.9123e+00 4.1892e+02 7.4848e+00 9.5083e+00
5.8551e+00 2.7135e+00 3.3598e+00 5.5616e+02 3.0023e+00 3.8135e+00 -2.1604e+00 2.4911e+00 4.1622e+02 8.5446e+00 4.1282e+02 7.1689e+00 9.0930e+00
5.9918e+00 2.5944e+00 3.2161e+00 5.4505e+02 2.8725e+00 3.6451e+00 -2.0694e+00 2.3819e+00 4.1002e+02 8.1806e+00 4.0676e+02 6.8651e+00 8.6946e+00
6.1316e+00 2.4803e+00 3.0781e+00 5.3420e+02 2.7480e+00 3.4837e+00 -1.9819e+00 2.2772e+00 4.0387e+02 7.8215e+00 4.0076e+02 6.5734e+00 8.3128e+00
6.2747e+00 2.3709e+00 2.9456e+00 5.2366e+02 2.6285e+00 3.3290e+00 -1.8978e+00 2.1769e+00 3.9777e+02 7.4713e+00 3.9481e+02 6.2933e+00 7.9470e+00
6.4212e+00 2.2661e+00 2.8184e+00 5.1349e+02 2.5138e+00 3.1808e+00 -1.8168e+00 2.0807e+00 3.9173e+02 7.1357e+00 3.8891e+02 6.0246e+00 7.5966e+00
6.5711e+00 2.1656e+00 2.6964e+00 5.0365e+02 2.4039e+00 3.0389e+00 -1.7390e+00 1.9885e+00 3.8575e+02 6.8186e+00 3.8306e+02 5.7669e+00 7.2611e+00
6.7244e+00 2.0694e+00 2.5794e+00 4.9411e+02 2.2986e+00 2.9030e+00 -1.6641e+00 1.9003e+00 3.7983e+02 6.5229e+00 3.7726e+02 5.5197e+00 6.9397e+00
6.8814e+00 1.9772e+00 2.4671e+00 4.8476e+02 2.1975e+00 2.7728e+00 -1.5921e+00 1.8157e+00 3.7398e+02 6.2485e+00 3.7151e+02 5.2823e+00 6.6318e+00
7.0420e+00 1.8889e+00 2.3595e+00 4.7552e+02 2.1007e+00 2.6482e+00 -1.5227e+00 1.7347e+00 3.6819e+02 5.9940e+00 3.6581e+02 5.0541e+00 6.3364e+00
7.2064e+00 1.8043e+00 2.2562e+00 4.6628e+02 2.0079e+00 2.5289e+00 -1.4559e+00 1.6571e+00 3.6246e+02 5.7564e+00 3.6016e+02 4.8347e+00 6.0530e+00
7.3745e+00 1.7234e+00 2.1572e+00 4.5702e+02 1.9190e+00 2.4147e+00 -1.3917e+00 1.5828e+00 3.5678e+02 5.5303e+00 3.5456e+02 4.6237e+00 5.7811e+00
7.5467e+00 1.6459e+00 2.0623e+00 4.4773e+02 1.8337e+00 2.3054e+00 -1.3300e+00 1.5117e+00 3.5115e+02 5.3102e+00 3.4900e+02 4.4209e+00 5.5204e+00
7.7228e+00 1.5716e+00 1.9713e+00 4.3846e+02 1.7521e+00 2.2008e+00 -1.2710e+00 1.4436e+00 3.4557e+02 5.0915e+00 3.4350e+02 4.2262e+00 5.2706e+00
7.9031e+00 1.5006e+00 1.8841e+00 4.2927e+02 1.6739e+00 2.1007e+00 -1.2147e+00 1.3785e+00 3.4003e+02 4.8728e+00 3.3804e+02 4.0397e+00 5.0317e+00
8.0875e+00 1.4326e+00 1.8006e+00 4.2026e+02 1.5990e+00 2.0050e+00 -1.1610e+00 1.3161e+00 3.3453e+02 4.6552e+00 3.3264e+02 3.8614e+00 4.8034e+00
8.2763e+00 1.3676e+00 1.7205e+00 4.1149e+02 1.5273e+00 1.9134e+00 -1.1097e+00 1.2565e+00 3.2908e+02 4.4414e+00 3.2727e+02 3.6908e+00 4.5854e+00
8.4695e+00 1.3054e+00 1.6439e+00 4.0303e+02 1.4586e+00 1.8258e+00 -1.0609e+00 1.1994e+00 3.2368e+02 4.2343e+00 3.2196e+02 3.5277e+00 4.3771e+00
8.6671e+00 1.2458e+00 1.5704e+00 3.9487e+02 1.3929e+00 1.7420e+00 -1.0141e+00 1.1447e+00 3.1833e+02 4.0362e+00 3.1670e+02 3.3718e+00 4.1783e+00
8.8694e+00 1.1889e+00 1.5001e+00 3.8699e+02 1.3300e+00 1.6619e+00 -9.6931e-01 1.0925e+00 3.1303e+02 3.8490e+00 3.1148e+02 3.2226e+00 3.9883e+00
9.0764e+00 1.1344e+00 1.4327e+00 3.7932e+02 1.2698e+00 1.5854e+00 -9.2642e-01 1.0425e+00 3.0779e+02 3.6745e+00 3.0632e+02 3.0798e+00 3.8067e+00
9.2883e+00 1.0824e+00 1.3682e+00 3.7179e+02 1.2121e+00 1.5122e+00 -8.8529e-01 9.9475e-01 3.0261e+02 3.5131e+00 3.0119e+02 2.9430e+00 3.6330e+00
9.5051e+00 1.0326e+00 1.3065e+00 3.6434e+02 1.1570e+00 1.4422e+00 -8.4584e-01 9.4906e-01 2.9748e+02 3.3639e+00 2.9612e+02 2.8119e+00 3.4668e+00
9.7269e+00 9.8496e-01 1.2474e+00 3.5690e+02 1.1043e+00 1.3753e+00 -8.0795e-01 9.0538e-01 2.9240e+02 3.2243e+00 2.9109e+02 2.6860e+00 3.3075e+00
9.9540e+00 9.3946e-01 1.1909e+00 3.4946e+02 1.0538e+00 1.3114e+00 -7.7150e-01 8.6362e-01 2.8736e+02 3.0907e+00 2.8610e+02 2.5651e+00 3.1549e+00
1.0186e+01 8.9596e-01 1.1368e+00 3.4204e+02 1.0056e+00 1.2504e+00 -7.3645e-01 8.2371e-01 2.8239e+02 2.9602e+00 2.8117e+02 2.4490e+00 3.0086e+00
1.0424e+01 8.5440e-01 1.0851e+00 3.3467e+02 9.5944e-01 1.1920e+00 -7.0277e-01 7.8556e-01 2.7744e+02 2.8315e+00 2.7628e+02 2.3377e+00 2.8686e+00
1.0667e+01 8.1467e-01 1.0356e+00 3.2739e+02 9.1536e-01 1.1363e+00 -6.7048e-01 7.4910e-01 2.7253e+02 2.7044e+00 2.7142e+02 2.2312e+00 2.7348e+00
1.0916e+01 7.7673e-01 9.8818e-01 3.2031e+02 8.7313e-01 1.0831e+00 -6.3965e-01 7.1427e-01 2.6770e+02 2.5791e+00 2.6663e+02 2.1292e+00 2.6070e+00
1.1171e+01 7.4047e-01 9.4283e-01 3.1341e+02 8.3275e-01 1.0323e+00 -6.1026e-01 6.8099e-01 2.6288e+02 2.4570e+00 2.6187e+02 2.0318e+00 2.4852e+00
1.1432e+01 7.0584e-01 8.9959e-01 3.0673e+02 7.9428e-01 9.8371e-01 -5.8229e-01 6.4920e-01 2.5813e+02 2.3401e+00 2.5717e+02 1.9392e+00 2.3690e+00
1.1699e+01 6.7277e-01 8.5815e-01 3.0022e+02 7.5743e-01 9.3737e-01 -5.5566e-01 6.1884e-01 2.5342e+02 2.2296e+00 2.5251e+02 1.8506e+00 2.2583e+00
1.1972e+01 6.4118e-01 8.1854e-01 2.9384e+02 7.2221e-01 8.9311e-01 -5.3030e-01 5.8984e-01 2.4875e+02 2.1268e+00 2.4788e+02 1.7661e+00 2.1527e+00
1.2251e+01 6.1101e-01 7.8074e-01 2.8758e+02 6.8863e-01 8.5087e-01 -5.0609e-01 5.6214e-01 2.4414e+02 2.0320e+00 2.4331e+02 1.6854e+00 2.0519e+00
1.2537e+01 5.8222e-01 7.4446e-01 2.8139e+02 6.5639e-01 8.1056e-01 -4.8292e-01 5.3570e-01 2.3958e+02 1.9431e+00 2.3878e+02 1.6078e+00 1.9556e+00
1.2830e+01 5.5472e-01 7.1001e-01 2.7525e+02 6.2580e-01 7.7208e-01 -4.6070e-01 5.1045e-01 2.3507e+02 1.8590e+00 2.3431e+02 1.5339e+00 1.8634e+00
1.3129e+01 5.2848e-01 6.7695e-01 2.6916e+02 5.9646e-01 7.3536e-01 -4.3934e-01 4.8635e-01 2.3060e+02 1.7765e+00 2.2987e+02 1.4629e+00 1.7753e+00
1.3436e+01 5.0342e-01 6.4543e-01 2.6312e+02 5.6849e-01 7.0031e-01 -4.1882e-01 4.6333e-01 2.2616e+02 1.6954e+00 2.2546e+02 1.3949e+00 1.6910e+00
1.3749e+01 4.7952e-01 6.1526e-01 2.5722e+02 5.4174e-01 6.6688e-01 -3.9917e-01 4.4138e-01 2.2180e+02 1.6158e+00 2.2112e+02 1.3298e+00 1.6105e+00
1.4070e+01 4.5670e-01 5.8639e-01 2.5142e+02 5.1614e-01 6.3499e-01 -3.8040e-01 4.2042e-01 2.1746e+02 1.5390e+00 2.1682e+02 1.2676e+00 1.5337e+00
1.4398e+01 4.3493e-01 5.5898e-01 2.4575e+02 4.9187e-01 6.0457e-01 -3.6253e-01 4.0042e-01 2.1317e+02 1.4667e+00 2.1257e+02 1.2085e+00 1.4605e+00
1.4735e+01 4.1416e-01 5.3268e-01 2.4021e+02 4.6857e-01 5.7555e-01 -3.4553e-01 3.8134e-01 2.0893e+02 1.3982e+00 2.0835e+02 1.1519e+00 1.3908e+00
1.5078e+01 3.9435e-01 5.0756e-01 2.3478e+02 4.4633e-01 5.4788e-01 -3.2936e-01 3.6313e-01 2.0474e+02 1.3334e+00 2.0418e+02 1.0980e+00 1.3244e+00
1.5430e+01 3.7545e-01 4.8362e-01 2.2946e+02 4.2514e-01 5.2149e-01 -3.1395e-01 3.4577e-01 2.0060e+02 1.2719e+00 2.0007e+02 1.0466e+00 1.2611e+00
1.5791e+01 3.5743e-01 4.6079e-01 2.2420e+02 4.0494e-01 4.9633e-01 -2.9923e-01 3.2920e-01 1.9651e+02 1.2130e+00 1.9600e+02 9.9750e-01 1.2007e+00
1.6159e+01 3.4024e-01 4.3897e-01 2.1899e+02 3.8565e-01 4.7235e-01 -2.8512e-01 3.1340e-01 1.9244e+02 1.1567e+00 1.9196e+02 9.5051e-01 1.1430e+00
1.6536e+01 3.2385e-01 4.1814e-01 2.1387e+02 3.6723e-01 4.4948e-01 -2.7160e-01 2.9834e-01 1.8844e+02 1.1030e+00 1.8798e+02 9.0555e-01 1.0879e+00
1.6922e+01 3.0822e-01 3.9825e-01 2.0885e+02 3.4965e-01 4.2768e-01 -2.5867e-01 2.8397e-01 1.8449e+02 1.0516e+00 1.8405e+02 8.6257e-01 1.0353e+00
1.7317e+01 2.9332e-01 3.7927e-01 2.0391e+02 3.3289e-01 4.0691e-01 -2.4632e-01 2.7027e-01 1.8058e+02 1.0022e+00 1.8016e+02 8.2157e-01 9.8518e-01
1.7721e+01 2.7912e-01 3.6117e-01 1.9906e+02 3.1691e-01 3.8711e-01 -2.3456e-01 2.5721e-01 1.7670e+02 9.5472e-01 1.7631e+02 7.8249e-01 9.3743e-01
1.8135e+01 2.6558e-01 3.4393e-01 1.9432e+02 3.0169e-01 3.6824e-01 -2.2337e-01 2.4477e-01 1.7289e+02 9.0912e-01 1.7251e+02 7.4529e-01 8.9197e-01
1.8558e+01 2.5268e-01 3.2744e-01 1.8966e+02 2.8714e-01 3.5026e-01 -2.1272e-01 2.3290e-01 1.6913e+02 8.6560e-01 1.6877e+02 7.0973e-01 8.4866e-01
1.8991e+01 2.4038e-01 3.1175e-01 1.8509e+02 2.7331e-01 3.3314e-01 -2.0256e-01 2.2159e-01 1.6541e+02 8.2467e-01 1.6507e+02 6.7590e-01 8.0738e-01
1.9435e+01 2.2866e-01 2.9678e-01 1.8058e+02 2.6011e-01 3.1682e-01 -1.9286e-01 2.1081e-01 1.6174e+02 7.8601e-01 1.6141e+02 6.4356e-01 7.6802e-01
1.9888e+01 2.1750e-01 2.8248e-01 1.7616e+02 2.4750e-01 3.0128e-01 -1.8358e-01 2.0054e-01 1.5813e+02 7.4912e-01 1.5781e+02 6.1264e-01 7.3048e-01
2.0352e+01 2.0686e-01 2.6886e-01 1.7180e+02 2.3550e-01 2.8647e-01 -1.7471e-01 1.9075e-01 1.5455e+02 7.1361e-01 1.5425e+02 5.8318e-01 6.9470e-01
2.0828e+01 1.9673e-01 2.5587e-01 1.6755e+02 2.2405e-01 2.7238e-01 -1.6627e-01 1.8143e-01 1.5103e+02 6.7926e-01 1.5075e+02 5.5506e-01 6.6063e-01
2.1314e+01 1.8708e-01 2.4349e-01 1.6337e+02 2.1315e-01 2.5895e-01 -1.5823e-01 1.7255e-01 1.4756e+02 6.4639e-01 1.4729e+02 5.2829e-01 6.2819e-01
2.1811e+01 1.7788e-01 2.3168e-01 1.5927e+02 2.0276e-01 2.4617e-01 -1.5057e-01 1.6409e-01 1.4414e+02 6.1524e-01 1.4389e+02 5.0276e-01 5.9730e-01
2.2320e+01 1.6913e-01 2.2044e-01 1.5525e+02 1.9287e-01 2.3399e-01 -1.4328e-01 1.5603e-01 1.4078e+02 5.8586e-01 1.4053e+02 4.7844e-01 5.6788e-01
2.2841e+01 1.6079e-01 2.0972e-01 1.5130e+02 1.8344e-01 2.2240e-01 -1.3632e-01 1.4835e-01 1.3746e+02 5.5794e-01 1.3722e+02 4.5524e-01 5.3986e-01
2.3374e+01 1.5285e-01 1.9949e-01 1.4744e+02 1.7444e-01 2.1137e-01 -1.2967e-01 1.4104e-01 1.3420e+02 5.3115e-01 1.3397e+02 4.3310e-01 5.1317e-01
2.3920e+01 1.4529e-01 1.8978e-01 1.4364e+02 1.6590e-01 2.0087e-01 -1.2334e-01 1.3408e-01 1.3098e+02 5.0546e-01 1.3077e+02 4.1204e-01 4.8775e-01
2.4478e+01 1.3809e-01 1.8047e-01 1.3993e+02 1.5772e-01 1.9088e-01 -1.1731e-01 1.2746e-01 1.2783e+02 4.8078e-01 1.2762e+02 3.9189e-01 4.6356e-01
2.5049e+01 1.3124e-01 1.7164e-01 1.3629e+02 1.4997e-01 1.8137e-01 -1.1157e-01 1.2115e-01 1.2472e+02 4.5745e-01 1.2453e+02 3.7277e-01 4.4053e-01
2.5634e+01 1.2472e-01 1.6324e-01 1.3272e+02 1.4259e-01 1.7231e-01 -1.0611e-01 1.1514e-01 1.2167e+02 4.3534e-01 1.2148e+02 3.5456e-01 4.1862e-01
2.6232e+01 1.1852e-01 1.5521e-01 1.2923e+02 1.3554e-01 1.6370e-01 -1.0090e-01 1.0942e-01 1.1866e+02 4.1422e-01 1.1848e+02 3.3716e-01 3.9775e-01
2.6845e+01 1.1261e-01 1.4758e-01 1.2581e+02 1.2884e-01 1.5551e-01 -9.5930e-02 1.0398e-01 1.1571e+02 3.9407e-01 1.1554e+02 3.2061e-01 3.7790e-01
2.7471e+01 1.0699e-01 1.4029e-01 1.2246e+02 1.2245e-01 1.4771e-01 -9.1203e-02 9.8805e-02 1.1282e+02 3.7477e-01 1.1266e+02 3.0481e-01 3.5900e-01
2.8112e+01 1.0164e-01 1.3339e-01 1.1919e+02 1.1640e-01 1.4030e-01 -8.6701e-02 9.3877e-02 1.0998e+02 3.5648e-01 1.0982e+02 2.8984e-01 3.4103e-01
2.8769e+01 9.6555e-02 1.2678e-01 1.1598e+02 1.1059e-01 1.3324e-01 -8.2415e-02 8.9188e-02 1.0718e+02 3.3898e-01 1.0704e+02 2.7550e-01 3.2392e-01
2.9440e+01 9.1714e-02 1.2051e-01 1.1285e+02 1.0511e-01 1.2653e-01 -7.8334e-02 8.4726e-02 1.0444e+02 3.2242e-01 1.0431e+02 2.6191e-01 3.0765e-01
3.0127e+01 8.7109e-02 1.1453e-01 1.0978e+02 9.9864e-02 1.2015e-01 -7.4448e-02 8.0481e-02 1.0176e+02 3.0658e-01 1.0163e+02 2.4893e-01 2.9217e-01
3.0830e+01 8.2729e-02 1.0884e-01 1.0678e+02 9.4877e-02 1.1408e-01 -7.0748e-02 7.6442e-02 9.9122e+01 2.9147e-01 9.8998e+01 2.3658e-01 2.7744e-01
3.1550e+01 7.8563e-02 1.0343e-01 1.0385e+02 9.0134e-02 1.0831e-01 -6.7227e-02 7.2600e-02 9.6543e+01 2.7709e-01 9.6425e+01 2.2482e-01 2.6344e-01
3.2286e+01 7.4601e-02 9.8281e-02 1.0100e+02 8.5630e-02 1.0283e-01 -6.3876e-02 6.8946e-02 9.4019e+01 2.6342e-01 9.3907e+01 2.1365e-01 2.5012e-01
3.3040e+01 7.0833e-02 9.3373e-02 9.8205e+01 8.1333e-02 9.7611e-02 -6.0688e-02 6.5471e-02 9.1546e+01 2.5038e-01 9.1439e+01 2.0299e-01 2.3746e-01
3.3811e+01 6.7250e-02 8.8717e-02 9.5475e+01 7.7259e-02 9.2652e-02 -5.7653e-02 6.2166e-02 8.9121e+01 2.3800e-01 8.9019e+01 1.9288e-01 2.2542e-01
3.4600e+01 6.3843e-02 8.4269e-02 9.2812e+01 7.3368e-02 8.7938e-02 -5.4765e-02 5.9023e-02 8.6751e+01 2.2617e-01 8.6654e+01 1.8322e-01 2.1397e-01
3.5408e+01 6.0604e-02 8.0044e-02 9.0211e+01 6.9672e-02 8.3458e-02 -5.2018e-02 5.6035e-02 8.4429e+01 2.1493e-01 8.4337e+01 1.7404e-01 2.0308e-01
3.6234e+01 5.7525e-02 7.6033e-02 8.7670e+01 6.6166e-02 7.9199e-02 -4.9404e-02 5.3193e-02 8.2156e+01 2.0424e-01 8.2068e+01 1.6533e-01 1.9273e-01
3.7080e+01 5.4598e-02 7.2204e-02 8.5195e+01 6.2818e-02 7.5153e-02 -4.6918e-02 5.0492e-02 7.9936e+01 1.9404e-01 7.9853e+01 1.5701e-01 1.8290e-01
3.7945e+01 5.1816e-02 6.8576e-02 8.2777e+01 5.9648e-02 7.1307e-02 -4.4553e-02 4.7924e-02 7.7763e+01 1.8437e-01 7.7684e+01 1.4912e-01 1.7355e-01
3.8831e+01 4.9172e-02 6.5117e-02 8.0415e+01 5.6626e-02 6.7652e-02 -4.2303e-02 4.5483e-02 7.5635e+01 1.7514e-01 7.5560e+01 1.4161e-01 1.6466e-01
3.9737e+01 4.6659e-02 6.1831e-02 7.8113e+01 5.3756e-02 6.4180e-02 -4.0164e-02 4.3163e-02 7.3556e+01 1.6637e-01 7.3484e+01 1.3446e-01 1.5622e-01
4.0665e+01 4.4271e-02 5.8702e-02 7.5862e+01 5.1024e-02 6.0881e-02 -3.8129e-02 4.0958e-02 7.1519e+01 1.5802e-01 7.1451e+01 1.2766e-01 1.4820e-01
4.1614e+01 4.2002e-02 5.5730e-02 7.3668e+01 4.8429e-02 5.7748e-02 -3.6195e-02 3.8863e-02 6.9530e+01 1.5008e-01 6.9465e+01 1.2120e-01 1.4058e-01
4.2585e+01 3.9846e-02 5.2904e-02 7.1528e+01 4.5963e-02 5.4771e-02 -3.4356e-02 3.6871e-02 6.7585e+01 1.4253e-01 6.7523e+01 1.1505e-01 1.3333e-01
4.3579e+01 3.7797e-02 5.0216e-02 6.9435e+01 4.3618e-02 5.1943e-02 -3.2607e-02 3.4979e-02 6.5678e+01 1.3534e-01 6.5620e+01 1.0921e-01 1.2645e-01
4.4596e+01 3.5852e-02 4.7660e-02 6.7397e+01 4.1388e-02 4.9258e-02 -3.0946e-02 3.3182e-02 6.3818e+01 1.2850e-01 6.3763e+01 1.0365e-01 1.1992e-01
4.5637e+01 3.4003e-02 4.5236e-02 6.5402e+01 3.9274e-02 4.6708e-02 -2.9366e-02 3.1474e-02 6.1993e+01 1.2201e-01 6.1941e+01 9.8375e-02 1.1371e-01
4.6702e+01 3.2247e-02 4.2929e-02 6.3456e+01 3.7263e-02 4.4286e-02 -2.7865e-02 2.9851e-02 6.0210e+01 1.1583e-01 6.0160e+01 9.3358e-02 1.0782e-01
4.7792e+01 3.0579e-02 4.0736e-02 6.1552e+01 3.5352e-02 4.1986e-02 -2.6438e-02 2.8310e-02 5.8461e+01 1.0996e-01 5.8413e+01 8.8588e-02 1.0222e-01
4.8908e+01 2.8996e-02 3.8651e-02 5.9693e+01 3.3535e-02 3.9802e-02 -2.5082e-02 2.6846e-02 5.6749e+01 1.0437e-01 5.6704e+01 8.4052e-02 9.6903e-02
5.0049e+01 2.7492e-02 3.6671e-02 5.7876e+01 3.1809e-02 3.7729e-02 -2.3794e-02 2.5456e-02 5.5074e+01 9.9057e-02 5.5031e+01 7.9744e-02 9.1856e-02
5.1218e+01 2.6063e-02 3.4788e-02 5.6097e+01 3.0169e-02 3.5760e-02 -2.2570e-02 2.4135e-02 5.3430e+01 9.4007e-02 5.3389e+01 7.5646e-02 8.7063e-02
5.2413e+01 2.4707e-02 3.3000e-02 5.4360e+01 2.8612e-02 3.3892e-02 -2.1407e-02 2.2882e-02 5.1822e+01 8.9207e-02 5.1783e+01 7.1757e-02 8.2513e-02
5.3636e+01 2.3420e-02 3.1304e-02 5.2660e+01 2.7136e-02 3.2118e-02 -2.0303e-02 2.1691e-02 5.0245e+01 8.4654e-02 5.0208e+01 6.8067e-02 7.8194e-02
5.4888e+01 2.2198e-02 2.9691e-02 5.0997e+01 2.5733e-02 3.0435e-02 -1.9253e-02 2.0561e-02 4.8699e+01 8.0322e-02 4.8664e+01 6.4558e-02 7.4094e-02
5.6169e+01 2.1037e-02 2.8157e-02 4.9369e+01 2.4397e-02 2.8837e-02 -1.8256e-02 1.9487e-02 4.7182e+01 7.6199e-02 4.7149e+01 6.1219e-02 7.0202e-02
5.7480e+01 1.9936e-02 2.6702e-02 4.7777e+01 2.3131e-02 2.7321e-02 -1.7310e-02 1.8468e-02 4.5697e+01 7.2286e-02 4.5666e+01 5.8053e-02 6.6509e-02
5.8822e+01 1.8890e-02 2.5320e-02 4.6219e+01 2.1929e-02 2.5882e-02 -1.6411e-02 1.7501e-02 4.4241e+01 6.8573e-02 4.4211e+01 5.5046e-02 6.3004e-02
6.0195e+01 1.7898e-02 2.4006e-02 4.4695e+01 2.0787e-02 2.4517e-02 -1.5557e-02 1.6583e-02 4.2814e+01 6.5037e-02 4.2785e+01 5.2187e-02 5.9678e-02
6.1600e+01 1.6957e-02 2.2760e-02 4.3206e+01 1.9704e-02 2.3222e-02 -1.4747e-02 1.5712e-02 4.1417e+01 6.1683e-02 4.1390e+01 4.9477e-02 5.6523e-02
6.3038e+01 1.6063e-02 2.1576e-02 4.1750e+01 1.8675e-02 2.1993e-02 -1.3977e-02 1.4885e-02 4.0049e+01 5.8497e-02 4.0024e+01 4.6899e-02 5.3529e-02
6.4509e+01 1.5215e-02 2.0451e-02 4.0328e+01 1.7697e-02 2.0827e-02 -1.3247e-02 1.4100e-02 3.8711e+01 5.5467e-02 3.8687e+01 4.4452e-02 5.0688e-02
6.6014e+01 1.4411e-02 1.9385e-02 3.8941e+01 1.6771e-02 1.9721e-02 -1.2553e-02 1.3355e-02 3.7404e+01 5.2594e-02 3.7381e+01 4.2133e-02 4.7994e-02
6.7555e+01 1.3648e-02 1.8373e-02 3.7587e+01 1.5893e-02 1.8672e-02 -1.1895e-02 1.2649e-02 3.6126e+01 4.9868e-02 3.6105e+01 3.9931e-02 4.5438e-02
6.9132e+01 1.2924e-02 1.7411e-02 3.6266e+01 1.5057e-02 1.7677e-02 -1.1270e-02 1.1978e-02 3.4878e+01 4.7275e-02 3.4857e+01 3.7838e-02 4.3014e-02
7.0746e+01 1.2237e-02 1.6501e-02 3.4983e+01 1.4267e-02 1.6734e-02 -1.0677e-02 1.1342e-02 3.3664e+01 4.4821e-02 3.3644e+01 3.5856e-02 4.0715e-02
7.2397e+01 1.1585e-02 1.5633e-02 3.3732e+01 1.3514e-02 1.5839e-02 -1.0114e-02 1.0739e-02 3.2479e+01 4.2479e-02 3.2461e+01 3.3968e-02 3.8535e-02
7.4087e+01 1.0967e-02 1.4811e-02 3.2519e+01 1.2800e-02 1.4991e-02 -9.5797e-03 1.0166e-02 3.1330e+01 4.0257e-02 3.1312e+01 3.2178e-02 3.6467e-02
7.5816e+01 1.0381e-02 1.4031e-02 3.1342e+01 1.2124e-02 1.4186e-02 -9.0730e-03 9.6234e-03 3.0212e+01 3.8155e-02 3.0195e+01 3.0483e-02 3.4507e-02
7.7585e+01 9.8257e-03 1.3291e-02 3.0202e+01 1.1481e-02 1.3424e-02 -8.5923e-03 9.1087e-03 2.9129e+01 3.6154e-02 2.9113e+01 2.8871e-02 3.2649e-02
7.9396e+01 9.2988e-03 1.2589e-02 2.9099e+01 1.0873e-02 1.2701e-02 -8.1361e-03 8.6205e-03 2.8080e+01 3.4261e-02 2.8065e+01 2.7346e-02 3.0887e-02
8.1249e+01 8.7992e-03 1.1923e-02 2.8033e+01 1.0296e-02 1.2015e-02 -7.7033e-03 8.1575e-03 2.7066e+01 3.2460e-02 2.7051e+01 2.5896e-02 2.9218e-02
8.3146e+01 8.3256e-03 1.1291e-02 2.7004e+01 9.7478e-03 1.1366e-02 -7.2929e-03 7.7186e-03 2.6086e+01 3.0750e-02 2.6073e+01 2.4521e-02 2.7635e-02
8.5086e+01 7.8765e-03 1.0691e-02 2.6013e+01 9.2282e-03 1.0750e-02 -6.9036e-03 7.3024e-03 2.5141e+01 2.9129e-02 2.5129e+01 2.3217e-02 2.6135e-02
8.7072e+01 7.4509e-03 1.0123e-02 2.5058e+01 8.7358e-03 1.0166e-02 -6.5344e-03 6.9079e-03 2.4231e+01 2.7592e-02 2.4219e+01 2.1980e-02 2.4713e-02
8.9105e+01 7.0475e-03 9.5839e-03 2.4136e+01 8.2688e-03 9.6134e-03 -6.1842e-03 6.5339e-03 2.3352e+01 2.6134e-02 2.3340e+01 2.0808e-02 2.3366e-02
9.1184e+01 6.6651e-03 9.0725e-03 2.3249e+01 7.8259e-03 9.0894e-03 -5.8522e-03 6.1794e-03 2.2505e+01 2.4749e-02 2.2494e+01 1.9695e-02 2.2090e-02
9.3313e+01 6.3027e-03 8.5870e-03 2.2395e+01 7.4054e-03 8.5930e-03 -5.5373e-03 5.8435e-03 2.1689e+01 2.3434e-02 2.1678e+01 1.8639e-02 2.0881e-02
9.5490e+01 5.9593e-03 8.1274e-03 2.1570e+01 7.0076e-03 8.1227e-03 -5.2388e-03 5.5251e-03 2.0901e+01 2.2190e-02 2.0891e+01 1.7640e-02 1.9735e-02
9.7719e+01 5.6339e-03 7.6912e-03 2.0775e+01 6.6300e-03 7.6771e-03 -4.9559e-03 5.2234e-03 2.0140e+01 2.1007e-02 2.0131e+01 1.6691e-02 1.8650e-02
1.0000e+02 5.3256e-03 7.2779e-03 2.0005e+01 6.2724e-03 7.2551e-03 -4.6876e-03 4.9375e-03 1.9404e+01 1.9887e-02 1.9395e+01 1.5792e-02 1.7622e-02
