1.0000e-03 1.9397e-03 -4.1471e-04 7.9224e-04 7.1190e-04 4.0788e-01 8.2032e-01 3.2693e-01 1.8195e-04 -2.0591e-01 2.0687e-01 9.1654e-02 8.3072e+02
1.0233e-03 2.1201e-03 -4.5169e-04 8.6724e-04 7.7881e-04 4.2822e-01 8.6098e-01 3.4323e-01 2.0024e-04 -2.1615e-01 2.1720e-01 9.6789e-02 8.4731e+02
1.0472e-03 2.3170e-03 -4.9189e-04 9.4930e-04 8.5194e-04 4.4953e-01 9.0355e-01 3.6030e-01 2.2037e-04 -2.2687e-01 2.2803e-01 1.0208e-01 8.6403e+02
1.0717e-03 2.5321e-03 -5.3558e-04 1.0391e-03 9.3187e-04 4.7186e-01 9.4813e-01 3.7818e-01 2.4256e-04 -2.3811e-01 2.3937e-01 1.0755e-01 8.8100e+02
1.0967e-03 2.7669e-03 -5.8305e-04 1.1373e-03 1.0192e-03 4.9526e-01 9.9483e-01 3.9692e-01 2.6700e-04 -2.4988e-01 2.5127e-01 1.1322e-01 8.9834e+02
1.1223e-03 3.0232e-03 -6.3462e-04 1.2448e-03 1.1147e-03 5.1979e-01 1.0438e+00 4.1657e-01 2.9392e-04 -2.6222e-01 2.6374e-01 1.1911e-01 9.1614e+02
1.1485e-03 3.3031e-03 -6.9063e-04 1.3624e-03 1.2191e-03 5.4552e-01 1.0950e+00 4.3717e-01 3.2357e-04 -2.7515e-01 2.7682e-01 1.2527e-01 9.3449e+02
1.1753e-03 3.6085e-03 -7.5145e-04 1.4910e-03 1.3331e-03 5.7249e-01 1.1487e+00 4.5877e-01 3.5623e-04 -2.8871e-01 2.9053e-01 1.3174e-01 9.5341e+02
1.2027e-03 3.9418e-03 -8.1748e-04 1.6317e-03 1.4577e-03 6.0076e-01 1.2050e+00 4.8141e-01 3.9220e-04 -3.0291e-01 3.0491e-01 1.3858e-01 9.7288e+02
1.2308e-03 4.3056e-03 -8.8915e-04 1.7856e-03 1.5939e-03 6.3040e-01 1.2640e+00 5.0514e-01 4.3181e-04 -3.1780e-01 3.1999e-01 1.4583e-01 9.9285e+02
1.2595e-03 4.7025e-03 -9.6691e-04 1.9540e-03 1.7426e-03 6.6145e-01 1.3257e+00 5.3000e-01 4.7545e-04 -3.3339e-01 3.3579e-01 1.5356e-01 1.0132e+03
1.2889e-03 5.1355e-03 -1.0513e-03 2.1381e-03 1.9051e-03 6.9398e-01 1.3903e+00 5.5604e-01 5.2351e-04 -3.4972e-01 3.5234e-01 1.6181e-01 1.0337e+03
1.3190e-03 5.6079e-03 -1.1428e-03 2.3395e-03 2.0826e-03 7.2803e-01 1.4578e+00 5.8330e-01 5.7645e-04 -3.6680e-01 3.6968e-01 1.7060e-01 1.0543e+03
1.3498e-03 6.1232e-03 -1.2420e-03 2.5597e-03 2.2765e-03 7.6367e-01 1.5285e+00 6.1182e-01 6.3477e-04 -3.8468e-01 3.8782e-01 1.7996e-01 1.0746e+03
1.3813e-03 6.6853e-03 -1.3495e-03 2.8006e-03 2.4883e-03 8.0095e-01 1.6023e+00 6.4166e-01 6.9901e-04 -4.0337e-01 4.0681e-01 1.8987e-01 1.0945e+03
1.4135e-03 7.2982e-03 -1.4660e-03 3.0640e-03 2.7195e-03 8.3994e-01 1.6795e+00 6.7286e-01 7.6978e-04 -4.2290e-01 4.2668e-01 2.0033e-01 1.1138e+03
1.4465e-03 7.9665e-03 -1.5922e-03 3.3519e-03 2.9720e-03 8.8072e-01 1.7600e+00 7.0549e-01 8.4776e-04 -4.4333e-01 4.4746e-01 2.1131e-01 1.1325e+03
1.4803e-03 8.6951e-03 -1.7289e-03 3.6668e-03 3.2477e-03 9.2335e-01 1.8442e+00 7.3960e-01 9.3368e-04 -4.6467e-01 4.6919e-01 2.2277e-01 1.1504e+03
1.5148e-03 9.4894e-03 -1.8769e-03 4.0111e-03 3.5487e-03 9.6794e-01 1.9322e+00 7.7527e-01 1.0284e-03 -4.8698e-01 4.9193e-01 2.3470e-01 1.1676e+03
1.5502e-03 1.0355e-02 -2.0371e-03 4.3875e-03 3.8772e-03 1.0146e+00 2.0240e+00 8.1257e-01 1.1327e-03 -5.1030e-01 5.1572e-01 2.4706e-01 1.1842e+03
1.5864e-03 1.1299e-02 -2.2104e-03 4.7990e-03 4.2358e-03 1.0634e+00 2.1200e+00 8.5159e-01 1.2476e-03 -5.3468e-01 5.4061e-01 2.5986e-01 1.2004e+03
1.6234e-03 1.2327e-02 -2.3979e-03 5.2488e-03 4.6272e-03 1.1144e+00 2.2204e+00 8.9242e-01 1.3743e-03 -5.6018e-01 5.6668e-01 2.7309e-01 1.2163e+03
1.6613e-03 1.3447e-02 -2.6006e-03 5.7406e-03 5.0542e-03 1.1679e+00 2.3253e+00 9.3516e-01 1.5139e-03 -5.8686e-01 5.9397e-01 2.8681e-01 1.2322e+03
1.7000e-03 1.4668e-02 -2.8197e-03 6.2780e-03 5.5202e-03 1.2238e+00 2.4350e+00 9.7989e-01 1.6678e-03 -6.1477e-01 6.2255e-01 3.0107e-01 1.2482e+03
1.7397e-03 1.5997e-02 -3.0565e-03 6.8655e-03 6.0287e-03 1.2824e+00 2.5497e+00 1.0267e+00 1.8373e-03 -6.4398e-01 6.5249e-01 3.1596e-01 1.2645e+03
1.7803e-03 1.7445e-02 -3.3122e-03 7.5075e-03 6.5833e-03 1.3437e+00 2.6696e+00 1.0758e+00 2.0241e-03 -6.7454e-01 6.8386e-01 3.3155e-01 1.2811e+03
1.8219e-03 1.9022e-02 -3.5883e-03 8.2092e-03 7.1883e-03 1.4080e+00 2.7950e+00 1.1271e+00 2.2299e-03 -7.0651e-01 7.1672e-01 3.4793e-01 1.2980e+03
1.8644e-03 2.0739e-02 -3.8863e-03 8.9760e-03 7.8482e-03 1.4752e+00 2.9261e+00 1.1808e+00 2.4567e-03 -7.3996e-01 7.5113e-01 3.6522e-01 1.3152e+03
1.9079e-03 2.2608e-02 -4.2078e-03 9.8139e-03 8.5679e-03 1.5456e+00 3.0631e+00 1.2371e+00 2.7066e-03 -7.7495e-01 7.8717e-01 3.8350e-01 1.3323e+03
1.9525e-03 2.4642e-02 -4.5545e-03 1.0729e-02 9.3526e-03 1.6192e+00 3.2062e+00 1.2959e+00 2.9820e-03 -8.1153e-01 8.2490e-01 4.0281e-01 1.3493e+03
1.9980e-03 2.6856e-02 -4.9281e-03 1.1730e-02 1.0208e-02 1.6963e+00 3.3556e+00 1.3574e+00 3.2854e-03 -8.4977e-01 8.6440e-01 4.2317e-01 1.3658e+03
2.0447e-03 2.9265e-02 -5.3308e-03 1.2823e-02 1.1141e-02 1.7769e+00 3.5117e+00 1.4218e+00 3.6197e-03 -8.8973e-01 9.0574e-01 4.4455e-01 1.3817e+03
2.0924e-03 3.1886e-02 -5.7644e-03 1.4017e-02 1.2157e-02 1.8612e+00 3.6747e+00 1.4891e+00 3.9881e-03 -9.3150e-01 9.4901e-01 4.6692e-01 1.3970e+03
2.1412e-03 3.4737e-02 -6.2311e-03 1.5321e-02 1.3265e-02 1.9494e+00 3.8448e+00 1.5595e+00 4.3941e-03 -9.7514e-01 9.9430e-01 4.9028e-01 1.4116e+03
2.1912e-03 3.7838e-02 -6.7333e-03 1.6745e-02 1.4473e-02 2.0417e+00 4.0224e+00 1.6332e+00 4.8414e-03 -1.0207e+00 1.0417e+00 5.1461e-01 1.4258e+03
2.2423e-03 4.1209e-02 -7.2733e-03 1.8301e-02 1.5788e-02 2.1382e+00 4.2079e+00 1.7102e+00 5.3343e-03 -1.0684e+00 1.0913e+00 5.3995e-01 1.4396e+03
2.2947e-03 4.4875e-02 -7.8538e-03 2.0001e-02 1.7221e-02 2.2392e+00 4.4015e+00 1.7908e+00 5.8774e-03 -1.1182e+00 1.1433e+00 5.6637e-01 1.4532e+03
2.3482e-03 4.8859e-02 -8.4772e-03 2.1857e-02 1.8782e-02 2.3449e+00 4.6036e+00 1.8750e+00 6.4757e-03 -1.1703e+00 1.1977e+00 5.9395e-01 1.4669e+03
2.4030e-03 5.3189e-02 -9.1466e-03 2.3883e-02 2.0482e-02 2.4555e+00 4.8147e+00 1.9632e+00 7.1350e-03 -1.2247e+00 1.2547e+00 6.2284e-01 1.4806e+03
2.4591e-03 5.7894e-02 -9.8649e-03 2.6096e-02 2.2333e-02 2.5712e+00 5.0350e+00 2.0555e+00 7.8613e-03 -1.2816e+00 1.3144e+00 6.5315e-01 1.4944e+03
2.5165e-03 6.3006e-02 -1.0635e-02 2.8513e-02 2.4349e-02 2.6923e+00 5.2650e+00 2.1520e+00 8.6615e-03 -1.3410e+00 1.3769e+00 6.8503e-01 1.5081e+03
2.5753e-03 6.8558e-02 -1.1461e-02 3.1151e-02 2.6543e-02 2.8190e+00 5.5049e+00 2.2529e+00 9.5430e-03 -1.4031e+00 1.4423e+00 7.1854e-01 1.5217e+03
2.6354e-03 7.4587e-02 -1.2345e-02 3.4031e-02 2.8931e-02 2.9514e+00 5.7552e+00 2.3584e+00 1.0514e-02 -1.4680e+00 1.5108e+00 7.5374e-01 1.5349e+03
2.6969e-03 8.1133e-02 -1.3291e-02 3.7175e-02 3.1530e-02 3.0900e+00 6.0163e+00 2.4688e+00 1.1584e-02 -1.5357e+00 1.5826e+00 7.9064e-01 1.5476e+03
2.7598e-03 8.8239e-02 -1.4302e-02 4.0606e-02 3.4358e-02 3.2349e+00 6.2886e+00 2.5842e+00 1.2762e-02 -1.6064e+00 1.6576e+00 8.2927e-01 1.5598e+03
2.8242e-03 9.5951e-02 -1.5384e-02 4.4351e-02 3.7434e-02 3.3865e+00 6.5725e+00 2.7048e+00 1.4060e-02 -1.6803e+00 1.7363e+00 8.6965e-01 1.5716e+03
2.8902e-03 1.0432e-01 -1.6539e-02 4.8439e-02 4.0780e-02 3.5451e+00 6.8686e+00 2.8310e+00 1.5489e-02 -1.7574e+00 1.8186e+00 9.1186e-01 1.5831e+03
2.9576e-03 1.1340e-01 -1.7771e-02 5.2899e-02 4.4419e-02 3.7109e+00 7.1772e+00 2.9629e+00 1.7064e-02 -1.8379e+00 1.9048e+00 9.5600e-01 1.5945e+03
3.0266e-03 1.2324e-01 -1.9084e-02 5.7766e-02 4.8376e-02 3.8843e+00 7.4990e+00 3.1008e+00 1.8797e-02 -1.9219e+00 1.9950e+00 1.0022e+00 1.6057e+03
3.0973e-03 1.3391e-01 -2.0484e-02 6.3077e-02 5.2677e-02 4.0657e+00 7.8343e+00 3.2449e+00 2.0706e-02 -2.0097e+00 2.0895e+00 1.0507e+00 1.6169e+03
3.1696e-03 1.4549e-01 -2.1973e-02 6.8871e-02 5.7352e-02 4.2553e+00 8.1838e+00 3.3956e+00 2.2808e-02 -2.1012e+00 2.1885e+00 1.1016e+00 1.6279e+03
3.2436e-03 1.5803e-01 -2.3557e-02 7.5191e-02 6.2432e-02 4.4537e+00 8.5479e+00 3.5532e+00 2.5123e-02 -2.1968e+00 2.2921e+00 1.1550e+00 1.6387e+03
3.3193e-03 1.7162e-01 -2.5239e-02 8.2085e-02 6.7952e-02 4.6610e+00 8.9271e+00 3.7178e+00 2.7671e-02 -2.2964e+00 2.4006e+00 1.2109e+00 1.6491e+03
3.3967e-03 1.8634e-01 -2.7023e-02 8.9605e-02 7.3948e-02 4.8778e+00 9.3220e+00 3.8899e+00 3.0476e-02 -2.4004e+00 2.5142e+00 1.2696e+00 1.6591e+03
3.4760e-03 2.0228e-01 -2.8915e-02 9.7806e-02 8.0460e-02 5.1045e+00 9.7332e+00 4.0697e+00 3.3563e-02 -2.5089e+00 2.6331e+00 1.3310e+00 1.6689e+03
3.5572e-03 2.1954e-01 -3.0917e-02 1.0675e-01 8.7531e-02 5.3414e+00 1.0161e+01 4.2576e+00 3.6962e-02 -2.6219e+00 2.7576e+00 1.3952e+00 1.6784e+03
3.6402e-03 2.3822e-01 -3.3034e-02 1.1650e-01 9.5207e-02 5.5891e+00 1.0607e+01 4.4540e+00 4.0702e-02 -2.7399e+00 2.8880e+00 1.4626e+00 1.6877e+03
3.7251e-03 2.5844e-01 -3.5270e-02 1.2713e-01 1.0354e-01 5.8480e+00 1.1070e+01 4.6591e+00 4.4817e-02 -2.8628e+00 3.0246e+00 1.5332e+00 1.6969e+03
3.8121e-03 2.8031e-01 -3.7628e-02 1.3872e-01 1.1258e-01 6.1186e+00 1.1553e+01 4.8735e+00 4.9346e-02 -2.9909e+00 3.1676e+00 1.6072e+00 1.7059e+03
3.9011e-03 3.0397e-01 -4.0110e-02 1.5136e-01 1.2239e-01 6.4014e+00 1.2054e+01 5.0973e+00 5.4328e-02 -3.1245e+00 3.3173e+00 1.6849e+00 1.7146e+03
3.9921e-03 3.2954e-01 -4.2720e-02 1.6513e-01 1.3303e-01 6.6970e+00 1.2576e+01 5.3312e+00 5.9809e-02 -3.2636e+00 3.4740e+00 1.7663e+00 1.7231e+03
4.0853e-03 3.5719e-01 -4.5459e-02 1.8014e-01 1.4456e-01 7.0058e+00 1.3118e+01 5.5754e+00 6.5837e-02 -3.4085e+00 3.6381e+00 1.8516e+00 1.7313e+03
4.1806e-03 3.8706e-01 -4.8328e-02 1.9649e-01 1.5707e-01 7.3285e+00 1.3682e+01 5.8305e+00 7.2467e-02 -3.5594e+00 3.8100e+00 1.9410e+00 1.7393e+03
4.2782e-03 4.1933e-01 -5.1329e-02 2.1431e-01 1.7062e-01 7.6656e+00 1.4268e+01 6.0968e+00 7.9757e-02 -3.7165e+00 3.9900e+00 2.0347e+00 1.7471e+03
4.3781e-03 4.5418e-01 -5.4460e-02 2.3373e-01 1.8531e-01 8.0178e+00 1.4876e+01 6.3749e+00 8.7772e-02 -3.8801e+00 4.1784e+00 2.1329e+00 1.7547e+03
4.4803e-03 4.9181e-01 -5.7719e-02 2.5488e-01 2.0122e-01 8.3857e+00 1.5507e+01 6.6652e+00 9.6584e-02 -4.0503e+00 4.3757e+00 2.2359e+00 1.7621e+03
4.5848e-03 5.3241e-01 -6.1105e-02 2.7792e-01 2.1845e-01 8.7700e+00 1.6163e+01 6.9683e+00 1.0627e-01 -4.2274e+00 4.5823e+00 2.3439e+00 1.7692e+03
4.6918e-03 5.7622e-01 -6.4612e-02 3.0301e-01 2.3711e-01 9.1713e+00 1.6844e+01 7.2846e+00 1.1691e-01 -4.4116e+00 4.7986e+00 2.4572e+00 1.7762e+03
4.8013e-03 6.2346e-01 -6.8233e-02 3.3034e-01 2.5731e-01 9.5904e+00 1.7550e+01 7.6146e+00 1.2861e-01 -4.6032e+00 5.0251e+00 2.5759e+00 1.7829e+03
4.9134e-03 6.7440e-01 -7.1962e-02 3.6009e-01 2.7916e-01 1.0028e+01 1.8282e+01 7.9591e+00 1.4146e-01 -4.8023e+00 5.2623e+00 2.7004e+00 1.7895e+03
5.0281e-03 7.2930e-01 -7.5786e-02 3.9248e-01 3.0280e-01 1.0485e+01 1.9041e+01 8.3184e+00 1.5557e-01 -5.0092e+00 5.5107e+00 2.8309e+00 1.7959e+03
5.1454e-03 7.8845e-01 -7.9694e-02 4.2774e-01 3.2838e-01 1.0962e+01 1.9828e+01 8.6932e+00 1.7108e-01 -5.2242e+00 5.7707e+00 2.9678e+00 1.8020e+03
5.2655e-03 8.5215e-01 -8.3670e-02 4.6612e-01 3.5602e-01 1.1459e+01 2.0643e+01 9.0842e+00 1.8810e-01 -5.4475e+00 6.0430e+00 3.1114e+00 1.8080e+03
5.3884e-03 9.2074e-01 -8.7692e-02 5.0788e-01 3.8591e-01 1.1979e+01 2.1488e+01 9.4920e+00 2.0678e-01 -5.6793e+00 6.3281e+00 3.2619e+00 1.8138e+03
5.5142e-03 9.9455e-01 -9.1740e-02 5.5333e-01 4.1820e-01 1.2521e+01 2.2362e+01 9.9171e+00 2.2729e-01 -5.9199e+00 6.6267e+00 3.4198e+00 1.8194e+03
5.6429e-03 1.0739e+00 -9.5786e-02 6.0277e-01 4.5308e-01 1.3086e+01 2.3266e+01 1.0360e+01 2.4980e-01 -6.1695e+00 6.9393e+00 3.5854e+00 1.8249e+03
5.7746e-03 1.1593e+00 -9.9797e-02 6.5656e-01 4.9075e-01 1.3676e+01 2.4202e+01 1.0822e+01 2.7449e-01 -6.4283e+00 7.2666e+00 3.7590e+00 1.8301e+03
5.9094e-03 1.2511e+00 -1.0374e-01 7.1505e-01 5.3141e-01 1.4292e+01 2.5170e+01 1.1304e+01 3.0158e-01 -6.6966e+00 7.6093e+00 3.9411e+00 1.8352e+03
6.0473e-03 1.3497e+00 -1.0756e-01 7.7867e-01 5.7529e-01 1.4933e+01 2.6170e+01 1.1806e+01 3.3129e-01 -6.9746e+00 7.9682e+00 4.1322e+00 1.8401e+03
6.1885e-03 1.4557e+00 -1.1123e-01 8.4784e-01 6.2263e-01 1.5603e+01 2.7203e+01 1.2328e+01 3.6386e-01 -7.2625e+00 8.3440e+00 4.3325e+00 1.8449e+03
6.3329e-03 1.5694e+00 -1.1467e-01 9.2303e-01 6.7368e-01 1.6300e+01 2.8270e+01 1.2873e+01 3.9956e-01 -7.5606e+00 8.7374e+00 4.5426e+00 1.8495e+03
6.4807e-03 1.6914e+00 -1.1783e-01 1.0048e+00 7.2872e-01 1.7027e+01 2.9371e+01 1.3440e+01 4.3868e-01 -7.8691e+00 9.1494e+00 4.7631e+00 1.8540e+03
6.6320e-03 1.8223e+00 -1.2064e-01 1.0936e+00 7.8802e-01 1.7785e+01 3.0507e+01 1.4030e+01 4.8154e-01 -8.1881e+00 9.5808e+00 4.9943e+00 1.8582e+03
6.7868e-03 1.9626e+00 -1.2301e-01 1.1901e+00 8.5191e-01 1.8575e+01 3.1678e+01 1.4644e+01 5.2849e-01 -8.5178e+00 1.0032e+01 5.2368e+00 1.8624e+03
6.9452e-03 2.1130e+00 -1.2485e-01 1.2949e+00 9.2071e-01 1.9398e+01 3.2885e+01 1.5284e+01 5.7990e-01 -8.8584e+00 1.0505e+01 5.4911e+00 1.8664e+03
7.1073e-03 2.2741e+00 -1.2605e-01 1.4088e+00 9.9476e-01 2.0255e+01 3.4128e+01 1.5949e+01 6.3617e-01 -9.2102e+00 1.1000e+01 5.7579e+00 1.8702e+03
7.2732e-03 2.4465e+00 -1.2651e-01 1.5325e+00 1.0744e+00 2.1147e+01 3.5408e+01 1.6642e+01 6.9776e-01 -9.5731e+00 1.1519e+01 6.0378e+00 1.8739e+03
7.4429e-03 2.6311e+00 -1.2608e-01 1.6668e+00 1.1601e+00 2.2076e+01 3.6725e+01 1.7362e+01 7.6513e-01 -9.9474e+00 1.2062e+01 6.3313e+00 1.8775e+03
7.6166e-03 2.8285e+00 -1.2464e-01 1.8125e+00 1.2523e+00 2.3043e+01 3.8079e+01 1.8110e+01 8.3883e-01 -1.0333e+01 1.2630e+01 6.6392e+00 1.8810e+03
7.7944e-03 3.0395e+00 -1.2200e-01 1.9707e+00 1.3513e+00 2.4050e+01 3.9471e+01 1.8888e+01 9.1940e-01 -1.0730e+01 1.3225e+01 6.9622e+00 1.8843e+03
7.9763e-03 3.2650e+00 -1.1800e-01 2.1423e+00 1.4577e+00 2.5097e+01 4.0900e+01 1.9697e+01 1.0075e+00 -1.1139e+01 1.3848e+01 7.3009e+00 1.8874e+03
8.1625e-03 3.5057e+00 -1.1244e-01 2.3285e+00 1.5719e+00 2.6186e+01 4.2367e+01 2.0537e+01 1.1037e+00 -1.1560e+01 1.4500e+01 7.6562e+00 1.8905e+03
8.3530e-03 3.7627e+00 -1.0511e-01 2.5305e+00 1.6945e+00 2.7319e+01 4.3871e+01 2.1410e+01 1.2088e+00 -1.1992e+01 1.5183e+01 8.0289e+00 1.8934e+03
8.5480e-03 4.0369e+00 -9.5752e-02 2.7494e+00 1.8259e+00 2.8497e+01 4.5414e+01 2.2316e+01 1.3236e+00 -1.2435e+01 1.5898e+01 8.4197e+00 1.8962e+03
8.7475e-03 4.3291e+00 -8.4116e-02 2.9868e+00 1.9669e+00 2.9721e+01 4.6993e+01 2.3257e+01 1.4488e+00 -1.2890e+01 1.6646e+01 8.8296e+00 1.8989e+03
8.9517e-03 4.6405e+00 -6.9910e-02 3.2440e+00 2.1180e+00 3.0994e+01 4.8610e+01 2.4233e+01 1.5855e+00 -1.3356e+01 1.7430e+01 9.2594e+00 1.9015e+03
9.1606e-03 4.9721e+00 -5.2818e-02 3.5228e+00 2.2799e+00 3.2315e+01 5.0263e+01 2.5246e+01 1.7346e+00 -1.3834e+01 1.8250e+01 9.7102e+00 1.9040e+03
9.3744e-03 5.3250e+00 -3.2496e-02 3.8247e+00 2.4532e+00 3.3688e+01 5.1953e+01 2.6296e+01 1.8971e+00 -1.4322e+01 1.9109e+01 1.0183e+01 1.9063e+03
9.5932e-03 5.7003e+00 -8.5667e-03 4.1516e+00 2.6387e+00 3.5113e+01 5.3678e+01 2.7385e+01 2.0742e+00 -1.4821e+01 2.0007e+01 1.0678e+01 1.9086e+03
9.8171e-03 6.0992e+00 1.9380e-02 4.5056e+00 2.8371e+00 3.6592e+01 5.5439e+01 2.8514e+01 2.2671e+00 -1.5331e+01 2.0948e+01 1.1198e+01 1.9107e+03
1.0046e-02 6.5230e+00 5.1787e-02 4.8887e+00 3.0491e+00 3.8127e+01 5.7234e+01 2.9683e+01 2.4772e+00 -1.5850e+01 2.1933e+01 1.1743e+01 1.9127e+03
1.0281e-02 6.9728e+00 8.9136e-02 5.3031e+00 3.2757e+00 3.9720e+01 5.9063e+01 3.0894e+01 2.7058e+00 -1.6378e+01 2.2964e+01 1.2314e+01 1.9147e+03
1.0521e-02 7.4500e+00 1.3195e-01 5.7514e+00 3.5176e+00 4.1371e+01 6.0924e+01 3.2148e+01 2.9545e+00 -1.6916e+01 2.4042e+01 1.2912e+01 1.9165e+03
1.0766e-02 7.9559e+00 1.8079e-01 6.2362e+00 3.7758e+00 4.3082e+01 6.2816e+01 3.3445e+01 3.2250e+00 -1.7462e+01 2.5171e+01 1.3539e+01 1.9183e+03
1.1018e-02 8.4918e+00 2.3625e-01 6.7601e+00 4.0512e+00 4.4855e+01 6.4738e+01 3.4787e+01 3.5190e+00 -1.8015e+01 2.6353e+01 1.4197e+01 1.9199e+03
1.1275e-02 9.0592e+00 2.9900e-01 7.3263e+00 4.3447e+00 4.6692e+01 6.6690e+01 3.6176e+01 3.8383e+00 -1.8575e+01 2.7589e+01 1.4885e+01 1.9215e+03
1.1538e-02 9.6593e+00 3.6973e-01 7.9378e+00 4.6575e+00 4.8594e+01 6.8668e+01 3.7610e+01 4.1850e+00 -1.9141e+01 2.8882e+01 1.5607e+01 1.9229e+03
1.1807e-02 1.0294e+01 4.4918e-01 8.5982e+00 4.9904e+00 5.0563e+01 7.0672e+01 3.9093e+01 4.5613e+00 -1.9712e+01 3.0236e+01 1.6362e+01 1.9243e+03
1.2083e-02 1.0964e+01 5.3816e-01 9.3109e+00 5.3446e+00 5.2600e+01 7.2699e+01 4.0624e+01 4.9695e+00 -2.0287e+01 3.1652e+01 1.7154e+01 1.9256e+03
1.2365e-02 1.1671e+01 6.3751e-01 1.0080e+01 5.7213e+00 5.4707e+01 7.4749e+01 4.2205e+01 5.4119e+00 -2.0865e+01 3.3133e+01 1.7982e+01 1.9268e+03
1.2653e-02 1.2417e+01 7.4813e-01 1.0909e+01 6.1215e+00 5.6885e+01 7.6819e+01 4.3836e+01 5.8913e+00 -2.1444e+01 3.4683e+01 1.8850e+01 1.9279e+03
1.2949e-02 1.3203e+01 8.7100e-01 1.1803e+01 6.5464e+00 5.9136e+01 7.8906e+01 4.5519e+01 6.4103e+00 -2.2024e+01 3.6304e+01 1.9758e+01 1.9290e+03
1.3251e-02 1.4031e+01 1.0071e+00 1.2767e+01 6.9973e+00 6.1462e+01 8.1009e+01 4.7253e+01 6.9720e+00 -2.2602e+01 3.7999e+01 2.0708e+01 1.9299e+03
1.3560e-02 1.4902e+01 1.1575e+00 1.3804e+01 7.4755e+00 6.3862e+01 8.3125e+01 4.9040e+01 7.5795e+00 -2.3177e+01 3.9771e+01 2.1701e+01 1.9308e+03
1.3877e-02 1.5818e+01 1.3234e+00 1.4921e+01 7.9821e+00 6.6340e+01 8.5252e+01 5.0881e+01 8.2361e+00 -2.3747e+01 4.1625e+01 2.2741e+01 1.9316e+03
1.4201e-02 1.6779e+01 1.5060e+00 1.6124e+01 8.5184e+00 6.8895e+01 8.7387e+01 5.2776e+01 8.9453e+00 -2.4311e+01 4.3562e+01 2.3828e+01 1.9323e+03
1.4532e-02 1.7788e+01 1.7063e+00 1.7417e+01 9.0859e+00 7.1530e+01 8.9528e+01 5.4726e+01 9.7109e+00 -2.4866e+01 4.5588e+01 2.4964e+01 1.9329e+03
1.4871e-02 1.8846e+01 1.9259e+00 1.8806e+01 9.6858e+00 7.4246e+01 9.1672e+01 5.6731e+01 1.0537e+01 -2.5411e+01 4.7705e+01 2.6151e+01 1.9335e+03
1.5218e-02 1.9955e+01 2.1660e+00 2.0300e+01 1.0319e+01 7.7043e+01 9.3815e+01 5.8791e+01 1.1427e+01 -2.5943e+01 4.9917e+01 2.7392e+01 1.9340e+03
1.5573e-02 2.1115e+01 2.4280e+00 2.1903e+01 1.0988e+01 7.9923e+01 9.5957e+01 6.0908e+01 1.2386e+01 -2.6460e+01 5.2228e+01 2.8687e+01 1.9344e+03
1.5937e-02 2.2328e+01 2.7133e+00 2.3624e+01 1.1694e+01 8.2886e+01 9.8092e+01 6.3082e+01 1.3418e+01 -2.6959e+01 5.4643e+01 3.0039e+01 1.9347e+03
1.6309e-02 2.3595e+01 3.0236e+00 2.5470e+01 1.2437e+01 8.5934e+01 1.0022e+02 6.5312e+01 1.4528e+01 -2.7439e+01 5.7165e+01 3.1450e+01 1.9350e+03
1.6690e-02 2.4917e+01 3.3601e+00 2.7449e+01 1.3219e+01 8.9067e+01 1.0234e+02 6.7599e+01 1.5721e+01 -2.7895e+01 5.9799e+01 3.2922e+01 1.9352e+03
1.7079e-02 2.6295e+01 3.7246e+00 2.9570e+01 1.4042e+01 9.2285e+01 1.0444e+02 6.9943e+01 1.7002e+01 -2.8326e+01 6.2549e+01 3.4457e+01 1.9353e+03
1.7478e-02 2.7731e+01 4.1186e+00 3.1841e+01 1.4907e+01 9.5589e+01 1.0652e+02 7.2344e+01 1.8378e+01 -2.8729e+01 6.5419e+01 3.6056e+01 1.9353e+03
1.7886e-02 2.9226e+01 4.5436e+00 3.4271e+01 1.5815e+01 9.8980e+01 1.0859e+02 7.4802e+01 1.9853e+01 -2.9100e+01 6.8415e+01 3.7722e+01 1.9353e+03
1.8303e-02 3.0779e+01 5.0012e+00 3.6870e+01 1.6767e+01 1.0246e+02 1.1063e+02 7.7317e+01 2.1433e+01 -2.9438e+01 7.1541e+01 3.9457e+01 1.9352e+03
1.8730e-02 3.2392e+01 5.4930e+00 3.9648e+01 1.7765e+01 1.0602e+02 1.1265e+02 7.9888e+01 2.3124e+01 -2.9738e+01 7.4801e+01 4.1262e+01 1.9350e+03
1.9167e-02 3.4065e+01 6.0205e+00 4.2615e+01 1.8809e+01 1.0968e+02 1.1464e+02 8.2516e+01 2.4933e+01 -2.9997e+01 7.8201e+01 4.3140e+01 1.9347e+03
1.9615e-02 3.5799e+01 6.5851e+00 4.5781e+01 1.9900e+01 1.1341e+02 1.1660e+02 8.5199e+01 2.6866e+01 -3.0214e+01 8.1746e+01 4.5091e+01 1.9344e+03
2.0073e-02 3.7594e+01 7.1885e+00 4.9157e+01 2.1040e+01 1.1724e+02 1.1853e+02 8.7938e+01 2.8929e+01 -3.0383e+01 8.5440e+01 4.7119e+01 1.9340e+03
2.0541e-02 3.9451e+01 7.8320e+00 5.2755e+01 2.2230e+01 1.2115e+02 1.2042e+02 9.0732e+01 3.1129e+01 -3.0503e+01 8.9288e+01 4.9224e+01 1.9335e+03
2.1021e-02 4.1369e+01 8.5168e+00 5.6585e+01 2.3470e+01 1.2515e+02 1.2228e+02 9.3580e+01 3.3473e+01 -3.0571e+01 9.3296e+01 5.1408e+01 1.9329e+03
2.1511e-02 4.3349e+01 9.2443e+00 6.0659e+01 2.4760e+01 1.2923e+02 1.2409e+02 9.6481e+01 3.5967e+01 -3.0583e+01 9.7469e+01 5.3672e+01 1.9323e+03
2.2013e-02 4.5391e+01 1.0016e+01 6.4990e+01 2.6102e+01 1.3340e+02 1.2587e+02 9.9435e+01 3.8618e+01 -3.0536e+01 1.0181e+02 5.6019e+01 1.9316e+03
2.2527e-02 4.7493e+01 1.0832e+01 6.9588e+01 2.7496e+01 1.3765e+02 1.2760e+02 1.0244e+02 4.1433e+01 -3.0428e+01 1.0633e+02 5.8448e+01 1.9308e+03
2.3053e-02 4.9657e+01 1.1694e+01 7.4465e+01 2.8941e+01 1.4199e+02 1.2929e+02 1.0550e+02 4.4419e+01 -3.0255e+01 1.1102e+02 6.0962e+01 1.9299e+03
2.3591e-02 5.1881e+01 1.2602e+01 7.9634e+01 3.0439e+01 1.4640e+02 1.3094e+02 1.0860e+02 4.7582e+01 -3.0016e+01 1.1590e+02 6.3561e+01 1.9289e+03
2.4142e-02 5.4165e+01 1.3558e+01 8.5106e+01 3.1990e+01 1.5090e+02 1.3254e+02 1.1176e+02 5.0929e+01 -2.9708e+01 1.2097e+02 6.6247e+01 1.9279e+03
2.4705e-02 5.6509e+01 1.4561e+01 9.0893e+01 3.3592e+01 1.5547e+02 1.3409e+02 1.1496e+02 5.4467e+01 -2.9328e+01 1.2624e+02 6.9019e+01 1.9267e+03
2.5282e-02 5.8911e+01 1.5612e+01 9.7008e+01 3.5247e+01 1.6013e+02 1.3559e+02 1.1821e+02 5.8201e+01 -2.8874e+01 1.3170e+02 7.1878e+01 1.9255e+03
2.5872e-02 6.1372e+01 1.6712e+01 1.0346e+02 3.6953e+01 1.6485e+02 1.3704e+02 1.2150e+02 6.2140e+01 -2.8345e+01 1.3736e+02 7.4825e+01 1.9242e+03
2.6476e-02 6.3889e+01 1.7859e+01 1.1027e+02 3.8711e+01 1.6966e+02 1.3844e+02 1.2484e+02 6.6288e+01 -2.7739e+01 1.4324e+02 7.7860e+01 1.9228e+03
2.7094e-02 6.6463e+01 1.9054e+01 1.1744e+02 4.0519e+01 1.7453e+02 1.3978e+02 1.2822e+02 7.0652e+01 -2.7055e+01 1.4932e+02 8.0983e+01 1.9213e+03
2.7726e-02 6.9092e+01 2.0297e+01 1.2498e+02 4.2377e+01 1.7948e+02 1.4108e+02 1.3165e+02 7.5238e+01 -2.6291e+01 1.5563e+02 8.4193e+01 1.9198e+03
2.8373e-02 7.1777e+01 2.1586e+01 1.3292e+02 4.4284e+01 1.8449e+02 1.4232e+02 1.3511e+02 8.0051e+01 -2.5447e+01 1.6215e+02 8.7491e+01 1.9181e+03
2.9035e-02 7.4515e+01 2.2921e+01 1.4125e+02 4.6238e+01 1.8958e+02 1.4350e+02 1.3861e+02 8.5096e+01 -2.4523e+01 1.6890e+02 9.0876e+01 1.9163e+03
2.9713e-02 7.7307e+01 2.4300e+01 1.4999e+02 4.8239e+01 1.9472e+02 1.4462e+02 1.4215e+02 9.0379e+01 -2.3518e+01 1.7588e+02 9.4346e+01 1.9144e+03
3.0406e-02 8.0151e+01 2.5722e+01 1.5915e+02 5.0285e+01 1.9993e+02 1.4569e+02 1.4573e+02 9.5902e+01 -2.2433e+01 1.8309e+02 9.7902e+01 1.9125e+03
3.1116e-02 8.3048e+01 2.7186e+01 1.6873e+02 5.2376e+01 2.0521e+02 1.4669e+02 1.4935e+02 1.0167e+02 -2.1268e+01 1.9054e+02 1.0154e+02 1.9104e+03
3.1842e-02 8.5997e+01 2.8691e+01 1.7875e+02 5.4509e+01 2.1054e+02 1.4763e+02 1.5299e+02 1.0769e+02 -2.0024e+01 1.9822e+02 1.0526e+02 1.9082e+03
3.2586e-02 8.8998e+01 3.0234e+01 1.8922e+02 5.6683e+01 2.1592e+02 1.4850e+02 1.5667e+02 1.1395e+02 -1.8701e+01 2.0615e+02 1.0907e+02 1.9059e+03
3.3346e-02 9.2051e+01 3.1814e+01 2.0014e+02 5.8897e+01 2.2137e+02 1.4929e+02 1.6039e+02 1.2048e+02 -1.7299e+01 2.1432e+02 1.1295e+02 1.9035e+03
3.4124e-02 9.5156e+01 3.3429e+01 2.1151e+02 6.1151e+01 2.2686e+02 1.5001e+02 1.6413e+02 1.2725e+02 -1.5821e+01 2.2273e+02 1.1692e+02 1.9010e+03
3.4921e-02 9.8314e+01 3.5079e+01 2.2335e+02 6.3442e+01 2.3241e+02 1.5064e+02 1.6791e+02 1.3429e+02 -1.4265e+01 2.3140e+02 1.2096e+02 1.8983e+03
3.5736e-02 1.0152e+02 3.6761e+01 2.3566e+02 6.5770e+01 2.3801e+02 1.5118e+02 1.7171e+02 1.4158e+02 -1.2634e+01 2.4031e+02 1.2508e+02 1.8955e+03
3.6570e-02 1.0479e+02 3.8475e+01 2.4845e+02 6.8135e+01 2.4365e+02 1.5163e+02 1.7554e+02 1.4914e+02 -1.0926e+01 2.4947e+02 1.2928e+02 1.8926e+03
3.7424e-02 1.0811e+02 4.0219e+01 2.6171e+02 7.0536e+01 2.4934e+02 1.5197e+02 1.7940e+02 1.5697e+02 -9.1408e+00 2.5889e+02 1.3355e+02 1.8896e+03
3.8297e-02 1.1148e+02 4.1993e+01 2.7547e+02 7.2973e+01 2.5507e+02 1.5220e+02 1.8329e+02 1.6506e+02 -7.2782e+00 2.6857e+02 1.3789e+02 1.8865e+03
3.9191e-02 1.1491e+02 4.3797e+01 2.8972e+02 7.5446e+01 2.6083e+02 1.5231e+02 1.8719e+02 1.7342e+02 -5.3362e+00 2.7850e+02 1.4232e+02 1.8832e+03
4.0106e-02 1.1840e+02 4.5632e+01 3.0447e+02 7.7955e+01 2.6664e+02 1.5228e+02 1.9112e+02 1.8205e+02 -3.3120e+00 2.8869e+02 1.4681e+02 1.8797e+03
4.1042e-02 1.2195e+02 4.7498e+01 3.1973e+02 8.0503e+01 2.7248e+02 1.5211e+02 1.9507e+02 1.9096e+02 -1.2022e+00 2.9914e+02 1.5139e+02 1.8761e+03
4.2000e-02 1.2556e+02 4.9398e+01 3.3551e+02 8.3089e+01 2.7835e+02 1.5178e+02 1.9904e+02 2.0015e+02 9.9825e-01 3.0985e+02 1.5604e+02 1.8724e+03
4.2980e-02 1.2922e+02 5.1333e+01 3.5181e+02 8.5717e+01 2.8425e+02 1.5128e+02 2.0303e+02 2.0964e+02 3.2952e+00 3.2083e+02 1.6077e+02 1.8685e+03
4.3983e-02 1.3295e+02 5.3307e+01 3.6864e+02 8.8389e+01 2.9017e+02 1.5060e+02 2.0702e+02 2.1941e+02 5.6964e+00 3.3208e+02 1.6558e+02 1.8645e+03
4.5010e-02 1.3675e+02 5.5323e+01 3.8602e+02 9.1107e+01 2.9612e+02 1.4974e+02 2.1103e+02 2.2949e+02 8.2112e+00 3.4359e+02 1.7047e+02 1.8603e+03
4.6060e-02 1.4060e+02 5.7388e+01 4.0395e+02 9.3876e+01 3.0208e+02 1.4867e+02 2.1505e+02 2.3988e+02 1.0850e+01 3.5538e+02 1.7545e+02 1.8560e+03
4.7135e-02 1.4452e+02 5.9507e+01 4.2246e+02 9.6699e+01 3.0805e+02 1.4738e+02 2.1906e+02 2.5060e+02 1.3627e+01 3.6744e+02 1.8052e+02 1.8514e+03
4.8235e-02 1.4850e+02 6.1686e+01 4.4155e+02 9.9582e+01 3.1403e+02 1.4587e+02 2.2308e+02 2.6165e+02 1.6554e+01 3.7979e+02 1.8569e+02 1.8467e+03
4.9361e-02 1.5254e+02 6.3933e+01 4.6124e+02 1.0253e+02 3.2001e+02 1.4413e+02 2.2708e+02 2.7306e+02 1.9648e+01 3.9242e+02 1.9095e+02 1.8419e+03
5.0513e-02 1.5664e+02 6.6257e+01 4.8157e+02 1.0554e+02 3.2599e+02 1.4214e+02 2.3108e+02 2.8484e+02 2.2927e+01 4.0533e+02 1.9632e+02 1.8368e+03
5.1692e-02 1.6079e+02 6.8665e+01 5.0256e+02 1.0863e+02 3.3195e+02 1.3991e+02 2.3505e+02 2.9700e+02 2.6407e+01 4.1854e+02 2.0180e+02 1.8316e+03
5.2899e-02 1.6500e+02 7.1165e+01 5.2422e+02 1.1180e+02 3.3789e+02 1.3744e+02 2.3900e+02 3.0958e+02 3.0107e+01 4.3205e+02 2.0740e+02 1.8262e+03
5.4134e-02 1.6924e+02 7.3767e+01 5.4660e+02 1.1505e+02 3.4380e+02 1.3472e+02 2.4291e+02 3.2258e+02 3.4047e+01 4.4587e+02 2.1311e+02 1.8205e+03
5.5397e-02 1.7353e+02 7.6478e+01 5.6970e+02 1.1838e+02 3.4968e+02 1.3175e+02 2.4678e+02 3.3604e+02 3.8245e+01 4.5999e+02 2.1894e+02 1.8147e+03
5.6690e-02 1.7785e+02 7.9307e+01 5.9358e+02 1.2181e+02 3.5551e+02 1.2855e+02 2.5060e+02 3.4996e+02 4.2718e+01 4.7442e+02 2.2490e+02 1.8087e+03
5.8013e-02 1.8218e+02 8.2258e+01 6.1824e+02 1.2532e+02 3.6127e+02 1.2512e+02 2.5436e+02 3.6437e+02 4.7482e+01 4.8916e+02 2.3098e+02 1.8025e+03
5.9367e-02 1.8653e+02 8.5339e+01 6.4372e+02 1.2892e+02 3.6697e+02 1.2149e+02 2.5804e+02 3.7929e+02 5.2551e+01 5.0422e+02 2.3718e+02 1.7960e+03
6.0753e-02 1.9088e+02 8.8550e+01 6.7003e+02 1.3261e+02 3.7259e+02 1.1766e+02 2.6164e+02 3.9473e+02 5.7935e+01 5.1959e+02 2.4351e+02 1.7894e+03
6.2171e-02 1.9521e+02 9.1895e+01 6.9721e+02 1.3639e+02 3.7811e+02 1.1365e+02 2.6515e+02 4.1070e+02 6.3639e+01 5.3528e+02 2.4995e+02 1.7825e+03
6.3622e-02 1.9951e+02 9.5370e+01 7.2525e+02 1.4024e+02 3.8352e+02 1.0950e+02 2.6856e+02 4.2721e+02 6.9664e+01 5.5127e+02 2.5650e+02 1.7754e+03
6.5107e-02 2.0378e+02 9.8972e+01 7.5418e+02 1.4417e+02 3.8882e+02 1.0523e+02 2.7185e+02 4.4426e+02 7.6005e+01 5.6756e+02 2.6314e+02 1.7680e+03
6.6627e-02 2.0798e+02 1.0269e+02 7.8397e+02 1.4815e+02 3.9398e+02 1.0087e+02 2.7502e+02 4.6183e+02 8.2648e+01 5.8415e+02 2.6987e+02 1.7605e+03
6.8182e-02 2.1212e+02 1.0652e+02 8.1462e+02 1.5217e+02 3.9900e+02 9.6453e+01 2.7805e+02 4.7992e+02 8.9574e+01 6.0100e+02 2.7666e+02 1.7526e+03
6.9773e-02 2.1617e+02 1.1043e+02 8.4609e+02 1.5622e+02 4.0386e+02 9.2004e+01 2.8095e+02 4.9850e+02 9.6756e+01 6.1811e+02 2.8349e+02 1.7446e+03
7.1402e-02 2.2012e+02 1.1442e+02 8.7833e+02 1.6028e+02 4.0855e+02 8.7558e+01 2.8370e+02 5.1753e+02 1.0416e+02 6.3543e+02 2.9033e+02 1.7363e+03
7.3068e-02 2.2396e+02 1.1846e+02 9.1131e+02 1.6432e+02 4.1307e+02 8.3145e+01 2.8630e+02 5.3696e+02 1.1174e+02 6.5297e+02 2.9716e+02 1.7277e+03
7.4773e-02 2.2766e+02 1.2252e+02 9.4497e+02 1.6833e+02 4.1739e+02 7.8792e+01 2.8873e+02 5.5677e+02 1.1944e+02 6.7069e+02 3.0395e+02 1.7189e+03
7.6519e-02 2.3124e+02 1.2658e+02 9.7926e+02 1.7226e+02 4.2152e+02 7.4521e+01 2.9101e+02 5.7688e+02 1.2721e+02 6.8856e+02 3.1066e+02 1.7099e+03
7.8305e-02 2.3466e+02 1.3060e+02 1.0141e+03 1.7610e+02 4.2545e+02 7.0351e+01 2.9313e+02 5.9724e+02 1.3498e+02 7.0656e+02 3.1725e+02 1.7006e+03
8.0132e-02 2.3793e+02 1.3454e+02 1.0493e+03 1.7981e+02 4.2917e+02 6.6290e+01 2.9510e+02 6.1775e+02 1.4269e+02 7.2463e+02 3.2369e+02 1.6910e+03
8.2003e-02 2.4105e+02 1.3839e+02 1.0849e+03 1.8337e+02 4.3268e+02 6.2340e+01 2.9691e+02 6.3834e+02 1.5027e+02 7.4272e+02 3.2995e+02 1.6812e+03
8.3917e-02 2.4401e+02 1.4210e+02 1.1206e+03 1.8676e+02 4.3598e+02 5.8498e+01 2.9857e+02 6.5891e+02 1.5765e+02 7.6079e+02 3.3600e+02 1.6712e+03
8.5875e-02 2.4681e+02 1.4564e+02 1.1563e+03 1.8995e+02 4.3906e+02 5.4748e+01 3.0009e+02 6.7939e+02 1.6478e+02 7.7882e+02 3.4180e+02 1.6609e+03
8.7880e-02 2.4946e+02 1.4901e+02 1.1921e+03 1.9293e+02 4.4194e+02 5.1071e+01 3.0148e+02 6.9972e+02 1.7163e+02 7.9675e+02 3.4735e+02 1.6503e+03
8.9931e-02 2.5196e+02 1.5218e+02 1.2277e+03 1.9570e+02 4.4461e+02 4.7438e+01 3.0275e+02 7.1983e+02 1.7815e+02 8.1456e+02 3.5264e+02 1.6395e+03
9.2030e-02 2.5433e+02 1.5515e+02 1.2631e+03 1.9825e+02 4.4708e+02 4.3816e+01 3.0391e+02 7.3970e+02 1.8435e+02 8.3223e+02 3.5766e+02 1.6285e+03
9.4178e-02 2.5656e+02 1.5792e+02 1.2983e+03 2.0059e+02 4.4936e+02 4.0171e+01 3.0496e+02 7.5929e+02 1.9021e+02 8.4975e+02 3.6242e+02 1.6172e+03
9.6376e-02 2.5868e+02 1.6050e+02 1.3332e+03 2.0273e+02 4.5144e+02 3.6464e+01 3.0592e+02 7.7863e+02 1.9579e+02 8.6711e+02 3.6694e+02 1.6057e+03
9.8625e-02 2.6069e+02 1.6292e+02 1.3679e+03 2.0471e+02 4.5334e+02 3.2662e+01 3.0679e+02 7.9775e+02 2.0112e+02 8.8434e+02 3.7125e+02 1.5939e+03
1.0093e-01 2.6260e+02 1.6519e+02 1.4024e+03 2.0655e+02 4.5506e+02 2.8735e+01 3.0757e+02 8.1669e+02 2.0628e+02 9.0144e+02 3.7539e+02 1.5819e+03
1.0328e-01 2.6441e+02 1.6736e+02 1.4368e+03 2.0829e+02 4.5659e+02 2.4659e+01 3.0827e+02 8.3554e+02 2.1134e+02 9.1846e+02 3.7941e+02 1.5698e+03
1.0569e-01 2.6613e+02 1.6947e+02 1.4713e+03 2.0996e+02 4.5794e+02 2.0423e+01 3.0889e+02 8.5440e+02 2.1642e+02 9.3543e+02 3.8334e+02 1.5574e+03
1.0816e-01 2.6776e+02 1.7156e+02 1.5059e+03 2.1161e+02 4.5912e+02 1.6028e+01 3.0941e+02 8.7337e+02 2.2160e+02 9.5239e+02 3.8724e+02 1.5447e+03
1.1068e-01 2.6930e+02 1.7367e+02 1.5408e+03 2.1327e+02 4.6011e+02 1.1485e+01 3.0983e+02 8.9256e+02 2.2699e+02 9.6938e+02 3.9116e+02 1.5319e+03
1.1327e-01 2.7075e+02 1.7584e+02 1.5762e+03 2.1498e+02 4.6090e+02 6.8229e+00 3.1014e+02 9.1206e+02 2.3268e+02 9.8645e+02 3.9511e+02 1.5188e+03
1.1591e-01 2.7208e+02 1.7810e+02 1.6121e+03 2.1675e+02 4.6150e+02 2.0815e+00 3.1032e+02 9.3197e+02 2.3871e+02 1.0036e+03 3.9914e+02 1.5056e+03
1.1862e-01 2.7330e+02 1.8046e+02 1.6486e+03 2.1859e+02 4.6190e+02 -2.6880e+00 3.1036e+02 9.5231e+02 2.4512e+02 1.0209e+03 4.0323e+02 1.4921e+03
1.2139e-01 2.7439e+02 1.8293e+02 1.6858e+03 2.2051e+02 4.6208e+02 -7.4269e+00 3.1025e+02 9.7311e+02 2.5191e+02 1.0383e+03 4.0737e+02 1.4784e+03
1.2422e-01 2.7533e+02 1.8548e+02 1.7235e+03 2.2247e+02 4.6204e+02 -1.2073e+01 3.0997e+02 9.9430e+02 2.5901e+02 1.0557e+03 4.1153e+02 1.4645e+03
1.2712e-01 2.7611e+02 1.8809e+02 1.7617e+03 2.2444e+02 4.6177e+02 -1.6568e+01 3.0950e+02 1.0158e+03 2.6634e+02 1.0732e+03 4.1565e+02 1.4503e+03
1.3009e-01 2.7674e+02 1.9070e+02 1.8002e+03 2.2638e+02 4.6127e+02 -2.0859e+01 3.0886e+02 1.0375e+03 2.7377e+02 1.0906e+03 4.1965e+02 1.4360e+03
1.3312e-01 2.7718e+02 1.9325e+02 1.8388e+03 2.2821e+02 4.6054e+02 -2.4907e+01 3.0803e+02 1.0591e+03 2.8113e+02 1.1079e+03 4.2346e+02 1.4214e+03
1.3623e-01 2.7746e+02 1.9569e+02 1.8770e+03 2.2989e+02 4.5957e+02 -2.8691e+01 3.0701e+02 1.0805e+03 2.8824e+02 1.1249e+03 4.2697e+02 1.4066e+03
1.3941e-01 2.7756e+02 1.9793e+02 1.9147e+03 2.3134e+02 4.5838e+02 -3.2208e+01 3.0583e+02 1.1014e+03 2.9494e+02 1.1415e+03 4.3012e+02 1.3917e+03
1.4266e-01 2.7750e+02 1.9993e+02 1.9515e+03 2.3251e+02 4.5698e+02 -3.5476e+01 3.0449e+02 1.1216e+03 3.0108e+02 1.1577e+03 4.3283e+02 1.3765e+03
1.4599e-01 2.7728e+02 2.0163e+02 1.9871e+03 2.3338e+02 4.5537e+02 -3.8532e+01 3.0300e+02 1.1410e+03 3.0654e+02 1.1732e+03 4.3505e+02 1.3612e+03
1.4940e-01 2.7693e+02 2.0302e+02 2.0215e+03 2.3393e+02 4.5357e+02 -4.1426e+01 3.0141e+02 1.1595e+03 3.1127e+02 1.1882e+03 4.3679e+02 1.3457e+03
1.5289e-01 2.7646e+02 2.0411e+02 2.0545e+03 2.3417e+02 4.5159e+02 -4.4219e+01 2.9971e+02 1.1770e+03 3.1530e+02 1.2026e+03 4.3805e+02 1.3300e+03
1.5645e-01 2.7588e+02 2.0491e+02 2.0862e+03 2.3414e+02 4.4945e+02 -4.6972e+01 2.9793e+02 1.1937e+03 3.1872e+02 1.2163e+03 4.3890e+02 1.3142e+03
1.6011e-01 2.7520e+02 2.0550e+02 2.1168e+03 2.3390e+02 4.4715e+02 -4.9734e+01 2.9608e+02 1.2096e+03 3.2167e+02 1.2296e+03 4.3943e+02 1.2983e+03
1.6384e-01 2.7443e+02 2.0594e+02 2.1466e+03 2.3353e+02 4.4470e+02 -5.2542e+01 2.9417e+02 1.2250e+03 3.2436e+02 1.2425e+03 4.3974e+02 1.2822e+03
1.6767e-01 2.7358e+02 2.0631e+02 2.1759e+03 2.3310e+02 4.4211e+02 -5.5406e+01 2.9219e+02 1.2402e+03 3.2699e+02 1.2551e+03 4.3993e+02 1.2661e+03
1.7158e-01 2.7262e+02 2.0668e+02 2.2051e+03 2.3269e+02 4.3936e+02 -5.8315e+01 2.9014e+02 1.2554e+03 3.2975e+02 1.2676e+03 4.4010e+02 1.2498e+03
1.7559e-01 2.7156e+02 2.0711e+02 2.2344e+03 2.3234e+02 4.3644e+02 -6.1232e+01 2.8801e+02 1.2708e+03 3.3279e+02 1.2800e+03 4.4031e+02 1.2335e+03
1.7968e-01 2.7036e+02 2.0762e+02 2.2640e+03 2.3207e+02 4.3337e+02 -6.4103e+01 2.8577e+02 1.2865e+03 3.3616e+02 1.2925e+03 4.4058e+02 1.2170e+03
1.8388e-01 2.6902e+02 2.0820e+02 2.2937e+03 2.3187e+02 4.3011e+02 -6.6865e+01 2.8342e+02 1.3024e+03 3.3983e+02 1.3048e+03 4.4089e+02 1.2005e+03
1.8817e-01 2.6752e+02 2.0882e+02 2.3236e+03 2.3169e+02 4.2667e+02 -6.9455e+01 2.8094e+02 1.3184e+03 3.4368e+02 1.3171e+03 4.4116e+02 1.1839e+03
1.9256e-01 2.6585e+02 2.0939e+02 2.3532e+03 2.3145e+02 4.2304e+02 -7.1822e+01 2.7832e+02 1.3342e+03 3.4750e+02 1.3291e+03 4.4129e+02 1.1671e+03
1.9706e-01 2.6401e+02 2.0983e+02 2.3821e+03 2.3106e+02 4.1923e+02 -7.3941e+01 2.7557e+02 1.3496e+03 3.5105e+02 1.3407e+03 4.4116e+02 1.1503e+03
2.0166e-01 2.6202e+02 2.1004e+02 2.4099e+03 2.3043e+02 4.1525e+02 -7.5813e+01 2.7270e+02 1.3642e+03 3.5410e+02 1.3517e+03 4.4065e+02 1.1334e+03
2.0636e-01 2.5988e+02 2.0997e+02 2.4361e+03 2.2952e+02 4.1111e+02 -7.7468e+01 2.6973e+02 1.3778e+03 3.5648e+02 1.3620e+03 4.3970e+02 1.1165e+03
2.1118e-01 2.5763e+02 2.0959e+02 2.4605e+03 2.2831e+02 4.0684e+02 -7.8956e+01 2.6668e+02 1.3902e+03 3.5813e+02 1.3714e+03 4.3829e+02 1.0995e+03
2.1611e-01 2.5529e+02 2.0892e+02 2.4833e+03 2.2683e+02 4.0246e+02 -8.0335e+01 2.6357e+02 1.4015e+03 3.5910e+02 1.3802e+03 4.3645e+02 1.0824e+03
2.2115e-01 2.5288e+02 2.0802e+02 2.5045e+03 2.2513e+02 3.9798e+02 -8.1659e+01 2.6043e+02 1.4119e+03 3.5955e+02 1.3883e+03 4.3428e+02 1.0654e+03
2.2631e-01 2.5043e+02 2.0698e+02 2.5247e+03 2.2332e+02 3.9341e+02 -8.2965e+01 2.5725e+02 1.4218e+03 3.5969e+02 1.3959e+03 4.3190e+02 1.0484e+03
2.3160e-01 2.4794e+02 2.0590e+02 2.5441e+03 2.2149e+02 3.8877e+02 -8.4263e+01 2.5405e+02 1.4313e+03 3.5978e+02 1.4032e+03 4.2943e+02 1.0313e+03
2.3700e-01 2.4541e+02 2.0486e+02 2.5633e+03 2.1972e+02 3.8406e+02 -8.5537e+01 2.5082e+02 1.4407e+03 3.5999e+02 1.4104e+03 4.2696e+02 1.0143e+03
2.4253e-01 2.4282e+02 2.0389e+02 2.5823e+03 2.1803e+02 3.7926e+02 -8.6746e+01 2.4754e+02 1.4502e+03 3.6040e+02 1.4174e+03 4.2453e+02 9.9733e+02
2.4819e-01 2.4017e+02 2.0298e+02 2.6012e+03 2.1641e+02 3.7437e+02 -8.7841e+01 2.4421e+02 1.4597e+03 3.6096e+02 1.4243e+03 4.2209e+02 9.8035e+02
2.5399e-01 2.3743e+02 2.0207e+02 2.6197e+03 2.1479e+02 3.6940e+02 -8.8781e+01 2.4081e+02 1.4690e+03 3.6151e+02 1.4309e+03 4.1958e+02 9.6337e+02
2.5991e-01 2.3460e+02 2.0106e+02 2.6373e+03 2.1309e+02 3.6434e+02 -8.9541e+01 2.3735e+02 1.4778e+03 3.6183e+02 1.4371e+03 4.1687e+02 9.4642e+02
2.6598e-01 2.3169e+02 1.9989e+02 2.6537e+03 2.1122e+02 3.5920e+02 -9.0126e+01 2.3383e+02 1.4857e+03 3.6172e+02 1.4426e+03 4.1387e+02 9.2951e+02
2.7219e-01 2.2869e+02 1.9850e+02 2.6684e+03 2.0915e+02 3.5397e+02 -9.0566e+01 2.3027e+02 1.4926e+03 3.6106e+02 1.4475e+03 4.1055e+02 9.1265e+02
2.7854e-01 2.2562e+02 1.9689e+02 2.6815e+03 2.0686e+02 3.4869e+02 -9.0904e+01 2.2667e+02 1.4986e+03 3.5989e+02 1.4516e+03 4.0692e+02 8.9586e+02
2.8504e-01 2.2250e+02 1.9510e+02 2.6932e+03 2.0443e+02 3.4335e+02 -9.1178e+01 2.2306e+02 1.5037e+03 3.5833e+02 1.4551e+03 4.0305e+02 8.7916e+02
2.9170e-01 2.1934e+02 1.9322e+02 2.7039e+03 2.0192e+02 3.3798e+02 -9.1412e+01 2.1945e+02 1.5084e+03 3.5658e+02 1.4583e+03 3.9906e+02 8.6254e+02
2.9850e-01 2.1614e+02 1.9132e+02 2.7139e+03 1.9942e+02 3.3256e+02 -9.1608e+01 2.1582e+02 1.5128e+03 3.5481e+02 1.4611e+03 3.9502e+02 8.4601e+02
3.0547e-01 2.1291e+02 1.8945e+02 2.7235e+03 1.9697e+02 3.2712e+02 -9.1746e+01 2.1218e+02 1.5170e+03 3.5310e+02 1.4638e+03 3.9099e+02 8.2957e+02
3.1260e-01 2.0965e+02 1.8760e+02 2.7326e+03 1.9455e+02 3.2164e+02 -9.1794e+01 2.0853e+02 1.5211e+03 3.5143e+02 1.4662e+03 3.8694e+02 8.1322e+02
3.1990e-01 2.0635e+02 1.8573e+02 2.7411e+03 1.9213e+02 3.1614e+02 -9.1731e+01 2.0487e+02 1.5248e+03 3.4966e+02 1.4683e+03 3.8280e+02 7.9697e+02
3.2736e-01 2.0303e+02 1.8379e+02 2.7485e+03 1.8964e+02 3.1062e+02 -9.1550e+01 2.0118e+02 1.5278e+03 3.4765e+02 1.4699e+03 3.7851e+02 7.8083e+02
3.3500e-01 1.9968e+02 1.8172e+02 2.7547e+03 1.8704e+02 3.0509e+02 -9.1266e+01 1.9750e+02 1.5301e+03 3.4530e+02 1.4710e+03 3.7402e+02 7.6481e+02
3.4282e-01 1.9632e+02 1.7952e+02 2.7595e+03 1.8433e+02 2.9955e+02 -9.0906e+01 1.9381e+02 1.5317e+03 3.4261e+02 1.4714e+03 3.6935e+02 7.4893e+02
3.5082e-01 1.9294e+02 1.7723e+02 2.7631e+03 1.8155e+02 2.9401e+02 -9.0491e+01 1.9014e+02 1.5326e+03 3.3969e+02 1.4714e+03 3.6455e+02 7.3318e+02
3.5901e-01 1.8956e+02 1.7490e+02 2.7658e+03 1.7874e+02 2.8847e+02 -9.0034e+01 1.8647e+02 1.5331e+03 3.3665e+02 1.4711e+03 3.5968e+02 7.1758e+02
3.6739e-01 1.8617e+02 1.7257e+02 2.7679e+03 1.7596e+02 2.8294e+02 -8.9532e+01 1.8282e+02 1.5334e+03 3.3360e+02 1.4705e+03 3.5480e+02 7.0212e+02
3.7597e-01 1.8276e+02 1.7024e+02 2.7694e+03 1.7320e+02 2.7742e+02 -8.8970e+01 1.7918e+02 1.5334e+03 3.3053e+02 1.4696e+03 3.4990e+02 6.8681e+02
3.8474e-01 1.7935e+02 1.6789e+02 2.7701e+03 1.7043e+02 2.7191e+02 -8.8338e+01 1.7555e+02 1.5330e+03 3.2737e+02 1.4684e+03 3.4495e+02 6.7165e+02
3.9372e-01 1.7592e+02 1.6550e+02 2.7699e+03 1.6763e+02 2.6641e+02 -8.7631e+01 1.7193e+02 1.5320e+03 3.2404e+02 1.4668e+03 3.3992e+02 6.5665e+02
4.0291e-01 1.7250e+02 1.6303e+02 2.7687e+03 1.6477e+02 2.6093e+02 -8.6862e+01 1.6834e+02 1.5305e+03 3.2050e+02 1.4647e+03 3.3478e+02 6.4182e+02
4.1232e-01 1.6909e+02 1.6050e+02 2.7663e+03 1.6187e+02 2.5548e+02 -8.6045e+01 1.6476e+02 1.5284e+03 3.1679e+02 1.4622e+03 3.2956e+02 6.2716e+02
4.2194e-01 1.6569e+02 1.5794e+02 2.7631e+03 1.5896e+02 2.5007e+02 -8.5193e+01 1.6121e+02 1.5260e+03 3.1297e+02 1.4594e+03 3.2429e+02 6.1267e+02
4.3179e-01 1.6231e+02 1.5539e+02 2.7592e+03 1.5606e+02 2.4469e+02 -8.4306e+01 1.5770e+02 1.5232e+03 3.0911e+02 1.4563e+03 3.1902e+02 5.9837e+02
4.4187e-01 1.5895e+02 1.5284e+02 2.7546e+03 1.5319e+02 2.3936e+02 -8.3378e+01 1.5421e+02 1.5201e+03 3.0520e+02 1.4530e+03 3.1374e+02 5.8425e+02
4.5218e-01 1.5560e+02 1.5027e+02 2.7493e+03 1.5032e+02 2.3406e+02 -8.2403e+01 1.5074e+02 1.5167e+03 3.0122e+02 1.4493e+03 3.0843e+02 5.7031e+02
4.6273e-01 1.5226e+02 1.4768e+02 2.7431e+03 1.4744e+02 2.2880e+02 -8.1385e+01 1.4731e+02 1.5128e+03 2.9714e+02 1.4453e+03 3.0309e+02 5.5655e+02
4.7353e-01 1.4895e+02 1.4506e+02 2.7361e+03 1.4454e+02 2.2359e+02 -8.0333e+01 1.4392e+02 1.5085e+03 2.9294e+02 1.4409e+03 2.9771e+02 5.4300e+02
4.8459e-01 1.4565e+02 1.4243e+02 2.7283e+03 1.4164e+02 2.1843e+02 -7.9253e+01 1.4056e+02 1.5038e+03 2.8867e+02 1.4363e+03 2.9232e+02 5.2963e+02
4.9590e-01 1.4239e+02 1.3979e+02 2.7198e+03 1.3876e+02 2.1332e+02 -7.8149e+01 1.3723e+02 1.4988e+03 2.8435e+02 1.4314e+03 2.8692e+02 5.1647e+02
5.0747e-01 1.3915e+02 1.3717e+02 2.7106e+03 1.3591e+02 2.0826e+02 -7.7021e+01 1.3395e+02 1.4935e+03 2.8001e+02 1.4262e+03 2.8154e+02 5.0351e+02
5.1931e-01 1.3594e+02 1.3454e+02 2.7008e+03 1.3306e+02 2.0327e+02 -7.5866e+01 1.3071e+02 1.4879e+03 2.7561e+02 1.4208e+03 2.7616e+02 4.9074e+02
5.3144e-01 1.3277e+02 1.3191e+02 2.6902e+03 1.3023e+02 1.9833e+02 -7.4688e+01 1.2750e+02 1.4819e+03 2.7116e+02 1.4151e+03 2.7079e+02 4.7818e+02
5.4384e-01 1.2962e+02 1.2928e+02 2.6789e+03 1.2740e+02 1.9346e+02 -7.3490e+01 1.2434e+02 1.4756e+03 2.6666e+02 1.4091e+03 2.6541e+02 4.6583e+02
5.5653e-01 1.2651e+02 1.2666e+02 2.6669e+03 1.2460e+02 1.8864e+02 -7.2277e+01 1.2122e+02 1.4690e+03 2.6212e+02 1.4029e+03 2.6006e+02 4.5368e+02
5.6952e-01 1.2344e+02 1.2404e+02 2.6544e+03 1.2182e+02 1.8390e+02 -7.1050e+01 1.1815e+02 1.4622e+03 2.5757e+02 1.3965e+03 2.5473e+02 4.4174e+02
5.8282e-01 1.2041e+02 1.2145e+02 2.6412e+03 1.1906e+02 1.7922e+02 -6.9810e+01 1.1512e+02 1.4551e+03 2.5300e+02 1.3898e+03 2.4943e+02 4.3001e+02
5.9642e-01 1.1741e+02 1.1886e+02 2.6275e+03 1.1633e+02 1.7460e+02 -6.8559e+01 1.1214e+02 1.4477e+03 2.4841e+02 1.3829e+03 2.4415e+02 4.1849e+02
6.1034e-01 1.1445e+02 1.1628e+02 2.6131e+03 1.1362e+02 1.7006e+02 -6.7301e+01 1.0921e+02 1.4401e+03 2.4380e+02 1.3759e+03 2.3890e+02 4.0718e+02
6.2458e-01 1.1154e+02 1.1372e+02 2.5982e+03 1.1094e+02 1.6559e+02 -6.6037e+01 1.0632e+02 1.4322e+03 2.3919e+02 1.3686e+03 2.3369e+02 3.9608e+02
6.3916e-01 1.0866e+02 1.1118e+02 2.5828e+03 1.0828e+02 1.6119e+02 -6.4768e+01 1.0348e+02 1.4242e+03 2.3458e+02 1.3611e+03 2.2852e+02 3.8519e+02
6.5408e-01 1.0583e+02 1.0866e+02 2.5668e+03 1.0566e+02 1.5686e+02 -6.3495e+01 1.0069e+02 1.4159e+03 2.2997e+02 1.3535e+03 2.2339e+02 3.7451e+02
6.6935e-01 1.0305e+02 1.0616e+02 2.5503e+03 1.0308e+02 1.5261e+02 -6.2220e+01 9.7950e+01 1.4074e+03 2.2538e+02 1.3457e+03 2.1831e+02 3.6403e+02
6.8497e-01 1.0030e+02 1.0369e+02 2.5333e+03 1.0052e+02 1.4843e+02 -6.0944e+01 9.5257e+01 1.3987e+03 2.2080e+02 1.3377e+03 2.1328e+02 3.5377e+02
7.0096e-01 9.7606e+01 1.0124e+02 2.5158e+03 9.7999e+01 1.4432e+02 -5.9670e+01 9.2614e+01 1.3898e+03 2.1624e+02 1.3295e+03 2.0830e+02 3.4371e+02
7.1732e-01 9.4953e+01 9.8817e+01 2.4978e+03 9.5512e+01 1.4029e+02 -5.8397e+01 9.0020e+01 1.3807e+03 2.1169e+02 1.3212e+03 2.0337e+02 3.3387e+02
7.3406e-01 9.2347e+01 9.6421e+01 2.4794e+03 9.3060e+01 1.3634e+02 -5.7128e+01 8.7476e+01 1.3714e+03 2.0717e+02 1.3127e+03 1.9849e+02 3.2423e+02
7.5119e-01 8.9786e+01 9.4053e+01 2.4604e+03 9.0643e+01 1.3246e+02 -5.5864e+01 8.4982e+01 1.3620e+03 2.0267e+02 1.3040e+03 1.9368e+02 3.1479e+02
7.6873e-01 8.7273e+01 9.1714e+01 2.4411e+03 8.8262e+01 1.2866e+02 -5.4606e+01 8.2537e+01 1.3523e+03 1.9819e+02 1.2952e+03 1.8892e+02 3.0556e+02
7.8667e-01 8.4806e+01 8.9405e+01 2.4214e+03 8.5918e+01 1.2493e+02 -5.3355e+01 8.0142e+01 1.3426e+03 1.9375e+02 1.2863e+03 1.8422e+02 2.9653e+02
8.0503e-01 8.2386e+01 8.7126e+01 2.4012e+03 8.3612e+01 1.2128e+02 -5.2112e+01 7.7797e+01 1.3326e+03 1.8935e+02 1.2772e+03 1.7958e+02 2.8770e+02
8.2382e-01 8.0014e+01 8.4878e+01 2.3806e+03 8.1343e+01 1.1770e+02 -5.0878e+01 7.5501e+01 1.3226e+03 1.8497e+02 1.2680e+03 1.7501e+02 2.7908e+02
8.4305e-01 7.7689e+01 8.2663e+01 2.3597e+03 7.9113e+01 1.1421e+02 -4.9655e+01 7.3255e+01 1.3124e+03 1.8064e+02 1.2587e+03 1.7050e+02 2.7065e+02
8.6272e-01 7.5412e+01 8.0480e+01 2.3383e+03 7.6921e+01 1.1078e+02 -4.8444e+01 7.1059e+01 1.3021e+03 1.7635e+02 1.2493e+03 1.6606e+02 2.6241e+02
8.8286e-01 7.3183e+01 7.8331e+01 2.3167e+03 7.4769e+01 1.0744e+02 -4.7245e+01 6.8912e+01 1.2916e+03 1.7210e+02 1.2398e+03 1.6169e+02 2.5437e+02
9.0347e-01 7.1002e+01 7.6217e+01 2.2948e+03 7.2657e+01 1.0416e+02 -4.6059e+01 6.6813e+01 1.2811e+03 1.6789e+02 1.2302e+03 1.5738e+02 2.4653e+02
9.2455e-01 6.8867e+01 7.4138e+01 2.2726e+03 7.0585e+01 1.0097e+02 -4.4888e+01 6.4764e+01 1.2706e+03 1.6374e+02 1.2206e+03 1.5315e+02 2.3887e+02
9.4613e-01 6.6781e+01 7.2095e+01 2.2501e+03 6.8553e+01 9.7846e+01 -4.3732e+01 6.2762e+01 1.2599e+03 1.5963e+02 1.2109e+03 1.4899e+02 2.3140e+02
9.6822e-01 6.4741e+01 7.0088e+01 2.2274e+03 6.6562e+01 9.4797e+01 -4.2592e+01 6.0809e+01 1.2492e+03 1.5559e+02 1.2011e+03 1.4490e+02 2.2412e+02
9.9081e-01 6.2748e+01 6.8118e+01 2.2045e+03 6.4611e+01 9.1821e+01 -4.1467e+01 5.8902e+01 1.2384e+03 1.5159e+02 1.1913e+03 1.4089e+02 2.1702e+02
1.0139e+00 6.0802e+01 6.6185e+01 2.1815e+03 6.2702e+01 8.8918e+01 -4.0360e+01 5.7042e+01 1.2275e+03 1.4766e+02 1.1814e+03 1.3695e+02 2.1010e+02
1.0376e+00 5.8901e+01 6.4288e+01 2.1582e+03 6.0832e+01 8.6086e+01 -3.9269e+01 5.5229e+01 1.2166e+03 1.4378e+02 1.1714e+03 1.3308e+02 2.0336e+02
1.0618e+00 5.7047e+01 6.2429e+01 2.1348e+03 5.9004e+01 8.3326e+01 -3.8196e+01 5.3461e+01 1.2057e+03 1.3996e+02 1.1614e+03 1.2929e+02 1.9679e+02
1.0866e+00 5.5237e+01 6.0608e+01 2.1111e+03 5.7216e+01 8.0635e+01 -3.7141e+01 5.1739e+01 1.1947e+03 1.3621e+02 1.1514e+03 1.2557e+02 1.9040e+02
1.1120e+00 5.3473e+01 5.8824e+01 2.0873e+03 5.5469e+01 7.8013e+01 -3.6105e+01 5.0060e+01 1.1837e+03 1.3252e+02 1.1413e+03 1.2193e+02 1.8418e+02
1.1379e+00 5.1753e+01 5.7077e+01 2.0634e+03 5.3761e+01 7.5460e+01 -3.5086e+01 4.8426e+01 1.1726e+03 1.2890e+02 1.1312e+03 1.1837e+02 1.7812e+02
1.1645e+00 5.0076e+01 5.5368e+01 2.0393e+03 5.2093e+01 7.2974e+01 -3.4085e+01 4.6835e+01 1.1616e+03 1.2533e+02 1.1211e+03 1.1488e+02 1.7223e+02
1.1917e+00 4.8443e+01 5.3696e+01 2.0151e+03 5.0465e+01 7.0554e+01 -3.3103e+01 4.5287e+01 1.1505e+03 1.2183e+02 1.1109e+03 1.1146e+02 1.6650e+02
1.2195e+00 4.6853e+01 5.2062e+01 1.9908e+03 4.8876e+01 6.8199e+01 -3.2141e+01 4.3780e+01 1.1394e+03 1.1839e+02 1.1008e+03 1.0812e+02 1.6093e+02
1.2479e+00 4.5305e+01 5.0464e+01 1.9665e+03 4.7326e+01 6.5909e+01 -3.1197e+01 4.2315e+01 1.1283e+03 1.1502e+02 1.0906e+03 1.0485e+02 1.5551e+02
1.2771e+00 4.3798e+01 4.8903e+01 1.9420e+03 4.5813e+01 6.3682e+01 -3.0273e+01 4.0890e+01 1.1171e+03 1.1172e+02 1.0803e+03 1.0166e+02 1.5025e+02
1.3069e+00 4.2331e+01 4.7379e+01 1.9176e+03 4.4339e+01 6.1517e+01 -2.9368e+01 3.9505e+01 1.1060e+03 1.0848e+02 1.0701e+03 9.8537e+01 1.4513e+02
1.3374e+00 4.0905e+01 4.5891e+01 1.8931e+03 4.2903e+01 5.9413e+01 -2.8482e+01 3.8158e+01 1.0949e+03 1.0530e+02 1.0599e+03 9.5490e+01 1.4017e+02
1.3686e+00 3.9519e+01 4.4439e+01 1.8687e+03 4.1503e+01 5.7368e+01 -2.7615e+01 3.6851e+01 1.0838e+03 1.0219e+02 1.0497e+03 9.2514e+01 1.3534e+02
1.4005e+00 3.8171e+01 4.3022e+01 1.8443e+03 4.0140e+01 5.5383e+01 -2.6767e+01 3.5581e+01 1.0727e+03 9.9148e+01 1.0394e+03 8.9610e+01 1.3066e+02
1.4332e+00 3.6862e+01 4.1641e+01 1.8199e+03 3.8812e+01 5.3455e+01 -2.5939e+01 3.4347e+01 1.0616e+03 9.6172e+01 1.0292e+03 8.6776e+01 1.2612e+02
1.4667e+00 3.5590e+01 4.0294e+01 1.7955e+03 3.7521e+01 5.1584e+01 -2.5130e+01 3.3150e+01 1.0505e+03 9.3263e+01 1.0190e+03 8.4012e+01 1.2171e+02
1.5009e+00 3.4355e+01 3.8982e+01 1.7712e+03 3.6264e+01 4.9769e+01 -2.4340e+01 3.1989e+01 1.0395e+03 9.0419e+01 1.0088e+03 8.1318e+01 1.1743e+02
1.5359e+00 3.3155e+01 3.7704e+01 1.7470e+03 3.5042e+01 4.8007e+01 -2.3568e+01 3.0862e+01 1.0285e+03 8.7635e+01 9.9859e+02 7.8692e+01 1.1328e+02
1.5718e+00 3.1991e+01 3.6460e+01 1.7228e+03 3.3854e+01 4.6299e+01 -2.2815e+01 2.9769e+01 1.0175e+03 8.4916e+01 9.8839e+02 7.6134e+01 1.0926e+02
1.6085e+00 3.0862e+01 3.5248e+01 1.6987e+03 3.2698e+01 4.4643e+01 -2.2081e+01 2.8709e+01 1.0065e+03 8.2262e+01 9.7822e+02 7.3641e+01 1.0536e+02
1.6460e+00 2.9767e+01 3.4068e+01 1.6748e+03 3.1575e+01 4.3037e+01 -2.1365e+01 2.7681e+01 9.9556e+02 7.9672e+01 9.6808e+02 7.1214e+01 1.0159e+02
1.6844e+00 2.8704e+01 3.2921e+01 1.6510e+03 3.0484e+01 4.1481e+01 -2.0667e+01 2.6686e+01 9.8468e+02 7.7145e+01 9.5797e+02 6.8851e+01 9.7927e+01
1.7237e+00 2.7675e+01 3.1806e+01 1.6274e+03 2.9425e+01 3.9974e+01 -1.9987e+01 2.5721e+01 9.7384e+02 7.4681e+01 9.4788e+02 6.6553e+01 9.4382e+01
1.7640e+00 2.6677e+01 3.0722e+01 1.6040e+03 2.8398e+01 3.8515e+01 -1.9324e+01 2.4787e+01 9.6303e+02 7.2276e+01 9.3782e+02 6.4317e+01 9.0948e+01
1.8051e+00 2.5710e+01 2.9668e+01 1.5808e+03 2.7400e+01 3.7101e+01 -1.8678e+01 2.3882e+01 9.5226e+02 6.9929e+01 9.2778e+02 6.2141e+01 8.7623e+01
1.8473e+00 2.4773e+01 2.8644e+01 1.5577e+03 2.6432e+01 3.5733e+01 -1.8049e+01 2.3006e+01 9.4154e+02 6.7644e+01 9.1777e+02 6.0026e+01 8.4404e+01
1.8904e+00 2.3866e+01 2.7650e+01 1.5349e+03 2.5492e+01 3.4409e+01 -1.7436e+01 2.2158e+01 9.3086e+02 6.5417e+01 9.0779e+02 5.7970e+01 8.1289e+01
1.9345e+00 2.2988e+01 2.6684e+01 1.5124e+03 2.4581e+01 3.3128e+01 -1.6839e+01 2.1338e+01 9.2024e+02 6.3248e+01 8.9787e+02 5.5970e+01 7.8274e+01
1.9797e+00 2.2138e+01 2.5746e+01 1.4901e+03 2.3698e+01 3.1889e+01 -1.6257e+01 2.0544e+01 9.0969e+02 6.1136e+01 8.8799e+02 5.4029e+01 7.5357e+01
2.0259e+00 2.1316e+01 2.4837e+01 1.4681e+03 2.2843e+01 3.0690e+01 -1.5691e+01 1.9777e+01 8.9917e+02 5.9079e+01 8.7814e+02 5.2143e+01 7.2536e+01
2.0732e+00 2.0520e+01 2.3955e+01 1.4463e+03 2.2013e+01 2.9532e+01 -1.5139e+01 1.9035e+01 8.8872e+02 5.7076e+01 8.6833e+02 5.0311e+01 6.9807e+01
2.1216e+00 1.9751e+01 2.3099e+01 1.4248e+03 2.1210e+01 2.8412e+01 -1.4602e+01 1.8317e+01 8.7833e+02 5.5130e+01 8.5857e+02 4.8532e+01 6.7169e+01
2.1711e+00 1.9007e+01 2.2270e+01 1.4035e+03 2.0433e+01 2.7330e+01 -1.4079e+01 1.7624e+01 8.6801e+02 5.3243e+01 8.4886e+02 4.6808e+01 6.4619e+01
2.2217e+00 1.8287e+01 2.1466e+01 1.3824e+03 1.9680e+01 2.6284e+01 -1.3572e+01 1.6954e+01 8.5774e+02 5.1411e+01 8.3919e+02 4.5135e+01 6.2156e+01
2.2736e+00 1.7592e+01 2.0687e+01 1.3615e+03 1.8951e+01 2.5274e+01 -1.3081e+01 1.6306e+01 8.4754e+02 4.9630e+01 8.2957e+02 4.3516e+01 5.9778e+01
2.3267e+00 1.6921e+01 1.9933e+01 1.3408e+03 1.8246e+01 2.4299e+01 -1.2609e+01 1.5681e+01 8.3740e+02 4.7902e+01 8.2000e+02 4.1950e+01 5.7486e+01
2.3810e+00 1.6272e+01 1.9202e+01 1.3202e+03 1.7564e+01 2.3358e+01 -1.2155e+01 1.5077e+01 8.2733e+02 4.6229e+01 8.1049e+02 4.0437e+01 5.5277e+01
2.4365e+00 1.5645e+01 1.8495e+01 1.2998e+03 1.6904e+01 2.2449e+01 -1.1720e+01 1.4494e+01 8.1733e+02 4.4611e+01 8.0104e+02 3.8976e+01 5.3150e+01
2.4934e+00 1.5040e+01 1.7810e+01 1.2794e+03 1.6267e+01 2.1572e+01 -1.1303e+01 1.3932e+01 8.0740e+02 4.3046e+01 7.9165e+02 3.7565e+01 5.1100e+01
2.5516e+00 1.4456e+01 1.7148e+01 1.2592e+03 1.5651e+01 2.0726e+01 -1.0902e+01 1.3389e+01 7.9754e+02 4.1530e+01 7.8230e+02 3.6200e+01 4.9124e+01
2.6112e+00 1.3893e+01 1.6507e+01 1.2390e+03 1.5055e+01 1.9910e+01 -1.0512e+01 1.2865e+01 7.8774e+02 4.0057e+01 7.7301e+02 3.4878e+01 4.7216e+01
2.6721e+00 1.3349e+01 1.5887e+01 1.2188e+03 1.4480e+01 1.9123e+01 -1.0132e+01 1.2360e+01 7.7800e+02 3.8622e+01 7.6376e+02 3.3593e+01 4.5371e+01
2.7345e+00 1.2824e+01 1.5287e+01 1.1988e+03 1.3923e+01 1.8364e+01 -9.7601e+00 1.1873e+01 7.6832e+02 3.7225e+01 7.5457e+02 3.2346e+01 4.3588e+01
2.7983e+00 1.2318e+01 1.4708e+01 1.1789e+03 1.3386e+01 1.7633e+01 -9.3965e+00 1.1403e+01 7.5872e+02 3.5869e+01 7.4543e+02 3.1136e+01 4.1864e+01
2.8636e+00 1.1830e+01 1.4148e+01 1.1591e+03 1.2868e+01 1.6927e+01 -9.0428e+00 1.0950e+01 7.4918e+02 3.4557e+01 7.3635e+02 2.9964e+01 4.0201e+01
2.9304e+00 1.1360e+01 1.3607e+01 1.1395e+03 1.2367e+01 1.6248e+01 -8.7000e+00 1.0513e+01 7.3972e+02 3.3288e+01 7.2732e+02 2.8830e+01 3.8597e+01
2.9988e+00 1.0906e+01 1.3084e+01 1.1200e+03 1.1884e+01 1.5593e+01 -8.3688e+00 1.0093e+01 7.3033e+02 3.2061e+01 7.1836e+02 2.7734e+01 3.7052e+01
3.0688e+00 1.0469e+01 1.2579e+01 1.1007e+03 1.1419e+01 1.4963e+01 -8.0490e+00 9.6873e+00 7.2101e+02 3.0871e+01 7.0945e+02 2.6677e+01 3.5564e+01
3.1405e+00 1.0048e+01 1.2092e+01 1.0815e+03 1.0969e+01 1.4356e+01 -7.7406e+00 9.2969e+00 7.1176e+02 2.9719e+01 7.0061e+02 2.5655e+01 3.4131e+01
3.2138e+00 9.6426e+00 1.1621e+01 1.0625e+03 1.0535e+01 1.3771e+01 -7.4429e+00 8.9210e+00 7.0259e+02 2.8606e+01 6.9182e+02 2.4668e+01 3.2752e+01
3.2888e+00 9.2520e+00 1.1168e+01 1.0436e+03 1.0117e+01 1.3208e+01 -7.1557e+00 8.5589e+00 6.9348e+02 2.7531e+01 6.8310e+02 2.3716e+01 3.1424e+01
3.3655e+00 8.8758e+00 1.0729e+01 1.0250e+03 9.7145e+00 1.2667e+01 -6.8785e+00 8.2104e+00 6.8445e+02 2.6490e+01 6.7444e+02 2.2797e+01 3.0146e+01
3.4441e+00 8.5137e+00 1.0307e+01 1.0065e+03 9.3260e+00 1.2145e+01 -6.6112e+00 7.8749e+00 6.7548e+02 2.5484e+01 6.6583e+02 2.1911e+01 2.8916e+01
3.5245e+00 8.1652e+00 9.8991e+00 9.8832e+02 8.9516e+00 1.1644e+01 -6.3533e+00 7.5521e+00 6.6659e+02 2.4510e+01 6.5729e+02 2.1055e+01 2.7732e+01
3.6067e+00 7.8298e+00 9.5060e+00 9.7037e+02 8.5909e+00 1.1162e+01 -6.1046e+00 7.2414e+00 6.5778e+02 2.3570e+01 6.4882e+02 2.0229e+01 2.6593e+01
3.6909e+00 7.5071e+00 9.1271e+00 9.5266e+02 8.2436e+00 1.0698e+01 -5.8649e+00 6.9426e+00 6.4904e+02 2.2662e+01 6.4040e+02 1.9433e+01 2.5498e+01
3.7771e+00 7.1966e+00 8.7619e+00 9.3519e+02 7.9090e+00 1.0252e+01 -5.6337e+00 6.6552e+00 6.4038e+02 2.1788e+01 6.3206e+02 1.8665e+01 2.4444e+01
3.8652e+00 6.8980e+00 8.4101e+00 9.1795e+02 7.5870e+00 9.8229e+00 -5.4107e+00 6.3788e+00 6.3179e+02 2.0944e+01 6.2378e+02 1.7925e+01 2.3431e+01
3.9554e+00 6.6109e+00 8.0712e+00 9.0096e+02 7.2771e+00 9.4107e+00 -5.1957e+00 6.1131e+00 6.2326e+02 2.0128e+01 6.1555e+02 1.7211e+01 2.2456e+01
4.0478e+00 6.3348e+00 7.7446e+00 8.8424e+02 6.9786e+00 9.0146e+00 -4.9882e+00 5.8576e+00 6.1481e+02 1.9339e+01 6.0738e+02 1.6523e+01 2.1519e+01
4.1422e+00 6.0694e+00 7.4301e+00 8.6782e+02 6.6915e+00 8.6339e+00 -4.7881e+00 5.6120e+00 6.0643e+02 1.8579e+01 5.9928e+02 1.5860e+01 2.0618e+01
4.2389e+00 5.8144e+00 7.1274e+00 8.5171e+02 6.4152e+00 8.2682e+00 -4.5950e+00 5.3761e+00 5.9812e+02 1.7845e+01 5.9124e+02 1.5220e+01 1.9752e+01
4.3379e+00 5.5692e+00 6.8359e+00 8.3593e+02 6.1495e+00 7.9170e+00 -4.4086e+00 5.1493e+00 5.8987e+02 1.7136e+01 5.8326e+02 1.4604e+01 1.8919e+01
4.4391e+00 5.3337e+00 6.5553e+00 8.2048e+02 5.8938e+00 7.5796e+00 -4.2284e+00 4.9315e+00 5.8170e+02 1.6451e+01 5.7534e+02 1.4010e+01 1.8118e+01
4.5427e+00 5.1075e+00 6.2853e+00 8.0539e+02 5.6480e+00 7.2557e+00 -4.0544e+00 4.7223e+00 5.7361e+02 1.5790e+01 5.6749e+02 1.3438e+01 1.7349e+01
4.6487e+00 4.8902e+00 6.0257e+00 7.9063e+02 5.4118e+00 6.9447e+00 -3.8863e+00 4.5213e+00 5.6558e+02 1.5152e+01 5.5970e+02 1.2887e+01 1.6610e+01
4.7572e+00 4.6815e+00 5.7759e+00 7.7618e+02 5.1847e+00 6.6461e+00 -3.7242e+00 4.3284e+00 5.5762e+02 1.4538e+01 5.5197e+02 1.2356e+01 1.5900e+01
4.8683e+00 4.4812e+00 5.5356e+00 7.6204e+02 4.9664e+00 6.3596e+00 -3.5685e+00 4.1432e+00 5.4973e+02 1.3948e+01 5.4430e+02 1.1846e+01 1.5219e+01
4.9819e+00 4.2889e+00 5.3046e+00 7.4815e+02 4.7567e+00 6.0847e+00 -3.4192e+00 3.9654e+00 5.4191e+02 1.3382e+01 5.3669e+02 1.1357e+01 1.4566e+01
5.0982e+00 4.1043e+00 5.0824e+00 7.3445e+02 4.5551e+00 5.8209e+00 -3.2766e+00 3.7947e+00 5.3417e+02 1.2840e+01 5.2915e+02 1.0886e+01 1.3940e+01
5.2172e+00 3.9271e+00 4.8689e+00 7.2085e+02 4.3616e+00 5.5678e+00 -3.1405e+00 3.6309e+00 5.2650e+02 1.2323e+01 5.2167e+02 1.0435e+01 1.3341e+01
5.3389e+00 3.7571e+00 4.6638e+00 7.0731e+02 4.1757e+00 5.3251e+00 -3.0104e+00 3.4738e+00 5.1890e+02 1.1832e+01 5.1425e+02 1.0002e+01 1.2766e+01
5.4636e+00 3.5940e+00 4.4666e+00 6.9381e+02 3.9971e+00 5.0923e+00 -2.8857e+00 3.3231e+00 5.1138e+02 1.1364e+01 5.0689e+02 9.5845e+00 1.2214e+01
5.5911e+00 3.4376e+00 4.2772e+00 6.8034e+02 3.8258e+00 4.8692e+00 -2.7659e+00 3.1786e+00 5.0393e+02 1.0913e+01 4.9961e+02 9.1833e+00 1.1684e+01
5.7216e+00 3.2876e+00 4.0953e+00 6.6694e+02 3.6613e+00 4.6552e+00 -2.6504e+00 3.0399e+00 4.9654e+02 1.0475e+01 4.9238e+02 8.7973e+00 1.1176e+01
5.8551e+00 3.1438e+00 3.9207e+00 6.5367e+02 3.5035e+00 4.4501e+00 -2.5393e+00 2.9070e+00 4.8920e+02 1.0043e+01 4.8520e+02 8.4259e+00 1.0687e+01
5.9918e+00 3.0058e+00 3.7529e+00 6.4062e+02 3.3520e+00 4.2535e+00 -2.4323e+00 2.7795e+00 4.8192e+02 9.6151e+00 4.7809e+02 8.0688e+00 1.0219e+01
6.1316e+00 2.8736e+00 3.5919e+00 6.2787e+02 3.2066e+00 4.0652e+00 -2.3294e+00 2.6573e+00 4.7468e+02 9.1929e+00 4.7103e+02 7.7259e+00 9.7704e+00
6.2747e+00 2.7469e+00 3.4373e+00 6.1548e+02 3.0672e+00 3.8847e+00 -2.2305e+00 2.5402e+00 4.6751e+02 8.7814e+00 4.6403e+02 7.3968e+00 9.3404e+00
6.4212e+00 2.6254e+00 3.2889e+00 6.0353e+02 2.9334e+00 3.7118e+00 -2.1354e+00 2.4280e+00 4.6042e+02 8.3868e+00 4.5710e+02 7.0810e+00 8.9286e+00
6.5711e+00 2.5090e+00 3.1465e+00 5.9196e+02 2.8052e+00 3.5462e+00 -2.0439e+00 2.3205e+00 4.5339e+02 8.0142e+00 4.5023e+02 6.7781e+00 8.5343e+00
6.7244e+00 2.3975e+00 3.0100e+00 5.8075e+02 2.6823e+00 3.3875e+00 -1.9559e+00 2.2175e+00 4.4644e+02 7.6666e+00 4.4341e+02 6.4876e+00 8.1566e+00
6.8814e+00 2.2907e+00 2.8789e+00 5.6976e+02 2.5644e+00 3.2357e+00 -1.8712e+00 2.1188e+00 4.3955e+02 7.3441e+00 4.3665e+02 6.2085e+00 7.7946e+00
7.0420e+00 2.1884e+00 2.7533e+00 5.5889e+02 2.4514e+00 3.0902e+00 -1.7897e+00 2.0242e+00 4.3275e+02 7.0451e+00 4.2996e+02 5.9403e+00 7.4475e+00
7.2064e+00 2.0904e+00 2.6328e+00 5.4804e+02 2.3430e+00 2.9510e+00 -1.7112e+00 1.9337e+00 4.2601e+02 6.7657e+00 4.2331e+02 5.6824e+00 7.1144e+00
7.3745e+00 1.9966e+00 2.5173e+00 5.3716e+02 2.2393e+00 2.8177e+00 -1.6357e+00 1.8470e+00 4.1934e+02 6.5000e+00 4.1673e+02 5.4344e+00 6.7948e+00
7.5467e+00 1.9068e+00 2.4066e+00 5.2624e+02 2.1398e+00 2.6902e+00 -1.5633e+00 1.7641e+00 4.1272e+02 6.2413e+00 4.1020e+02 5.1961e+00 6.4883e+00
7.7228e+00 1.8208e+00 2.3004e+00 5.1534e+02 2.0445e+00 2.5681e+00 -1.4939e+00 1.6846e+00 4.0616e+02 5.9843e+00 4.0373e+02 4.9672e+00 6.1948e+00
7.9031e+00 1.7386e+00 2.1986e+00 5.0454e+02 1.9533e+00 2.4514e+00 -1.4277e+00 1.6086e+00 3.9965e+02 5.7272e+00 3.9732e+02 4.7481e+00 5.9140e+00
8.0875e+00 1.6598e+00 2.1012e+00 4.9395e+02 1.8659e+00 2.3396e+00 -1.3645e+00 1.5358e+00 3.9319e+02 5.4715e+00 3.9096e+02 4.5384e+00 5.6457e+00
8.2763e+00 1.5844e+00 2.0077e+00 4.8365e+02 1.7822e+00 2.2328e+00 -1.3043e+00 1.4662e+00 3.8678e+02 5.2202e+00 3.8466e+02 4.3379e+00 5.3894e+00
8.4695e+00 1.5123e+00 1.9183e+00 4.7370e+02 1.7021e+00 2.1306e+00 -1.2469e+00 1.3996e+00 3.8043e+02 4.9767e+00 3.7842e+02 4.1462e+00 5.1447e+00
8.6671e+00 1.4434e+00 1.8325e+00 4.6411e+02 1.6254e+00 2.0328e+00 -1.1919e+00 1.3358e+00 3.7414e+02 4.7439e+00 3.7223e+02 3.9630e+00 4.9109e+00
8.8694e+00 1.3774e+00 1.7505e+00 4.5484e+02 1.5520e+00 1.9394e+00 -1.1393e+00 1.2749e+00 3.6792e+02 4.5239e+00 3.6610e+02 3.7876e+00 4.6876e+00
9.0764e+00 1.3143e+00 1.6719e+00 4.4583e+02 1.4817e+00 1.8500e+00 -1.0889e+00 1.2166e+00 3.6176e+02 4.3188e+00 3.6003e+02 3.6198e+00 4.4742e+00
9.2883e+00 1.2540e+00 1.5966e+00 4.3699e+02 1.4145e+00 1.7646e+00 -1.0405e+00 1.1608e+00 3.5567e+02 4.1291e+00 3.5400e+02 3.4591e+00 4.2700e+00
9.5051e+00 1.1963e+00 1.5246e+00 4.2823e+02 1.3501e+00 1.6829e+00 -9.9416e-01 1.1075e+00 3.4964e+02 3.9538e+00 3.4804e+02 3.3049e+00 4.0746e+00
9.7269e+00 1.1411e+00 1.4557e+00 4.1948e+02 1.2886e+00 1.6049e+00 -9.4962e-01 1.0565e+00 3.4367e+02 3.7897e+00 3.4213e+02 3.1570e+00 3.8874e+00
9.9540e+00 1.0884e+00 1.3897e+00 4.1073e+02 1.2297e+00 1.5303e+00 -9.0678e-01 1.0078e+00 3.3775e+02 3.6327e+00 3.3627e+02 3.0149e+00 3.7080e+00
1.0186e+01 1.0380e+00 1.3266e+00 4.0201e+02 1.1734e+00 1.4591e+00 -8.6558e-01 9.6120e-01 3.3190e+02 3.4793e+00 3.3047e+02 2.8785e+00 3.5362e+00
1.0424e+01 9.8987e-01 1.2662e+00 3.9335e+02 1.1196e+00 1.3910e+00 -8.2599e-01 9.1669e-01 3.2609e+02 3.3280e+00 3.2472e+02 2.7476e+00 3.3716e+00
1.0667e+01 9.4385e-01 1.2085e+00 3.8480e+02 1.0682e+00 1.3260e+00 -7.8805e-01 8.7414e-01 3.2032e+02 3.1786e+00 3.1901e+02 2.6224e+00 3.2143e+00
1.0916e+01 8.9989e-01 1.1531e+00 3.7647e+02 1.0189e+00 1.2639e+00 -7.5181e-01 8.3350e-01 3.1463e+02 3.0313e+00 3.1339e+02 2.5025e+00 3.0641e+00
1.1171e+01 8.5788e-01 1.1002e+00 3.6836e+02 9.7176e-01 1.2046e+00 -7.1726e-01 7.9466e-01 3.0897e+02 2.8878e+00 3.0778e+02 2.3881e+00 2.9209e+00
1.1432e+01 8.1776e-01 1.0497e+00 3.6051e+02 9.2687e-01 1.1479e+00 -6.8439e-01 7.5757e-01 3.0340e+02 2.7504e+00 3.0227e+02 2.2792e+00 2.7844e+00
1.1699e+01 7.7944e-01 1.0014e+00 3.5287e+02 8.8386e-01 1.0938e+00 -6.5310e-01 7.2214e-01 2.9786e+02 2.6205e+00 2.9679e+02 2.1751e+00 2.6543e+00
1.1972e+01 7.4284e-01 9.5517e-01 3.4537e+02 8.4276e-01 1.0422e+00 -6.2328e-01 6.8829e-01 2.9236e+02 2.4997e+00 2.9134e+02 2.0757e+00 2.5302e+00
1.2251e+01 7.0790e-01 9.1106e-01 3.3801e+02 8.0357e-01 9.9290e-01 -5.9483e-01 6.5597e-01 2.8695e+02 2.3882e+00 2.8597e+02 1.9809e+00 2.4117e+00
1.2537e+01 6.7453e-01 8.6873e-01 3.3073e+02 7.6595e-01 9.4586e-01 -5.6760e-01 6.2512e-01 2.8159e+02 2.2838e+00 2.8065e+02 1.8897e+00 2.2985e+00
1.2830e+01 6.4268e-01 8.2853e-01 3.2351e+02 7.3027e-01 9.0096e-01 -5.4148e-01 5.9566e-01 2.7629e+02 2.1849e+00 2.7539e+02 1.8029e+00 2.1902e+00
1.3129e+01 6.1227e-01 7.8995e-01 3.1635e+02 6.9602e-01 8.5810e-01 -5.1638e-01 5.6753e-01 2.7104e+02 2.0880e+00 2.7017e+02 1.7194e+00 2.0866e+00
1.3436e+01 5.8324e-01 7.5316e-01 3.0926e+02 6.6339e-01 8.1721e-01 -4.9226e-01 5.4067e-01 2.6582e+02 1.9927e+00 2.6499e+02 1.6395e+00 1.9875e+00
1.3749e+01 5.5555e-01 7.1796e-01 3.0232e+02 6.3217e-01 7.7820e-01 -4.6916e-01 5.1505e-01 2.6069e+02 1.8991e+00 2.5990e+02 1.5630e+00 1.8929e+00
1.4070e+01 5.2912e-01 6.8427e-01 2.9550e+02 6.0230e-01 7.4099e-01 -4.4711e-01 4.9060e-01 2.5559e+02 1.8089e+00 2.5484e+02 1.4898e+00 1.8026e+00
1.4398e+01 5.0390e-01 6.5229e-01 2.8884e+02 5.7397e-01 7.0549e-01 -4.2610e-01 4.6726e-01 2.5055e+02 1.7238e+00 2.4984e+02 1.4204e+00 1.7166e+00
1.4735e+01 4.7983e-01 6.2160e-01 2.8233e+02 5.4679e-01 6.7163e-01 -4.0611e-01 4.4499e-01 2.4557e+02 1.6433e+00 2.4489e+02 1.3539e+00 1.6347e+00
1.5078e+01 4.5688e-01 5.9228e-01 2.7595e+02 5.2083e-01 6.3933e-01 -3.8711e-01 4.2375e-01 2.4064e+02 1.5672e+00 2.3999e+02 1.2905e+00 1.5567e+00
1.5430e+01 4.3499e-01 5.6435e-01 2.6969e+02 4.9611e-01 6.0854e-01 -3.6900e-01 4.0349e-01 2.3577e+02 1.4949e+00 2.3515e+02 1.2301e+00 1.4823e+00
1.5791e+01 4.1410e-01 5.3770e-01 2.6351e+02 4.7254e-01 5.7918e-01 -3.5169e-01 3.8416e-01 2.3096e+02 1.4257e+00 2.3037e+02 1.1724e+00 1.4112e+00
1.6159e+01 3.9419e-01 5.1224e-01 2.5739e+02 4.5002e-01 5.5119e-01 -3.3511e-01 3.6572e-01 2.2619e+02 1.3595e+00 2.2562e+02 1.1172e+00 1.3434e+00
1.6536e+01 3.7520e-01 4.8793e-01 2.5137e+02 4.2853e-01 5.2451e-01 -3.1923e-01 3.4814e-01 2.2148e+02 1.2964e+00 2.2094e+02 1.0643e+00 1.2786e+00
1.6922e+01 3.5709e-01 4.6472e-01 2.4547e+02 4.0802e-01 4.9907e-01 -3.0403e-01 3.3137e-01 2.1684e+02 1.2360e+00 2.1632e+02 1.0138e+00 1.2168e+00
1.7317e+01 3.3983e-01 4.4258e-01 2.3966e+02 3.8846e-01 4.7483e-01 -2.8951e-01 3.1539e-01 2.1224e+02 1.1780e+00 2.1175e+02 9.6563e-01 1.1579e+00
1.7721e+01 3.2338e-01 4.2146e-01 2.3397e+02 3.6980e-01 4.5172e-01 -2.7569e-01 3.0015e-01 2.0769e+02 1.1221e+00 2.0722e+02 9.1969e-01 1.1018e+00
1.8135e+01 3.0769e-01 4.0134e-01 2.2840e+02 3.5205e-01 4.2971e-01 -2.6254e-01 2.8562e-01 2.0321e+02 1.0685e+00 2.0276e+02 8.7598e-01 1.0484e+00
1.8558e+01 2.9274e-01 3.8209e-01 2.2292e+02 3.3507e-01 4.0873e-01 -2.5002e-01 2.7178e-01 1.9878e+02 1.0174e+00 1.9836e+02 8.3418e-01 9.9747e-01
1.8991e+01 2.7850e-01 3.6379e-01 2.1754e+02 3.1893e-01 3.8875e-01 -2.3808e-01 2.5858e-01 1.9442e+02 9.6927e-01 1.9401e+02 7.9441e-01 9.4895e-01
1.9435e+01 2.6492e-01 3.4632e-01 2.1224e+02 3.0352e-01 3.6970e-01 -2.2667e-01 2.4600e-01 1.9010e+02 9.2384e-01 1.8971e+02 7.5641e-01 9.0268e-01
1.9888e+01 2.5199e-01 3.2963e-01 2.0705e+02 2.8881e-01 3.5157e-01 -2.1577e-01 2.3402e-01 1.8586e+02 8.8047e-01 1.8549e+02 7.2006e-01 8.5856e-01
2.0352e+01 2.3966e-01 3.1374e-01 2.0193e+02 2.7481e-01 3.3429e-01 -2.0535e-01 2.2260e-01 1.8165e+02 8.3874e-01 1.8129e+02 6.8543e-01 8.1651e-01
2.0828e+01 2.2792e-01 2.9858e-01 1.9693e+02 2.6145e-01 3.1784e-01 -1.9542e-01 2.1172e-01 1.7751e+02 7.9837e-01 1.7718e+02 6.5238e-01 7.7647e-01
2.1314e+01 2.1674e-01 2.8413e-01 1.9201e+02 2.4873e-01 3.0217e-01 -1.8597e-01 2.0135e-01 1.7343e+02 7.5974e-01 1.7311e+02 6.2092e-01 7.3834e-01
2.1811e+01 2.0609e-01 2.7036e-01 1.8720e+02 2.3661e-01 2.8726e-01 -1.7697e-01 1.9148e-01 1.6942e+02 7.2312e-01 1.6912e+02 5.9092e-01 7.0203e-01
2.2320e+01 1.9594e-01 2.5723e-01 1.8248e+02 2.2506e-01 2.7305e-01 -1.6840e-01 1.8207e-01 1.6547e+02 6.8859e-01 1.6518e+02 5.6233e-01 6.6746e-01
2.2841e+01 1.8628e-01 2.4472e-01 1.7783e+02 2.1406e-01 2.5953e-01 -1.6022e-01 1.7312e-01 1.6156e+02 6.5577e-01 1.6128e+02 5.3507e-01 6.3452e-01
2.3374e+01 1.7709e-01 2.3279e-01 1.7329e+02 2.0356e-01 2.4665e-01 -1.5241e-01 1.6459e-01 1.5773e+02 6.2429e-01 1.5747e+02 5.0904e-01 6.0315e-01
2.3920e+01 1.6833e-01 2.2145e-01 1.6882e+02 1.9360e-01 2.3440e-01 -1.4497e-01 1.5646e-01 1.5395e+02 5.9409e-01 1.5370e+02 4.8429e-01 5.7327e-01
2.4478e+01 1.5999e-01 2.1059e-01 1.6446e+02 1.8405e-01 2.2274e-01 -1.3788e-01 1.4873e-01 1.5024e+02 5.6508e-01 1.5000e+02 4.6060e-01 5.4484e-01
2.5049e+01 1.5205e-01 2.0030e-01 1.6019e+02 1.7500e-01 2.1164e-01 -1.3114e-01 1.4137e-01 1.4659e+02 5.3766e-01 1.4636e+02 4.3813e-01 5.1778e-01
2.5634e+01 1.4450e-01 1.9049e-01 1.5599e+02 1.6639e-01 2.0108e-01 -1.2471e-01 1.3436e-01 1.4300e+02 5.1167e-01 1.4278e+02 4.1673e-01 4.9202e-01
2.6232e+01 1.3731e-01 1.8112e-01 1.5188e+02 1.5817e-01 1.9103e-01 -1.1859e-01 1.2769e-01 1.3947e+02 4.8685e-01 1.3926e+02 3.9628e-01 4.6750e-01
2.6845e+01 1.3047e-01 1.7221e-01 1.4786e+02 1.5035e-01 1.8146e-01 -1.1275e-01 1.2134e-01 1.3600e+02 4.6317e-01 1.3580e+02 3.7683e-01 4.4416e-01
2.7471e+01 1.2396e-01 1.6371e-01 1.4394e+02 1.4289e-01 1.7237e-01 -1.0719e-01 1.1530e-01 1.3260e+02 4.4048e-01 1.3241e+02 3.5826e-01 4.2195e-01
2.8112e+01 1.1776e-01 1.5566e-01 1.4009e+02 1.3583e-01 1.6372e-01 -1.0190e-01 1.0955e-01 1.2926e+02 4.1899e-01 1.2908e+02 3.4066e-01 4.0082e-01
2.8769e+01 1.1186e-01 1.4794e-01 1.3632e+02 1.2905e-01 1.5548e-01 -9.6866e-02 1.0408e-01 1.2598e+02 3.9841e-01 1.2581e+02 3.2380e-01 3.8072e-01
2.9440e+01 1.0626e-01 1.4063e-01 1.3263e+02 1.2265e-01 1.4765e-01 -9.2070e-02 9.8868e-02 1.2276e+02 3.7896e-01 1.2260e+02 3.0783e-01 3.6159e-01
3.0127e+01 1.0092e-01 1.3365e-01 1.2903e+02 1.1653e-01 1.4021e-01 -8.7502e-02 9.3915e-02 1.1960e+02 3.6034e-01 1.1945e+02 2.9258e-01 3.4340e-01
3.0830e+01 9.5846e-02 1.2701e-01 1.2551e+02 1.1071e-01 1.3313e-01 -8.3153e-02 8.9202e-02 1.1650e+02 3.4258e-01 1.1636e+02 2.7806e-01 3.2609e-01
3.1550e+01 9.1020e-02 1.2069e-01 1.2207e+02 1.0518e-01 1.2639e-01 -7.9015e-02 8.4719e-02 1.1347e+02 3.2567e-01 1.1333e+02 2.6424e-01 3.0963e-01
3.2286e+01 8.6429e-02 1.1469e-01 1.1871e+02 9.9923e-02 1.1999e-01 -7.5077e-02 8.0455e-02 1.1051e+02 3.0961e-01 1.1037e+02 2.5111e-01 2.9398e-01
3.3040e+01 8.2064e-02 1.0896e-01 1.1542e+02 9.4910e-02 1.1390e-01 -7.1329e-02 7.6400e-02 1.0760e+02 2.9428e-01 1.0747e+02 2.3859e-01 2.7909e-01
3.3811e+01 7.7913e-02 1.0353e-01 1.1222e+02 9.0156e-02 1.0812e-01 -6.7762e-02 7.2543e-02 1.0475e+02 2.7974e-01 1.0463e+02 2.2670e-01 2.6494e-01
3.4600e+01 7.3966e-02 9.8336e-02 1.0909e+02 8.5614e-02 1.0262e-01 -6.4368e-02 6.8875e-02 1.0196e+02 2.6583e-01 1.0185e+02 2.1535e-01 2.5148e-01
3.5408e+01 7.0213e-02 9.3406e-02 1.0603e+02 8.1302e-02 9.7389e-02 -6.1139e-02 6.5388e-02 9.9233e+01 2.5261e-01 9.9125e+01 2.0456e-01 2.3869e-01
3.6234e+01 6.6646e-02 8.8724e-02 1.0304e+02 7.7210e-02 9.2419e-02 -5.8066e-02 6.2072e-02 9.6561e+01 2.4005e-01 9.6458e+01 1.9432e-01 2.2653e-01
3.7080e+01 6.3255e-02 8.4257e-02 1.0013e+02 7.3304e-02 8.7697e-02 -5.5144e-02 5.8921e-02 9.3952e+01 2.2806e-01 9.3855e+01 1.8454e-01 2.1497e-01
3.7945e+01 6.0032e-02 8.0023e-02 9.7292e+01 6.9605e-02 8.3210e-02 -5.2365e-02 5.5924e-02 9.1398e+01 2.1669e-01 9.1305e+01 1.7527e-01 2.0398e-01
3.8831e+01 5.6969e-02 7.5987e-02 9.4515e+01 6.6078e-02 7.8945e-02 -4.9721e-02 5.3076e-02 8.8897e+01 2.0585e-01 8.8808e+01 1.6643e-01 1.9354e-01
3.9737e+01 5.4057e-02 7.2152e-02 9.1809e+01 6.2729e-02 7.4894e-02 -4.7206e-02 5.0368e-02 8.6453e+01 1.9555e-01 8.6369e+01 1.5804e-01 1.8361e-01
4.0665e+01 5.1290e-02 6.8501e-02 8.9164e+01 5.9541e-02 7.1044e-02 -4.4815e-02 4.7795e-02 8.4059e+01 1.8573e-01 8.3979e+01 1.5004e-01 1.7418e-01
4.1614e+01 4.8661e-02 6.5033e-02 8.6585e+01 5.6513e-02 6.7387e-02 -4.2541e-02 4.5350e-02 8.1721e+01 1.7639e-01 8.1645e+01 1.4245e-01 1.6523e-01
4.2585e+01 4.6164e-02 6.1735e-02 8.4070e+01 5.3636e-02 6.3914e-02 -4.0380e-02 4.3026e-02 7.9435e+01 1.6752e-01 7.9363e+01 1.3523e-01 1.5671e-01
4.3579e+01 4.3790e-02 5.8598e-02 8.1611e+01 5.0898e-02 6.0614e-02 -3.8325e-02 4.0818e-02 7.7195e+01 1.5907e-01 7.7126e+01 1.2836e-01 1.4863e-01
4.4596e+01 4.1536e-02 5.5616e-02 7.9215e+01 4.8297e-02 5.7480e-02 -3.6372e-02 3.8721e-02 7.5008e+01 1.5103e-01 7.4943e+01 1.2182e-01 1.4095e-01
4.5637e+01 3.9395e-02 5.2787e-02 7.6870e+01 4.5830e-02 5.4504e-02 -3.4515e-02 3.6728e-02 7.2864e+01 1.4340e-01 7.2802e+01 1.1562e-01 1.3365e-01
4.6702e+01 3.7360e-02 5.0095e-02 7.4583e+01 4.3483e-02 5.1678e-02 -3.2751e-02 3.4834e-02 7.0767e+01 1.3614e-01 7.0708e+01 1.0973e-01 1.2672e-01
4.7792e+01 3.5428e-02 4.7536e-02 7.2345e+01 4.1253e-02 4.8994e-02 -3.1074e-02 3.3036e-02 6.8712e+01 1.2924e-01 6.8656e+01 1.0412e-01 1.2014e-01
4.8908e+01 3.3593e-02 4.5103e-02 7.0159e+01 3.9133e-02 4.6446e-02 -2.9480e-02 3.1327e-02 6.6700e+01 1.2267e-01 6.6647e+01 9.8791e-02 1.1389e-01
5.0049e+01 3.1851e-02 4.2792e-02 6.8024e+01 3.7119e-02 4.4026e-02 -2.7966e-02 2.9705e-02 6.4730e+01 1.1643e-01 6.4680e+01 9.3726e-02 1.0796e-01
5.1218e+01 3.0196e-02 4.0594e-02 6.5933e+01 3.5205e-02 4.1729e-02 -2.6527e-02 2.8164e-02 6.2798e+01 1.1049e-01 6.2751e+01 8.8911e-02 1.0233e-01
5.2413e+01 2.8625e-02 3.8508e-02 6.3892e+01 3.3388e-02 3.9549e-02 -2.5161e-02 2.6701e-02 6.0909e+01 1.0485e-01 6.0863e+01 8.4339e-02 9.6981e-02
5.3636e+01 2.7134e-02 3.6529e-02 6.1894e+01 3.1666e-02 3.7480e-02 -2.3862e-02 2.5312e-02 5.9055e+01 9.9497e-02 5.9012e+01 8.0002e-02 9.1905e-02
5.4888e+01 2.5717e-02 3.4647e-02 5.9939e+01 3.0028e-02 3.5515e-02 -2.2629e-02 2.3993e-02 5.7238e+01 9.4406e-02 5.7197e+01 7.5878e-02 8.7086e-02
5.6169e+01 2.4373e-02 3.2857e-02 5.8025e+01 2.8469e-02 3.3651e-02 -2.1458e-02 2.2740e-02 5.5455e+01 8.9560e-02 5.5416e+01 7.1954e-02 8.2512e-02
5.7480e+01 2.3097e-02 3.1159e-02 5.6155e+01 2.6993e-02 3.1882e-02 -2.0345e-02 2.1551e-02 5.3710e+01 8.4961e-02 5.3673e+01 6.8233e-02 7.8171e-02
5.8822e+01 2.1886e-02 2.9546e-02 5.4324e+01 2.5590e-02 3.0203e-02 -1.9288e-02 2.0422e-02 5.1998e+01 8.0597e-02 5.1963e+01 6.4698e-02 7.4052e-02
6.0195e+01 2.0736e-02 2.8013e-02 5.2532e+01 2.4256e-02 2.8610e-02 -1.8285e-02 1.9351e-02 5.0321e+01 7.6441e-02 5.0287e+01 6.1337e-02 7.0143e-02
6.1600e+01 1.9645e-02 2.6559e-02 5.0781e+01 2.2993e-02 2.7098e-02 -1.7332e-02 1.8334e-02 4.8679e+01 7.2499e-02 4.8647e+01 5.8152e-02 6.6433e-02
6.3038e+01 1.8610e-02 2.5177e-02 4.9071e+01 2.1792e-02 2.5664e-02 -1.6428e-02 1.7369e-02 4.7072e+01 6.8754e-02 4.7042e+01 5.5123e-02 6.2915e-02
6.4509e+01 1.7628e-02 2.3865e-02 4.7399e+01 2.0652e-02 2.4304e-02 -1.5569e-02 1.6453e-02 4.5499e+01 6.5192e-02 4.5470e+01 5.2247e-02 5.9576e-02
6.6014e+01 1.6696e-02 2.2621e-02 4.5769e+01 1.9571e-02 2.3013e-02 -1.4754e-02 1.5584e-02 4.3962e+01 6.1816e-02 4.3935e+01 4.9520e-02 5.6409e-02
6.7555e+01 1.5812e-02 2.1440e-02 4.4178e+01 1.8546e-02 2.1789e-02 -1.3980e-02 1.4760e-02 4.2461e+01 5.8613e-02 4.2435e+01 4.6932e-02 5.3405e-02
6.9132e+01 1.4973e-02 2.0318e-02 4.2625e+01 1.7571e-02 2.0628e-02 -1.3246e-02 1.3977e-02 4.0994e+01 5.5565e-02 4.0969e+01 4.4472e-02 5.0556e-02
7.0746e+01 1.4177e-02 1.9255e-02 4.1117e+01 1.6649e-02 1.9527e-02 -1.2549e-02 1.3235e-02 3.9567e+01 5.2680e-02 3.9544e+01 4.2143e-02 4.7854e-02
7.2397e+01 1.3422e-02 1.8243e-02 3.9647e+01 1.5769e-02 1.8483e-02 -1.1887e-02 1.2531e-02 3.8175e+01 4.9927e-02 3.8153e+01 3.9924e-02 4.5291e-02
7.4087e+01 1.2706e-02 1.7283e-02 3.8222e+01 1.4936e-02 1.7493e-02 -1.1259e-02 1.1863e-02 3.6823e+01 4.7316e-02 3.6802e+01 3.7821e-02 4.2862e-02
7.5816e+01 1.2027e-02 1.6374e-02 3.6837e+01 1.4148e-02 1.6554e-02 -1.0664e-02 1.1230e-02 3.5509e+01 4.4845e-02 3.5489e+01 3.5828e-02 4.0558e-02
7.7585e+01 1.1384e-02 1.5509e-02 3.5498e+01 1.3398e-02 1.5664e-02 -1.0099e-02 1.0629e-02 3.4236e+01 4.2493e-02 3.4218e+01 3.3934e-02 3.8374e-02
7.9396e+01 1.0773e-02 1.4691e-02 3.4201e+01 1.2688e-02 1.4821e-02 -9.5627e-03 1.0059e-02 3.3004e+01 4.0268e-02 3.2986e+01 3.2141e-02 3.6303e-02
8.1249e+01 1.0194e-02 1.3913e-02 3.2948e+01 1.2014e-02 1.4021e-02 -9.0541e-03 9.5192e-03 3.1812e+01 3.8152e-02 3.1795e+01 3.0437e-02 3.4341e-02
8.3146e+01 9.6457e-03 1.3176e-02 3.1739e+01 1.1375e-02 1.3263e-02 -8.5717e-03 9.0070e-03 3.0660e+01 3.6142e-02 3.0644e+01 2.8820e-02 3.2480e-02
8.5086e+01 9.1255e-03 1.2476e-02 3.0574e+01 1.0769e-02 1.2544e-02 -8.1141e-03 8.5214e-03 2.9550e+01 3.4236e-02 2.9535e+01 2.7288e-02 3.0717e-02
8.7072e+01 8.6324e-03 1.1813e-02 2.9451e+01 1.0194e-02 1.1863e-02 -7.6802e-03 8.0610e-03 2.8480e+01 3.2430e-02 2.8465e+01 2.5834e-02 2.9047e-02
8.9105e+01 8.1649e-03 1.1184e-02 2.8369e+01 9.6490e-03 1.1218e-02 -7.2686e-03 7.6246e-03 2.7447e+01 3.0716e-02 2.7433e+01 2.4456e-02 2.7463e-02
9.1184e+01 7.7219e-03 1.0587e-02 2.7326e+01 9.1322e-03 1.0607e-02 -6.8783e-03 7.2109e-03 2.6451e+01 2.9088e-02 2.6438e+01 2.3149e-02 2.5963e-02
9.3313e+01 7.3020e-03 1.0020e-02 2.6322e+01 8.6415e-03 1.0027e-02 -6.5082e-03 6.8189e-03 2.5492e+01 2.7543e-02 2.5480e+01 2.1907e-02 2.4542e-02
9.5490e+01 6.9042e-03 9.4841e-03 2.5353e+01 8.1773e-03 9.4785e-03 -6.1574e-03 6.4473e-03 2.4566e+01 2.6081e-02 2.4554e+01 2.0733e-02 2.3195e-02
9.7719e+01 6.5272e-03 8.9751e-03 2.4418e+01 7.7367e-03 8.9586e-03 -5.8249e-03 6.0953e-03 2.3672e+01 2.4690e-02 2.3661e+01 1.9618e-02 2.1920e-02
1.0000e+02 6.1700e-03 8.4927e-03 2.3513e+01 7.3193e-03 8.4661e-03 -5.5096e-03 5.7616e-03 2.2806e+01 2.3374e-02 2.2795e+01 1.8561e-02 2.0712e-02
