1.0000e-03 4.7224e-03 -6.4673e-04 7.5280e-04 1.1105e-03 6.3637e-01 8.2024e-01 5.1012e-01 1.9691e-04 -2.0084e-01 2.0182e-01 8.9422e-02 8.2390e+02
1.0233e-03 5.1615e-03 -7.0439e-04 8.2389e-04 1.2148e-03 6.6811e-01 8.6090e-01 5.3554e-01 2.1658e-04 -2.1083e-01 2.1190e-01 9.4433e-02 8.4035e+02
1.0472e-03 5.6410e-03 -7.6708e-04 9.0167e-04 1.3289e-03 7.0135e-01 9.0346e-01 5.6217e-01 2.3824e-04 -2.2129e-01 2.2247e-01 9.9598e-02 8.5693e+02
1.0717e-03 6.1646e-03 -8.3520e-04 9.8674e-04 1.4536e-03 7.3618e-01 9.4803e-01 5.9008e-01 2.6209e-04 -2.3225e-01 2.3354e-01 1.0493e-01 8.7376e+02
1.0967e-03 6.7362e-03 -9.0923e-04 1.0798e-03 1.5899e-03 7.7269e-01 9.9473e-01 6.1932e-01 2.8835e-04 -2.4373e-01 2.4514e-01 1.1046e-01 8.9096e+02
1.1223e-03 7.3603e-03 -9.8964e-04 1.1816e-03 1.7388e-03 8.1097e-01 1.0436e+00 6.4998e-01 3.1725e-04 -2.5576e-01 2.5731e-01 1.1621e-01 9.0862e+02
1.1485e-03 8.0415e-03 -1.0770e-03 1.2929e-03 1.9016e-03 8.5110e-01 1.0949e+00 6.8212e-01 3.4906e-04 -2.6837e-01 2.7006e-01 1.2222e-01 9.2682e+02
1.1753e-03 8.7851e-03 -1.1718e-03 1.4146e-03 2.0795e-03 8.9318e-01 1.1486e+00 7.1582e-01 3.8408e-04 -2.8159e-01 2.8345e-01 1.2854e-01 9.4558e+02
1.2027e-03 9.5966e-03 -1.2748e-03 1.5477e-03 2.2738e-03 9.3729e-01 1.2049e+00 7.5115e-01 4.2263e-04 -2.9545e-01 2.9748e-01 1.3521e-01 9.6489e+02
1.2308e-03 1.0482e-02 -1.3865e-03 1.6933e-03 2.4862e-03 9.8353e-01 1.2638e+00 7.8817e-01 4.6506e-04 -3.0997e-01 3.1219e-01 1.4229e-01 9.8470e+02
1.2595e-03 1.1449e-02 -1.5078e-03 1.8525e-03 2.7182e-03 1.0320e+00 1.3255e+00 8.2696e-01 5.1177e-04 -3.2517e-01 3.2760e-01 1.4983e-01 1.0049e+03
1.2889e-03 1.2503e-02 -1.6393e-03 2.0266e-03 2.9717e-03 1.0827e+00 1.3901e+00 8.6759e-01 5.6318e-04 -3.4109e-01 3.4375e-01 1.5788e-01 1.0252e+03
1.3190e-03 1.3653e-02 -1.7820e-03 2.2169e-03 3.2486e-03 1.1359e+00 1.4577e+00 9.1012e-01 6.1977e-04 -3.5775e-01 3.6067e-01 1.6646e-01 1.0456e+03
1.3498e-03 1.4907e-02 -1.9367e-03 2.4249e-03 3.5510e-03 1.1915e+00 1.5283e+00 9.5463e-01 6.8207e-04 -3.7518e-01 3.7837e-01 1.7559e-01 1.0658e+03
1.3813e-03 1.6276e-02 -2.1044e-03 2.6524e-03 3.8814e-03 1.2496e+00 1.6021e+00 1.0012e+00 7.5066e-04 -3.9340e-01 3.9690e-01 1.8526e-01 1.0855e+03
1.4135e-03 1.7768e-02 -2.2860e-03 2.9010e-03 4.2421e-03 1.3105e+00 1.6793e+00 1.0499e+00 8.2617e-04 -4.1245e-01 4.1628e-01 1.9546e-01 1.1047e+03
1.4465e-03 1.9395e-02 -2.4829e-03 3.1728e-03 4.6359e-03 1.3741e+00 1.7599e+00 1.1008e+00 9.0931e-04 -4.3236e-01 4.3655e-01 2.0618e-01 1.1232e+03
1.4803e-03 2.1169e-02 -2.6960e-03 3.4699e-03 5.0660e-03 1.4406e+00 1.8440e+00 1.1540e+00 1.0009e-03 -4.5317e-01 4.5776e-01 2.1737e-01 1.1409e+03
1.5148e-03 2.3103e-02 -2.9268e-03 3.7946e-03 5.5354e-03 1.5101e+00 1.9320e+00 1.2097e+00 1.1017e-03 -4.7492e-01 4.7994e-01 2.2901e-01 1.1580e+03
1.5502e-03 2.5210e-02 -3.1766e-03 4.1495e-03 6.0479e-03 1.5829e+00 2.0238e+00 1.2679e+00 1.2127e-03 -4.9765e-01 5.0315e-01 2.4107e-01 1.1745e+03
1.5864e-03 2.7508e-02 -3.4468e-03 4.5373e-03 6.6072e-03 1.6590e+00 2.1198e+00 1.3287e+00 1.3349e-03 -5.2143e-01 5.2744e-01 2.5355e-01 1.1905e+03
1.6234e-03 3.0011e-02 -3.7392e-03 4.9611e-03 7.2177e-03 1.7387e+00 2.2202e+00 1.3925e+00 1.4695e-03 -5.4629e-01 5.5287e-01 2.6647e-01 1.2063e+03
1.6613e-03 3.2739e-02 -4.0552e-03 5.4241e-03 7.8839e-03 1.8221e+00 2.3250e+00 1.4591e+00 1.6178e-03 -5.7229e-01 5.7950e-01 2.7986e-01 1.2220e+03
1.7000e-03 3.5710e-02 -4.3969e-03 5.9301e-03 8.6108e-03 1.9094e+00 2.4347e+00 1.5289e+00 1.7810e-03 -5.9950e-01 6.0739e-01 2.9378e-01 1.2379e+03
1.7397e-03 3.8947e-02 -4.7660e-03 6.4829e-03 9.4038e-03 2.0008e+00 2.5494e+00 1.6020e+00 1.9608e-03 -6.2797e-01 6.3661e-01 3.0830e-01 1.2541e+03
1.7803e-03 4.2472e-02 -5.1647e-03 7.0869e-03 1.0269e-02 2.0965e+00 2.6693e+00 1.6785e+00 2.1587e-03 -6.5776e-01 6.6721e-01 3.2352e-01 1.2706e+03
1.8219e-03 4.6311e-02 -5.5952e-03 7.7467e-03 1.1213e-02 2.1967e+00 2.7947e+00 1.7586e+00 2.3767e-03 -6.8893e-01 6.9927e-01 3.3951e-01 1.2874e+03
1.8644e-03 5.0491e-02 -6.0599e-03 8.4674e-03 1.2242e-02 2.3016e+00 2.9258e+00 1.8424e+00 2.6167e-03 -7.2153e-01 7.3285e-01 3.5638e-01 1.3044e+03
1.9079e-03 5.5041e-02 -6.5611e-03 9.2546e-03 1.3365e-02 2.4114e+00 3.0627e+00 1.9302e+00 2.8810e-03 -7.5563e-01 7.6802e-01 3.7422e-01 1.3214e+03
1.9525e-03 5.9994e-02 -7.1016e-03 1.0114e-02 1.4589e-02 2.5263e+00 3.2058e+00 2.0220e+00 3.1720e-03 -7.9128e-01 8.0483e-01 3.9307e-01 1.3382e+03
1.9980e-03 6.5384e-02 -7.6842e-03 1.1053e-02 1.5923e-02 2.6465e+00 3.3553e+00 2.1180e+00 3.4924e-03 -8.2855e-01 8.4337e-01 4.1294e-01 1.3546e+03
2.0447e-03 7.1249e-02 -8.3120e-03 1.2079e-02 1.7378e-02 2.7723e+00 3.5113e+00 2.2185e+00 3.8452e-03 -8.6749e-01 8.8371e-01 4.3381e-01 1.3704e+03
2.0924e-03 7.7630e-02 -8.9880e-03 1.3199e-02 1.8964e-02 2.9038e+00 3.6743e+00 2.3235e+00 4.2337e-03 -9.0819e-01 9.2594e-01 4.5565e-01 1.3855e+03
2.1412e-03 8.4570e-02 -9.7157e-03 1.4421e-02 2.0692e-02 3.0414e+00 3.8444e+00 2.4333e+00 4.6615e-03 -9.5072e-01 9.7013e-01 4.7845e-01 1.4000e+03
2.1912e-03 9.2119e-02 -1.0499e-02 1.5756e-02 2.2575e-02 3.1854e+00 4.0220e+00 2.5482e+00 5.1325e-03 -9.9515e-01 1.0164e+00 5.0220e-01 1.4141e+03
2.2423e-03 1.0033e-01 -1.1341e-02 1.7214e-02 2.4627e-02 3.3360e+00 4.2074e+00 2.6684e+00 5.6512e-03 -1.0416e+00 1.0648e+00 5.2694e-01 1.4277e+03
2.2947e-03 1.0925e-01 -1.2246e-02 1.8805e-02 2.6863e-02 3.4936e+00 4.4010e+00 2.7941e+00 6.2222e-03 -1.0901e+00 1.1155e+00 5.5272e-01 1.4413e+03
2.3482e-03 1.1895e-01 -1.3218e-02 2.0541e-02 2.9298e-02 3.6585e+00 4.6031e+00 2.9257e+00 6.8509e-03 -1.1409e+00 1.1686e+00 5.7965e-01 1.4548e+03
2.4030e-03 1.2949e-01 -1.4261e-02 2.2437e-02 3.1949e-02 3.8310e+00 4.8142e+00 3.0632e+00 7.5431e-03 -1.1939e+00 1.2243e+00 6.0785e-01 1.4684e+03
2.4591e-03 1.4095e-01 -1.5381e-02 2.4506e-02 3.4837e-02 4.0115e+00 5.0345e+00 3.2072e+00 8.3052e-03 -1.2493e+00 1.2825e+00 6.3744e-01 1.4821e+03
2.5165e-03 1.5339e-01 -1.6582e-02 2.6763e-02 3.7981e-02 4.2004e+00 5.2644e+00 3.3578e+00 9.1442e-03 -1.3072e+00 1.3435e+00 6.6856e-01 1.4958e+03
2.5753e-03 1.6691e-01 -1.7868e-02 2.9227e-02 4.1404e-02 4.3981e+00 5.5043e+00 3.5152e+00 1.0068e-02 -1.3676e+00 1.4073e+00 7.0128e-01 1.5092e+03
2.6354e-03 1.8159e-01 -1.9247e-02 3.1915e-02 4.5129e-02 4.6048e+00 5.7546e+00 3.6799e+00 1.1084e-02 -1.4308e+00 1.4742e+00 7.3564e-01 1.5222e+03
2.6969e-03 1.9752e-01 -2.0721e-02 3.4848e-02 4.9183e-02 4.8210e+00 6.0156e+00 3.8521e+00 1.2203e-02 -1.4967e+00 1.5442e+00 7.7167e-01 1.5348e+03
2.7598e-03 2.1482e-01 -2.2299e-02 3.8047e-02 5.3594e-02 5.0471e+00 6.2879e+00 4.0321e+00 1.3435e-02 -1.5656e+00 1.6175e+00 8.0939e-01 1.5470e+03
2.8242e-03 2.3360e-01 -2.3984e-02 4.1538e-02 5.8392e-02 5.2836e+00 6.5718e+00 4.2204e+00 1.4791e-02 -1.6375e+00 1.6942e+00 8.4881e-01 1.5587e+03
2.8902e-03 2.5397e-01 -2.5784e-02 4.5345e-02 6.3612e-02 5.5309e+00 6.8678e+00 4.4172e+00 1.6283e-02 -1.7126e+00 1.7745e+00 8.9003e-01 1.5701e+03
2.9576e-03 2.7607e-01 -2.7705e-02 4.9497e-02 6.9288e-02 5.7896e+00 7.1764e+00 4.6230e+00 1.7925e-02 -1.7909e+00 1.8587e+00 9.3314e-01 1.5814e+03
3.0266e-03 3.0004e-01 -2.9753e-02 5.4025e-02 7.5460e-02 6.0602e+00 7.4981e+00 4.8382e+00 1.9732e-02 -1.8727e+00 1.9467e+00 9.7829e-01 1.5925e+03
3.0973e-03 3.2602e-01 -3.1934e-02 5.8963e-02 8.2169e-02 6.3431e+00 7.8334e+00 5.0631e+00 2.1721e-02 -1.9581e+00 2.0390e+00 1.0256e+00 1.6036e+03
3.1696e-03 3.5420e-01 -3.4256e-02 6.4347e-02 8.9461e-02 6.6391e+00 8.1829e+00 5.2983e+00 2.3909e-02 -2.0472e+00 2.1356e+00 1.0753e+00 1.6145e+03
3.2436e-03 3.8473e-01 -3.6724e-02 7.0217e-02 9.7386e-02 6.9485e+00 8.5469e+00 5.5441e+00 2.6316e-02 -2.1402e+00 2.2367e+00 1.1274e+00 1.6252e+03
3.3193e-03 4.1781e-01 -3.9345e-02 7.6616e-02 1.0600e-01 7.2720e+00 8.9261e+00 5.8010e+00 2.8964e-02 -2.2372e+00 2.3426e+00 1.1821e+00 1.6355e+03
3.3967e-03 4.5365e-01 -4.2127e-02 8.3591e-02 1.1535e-01 7.6102e+00 9.3209e+00 6.0694e+00 3.1877e-02 -2.3384e+00 2.4535e+00 1.2394e+00 1.6455e+03
3.4760e-03 4.9246e-01 -4.5075e-02 9.1194e-02 1.2551e-01 7.9638e+00 9.7321e+00 6.3500e+00 3.5082e-02 -2.4438e+00 2.5695e+00 1.2993e+00 1.6552e+03
3.5572e-03 5.3449e-01 -4.8196e-02 9.9479e-02 1.3654e-01 8.3335e+00 1.0160e+01 6.6432e+00 3.8606e-02 -2.5538e+00 2.6911e+00 1.3621e+00 1.6646e+03
3.6402e-03 5.7997e-01 -5.1496e-02 1.0851e-01 1.4851e-01 8.7200e+00 1.0606e+01 6.9496e+00 4.2482e-02 -2.6685e+00 2.8184e+00 1.4279e+00 1.6739e+03
3.7251e-03 6.2919e-01 -5.4980e-02 1.1835e-01 1.6151e-01 9.1239e+00 1.1069e+01 7.2697e+00 4.6743e-02 -2.7881e+00 2.9517e+00 1.4969e+00 1.6830e+03
3.8121e-03 6.8244e-01 -5.8654e-02 1.2906e-01 1.7561e-01 9.5461e+00 1.1551e+01 7.6041e+00 5.1429e-02 -2.9127e+00 3.0912e+00 1.5692e+00 1.6919e+03
3.9011e-03 7.4003e-01 -6.2522e-02 1.4074e-01 1.9091e-01 9.9873e+00 1.2053e+01 7.9534e+00 5.6581e-02 -3.0425e+00 3.2374e+00 1.6451e+00 1.7005e+03
3.9921e-03 8.0230e-01 -6.6589e-02 1.5346e-01 2.0750e-01 1.0448e+01 1.2575e+01 8.3183e+00 6.2243e-02 -3.1777e+00 3.3904e+00 1.7246e+00 1.7089e+03
4.0853e-03 8.6960e-01 -7.0857e-02 1.6731e-01 2.2550e-01 1.0930e+01 1.3117e+01 8.6994e+00 6.8467e-02 -3.3185e+00 3.5507e+00 1.8079e+00 1.7171e+03
4.1806e-03 9.4233e-01 -7.5328e-02 1.8239e-01 2.4500e-01 1.1434e+01 1.3680e+01 9.0974e+00 7.5307e-02 -3.4651e+00 3.7184e+00 1.8953e+00 1.7250e+03
4.2782e-03 1.0209e+00 -8.0003e-02 1.9882e-01 2.6615e-01 1.1960e+01 1.4266e+01 9.5130e+00 8.2824e-02 -3.6178e+00 3.8941e+00 1.9868e+00 1.7327e+03
4.3781e-03 1.1057e+00 -8.4881e-02 2.1670e-01 2.8906e-01 1.2509e+01 1.4874e+01 9.9468e+00 9.1081e-02 -3.7767e+00 4.0781e+00 2.0828e+00 1.7402e+03
4.4803e-03 1.1973e+00 -8.9959e-02 2.3617e-01 3.1388e-01 1.3083e+01 1.5505e+01 1.0400e+01 1.0015e-01 -3.9420e+00 4.2707e+00 2.1835e+00 1.7476e+03
4.5848e-03 1.2962e+00 -9.5233e-02 2.5736e-01 3.4076e-01 1.3683e+01 1.6161e+01 1.0873e+01 1.1012e-01 -4.1140e+00 4.4725e+00 2.2891e+00 1.7547e+03
4.6918e-03 1.4028e+00 -1.0070e-01 2.8042e-01 3.6986e-01 1.4309e+01 1.6841e+01 1.1366e+01 1.2106e-01 -4.2928e+00 4.6837e+00 2.3998e+00 1.7616e+03
4.8013e-03 1.5179e+00 -1.0634e-01 3.0552e-01 4.0137e-01 1.4963e+01 1.7547e+01 1.1881e+01 1.3307e-01 -4.4787e+00 4.9049e+00 2.5158e+00 1.7683e+03
4.9134e-03 1.6419e+00 -1.1214e-01 3.3282e-01 4.3546e-01 1.5645e+01 1.8280e+01 1.2419e+01 1.4626e-01 -4.6720e+00 5.1365e+00 2.6375e+00 1.7748e+03
5.0281e-03 1.7755e+00 -1.1810e-01 3.6253e-01 4.7234e-01 1.6358e+01 1.9039e+01 1.2979e+01 1.6074e-01 -4.8727e+00 5.3790e+00 2.7651e+00 1.7811e+03
5.1454e-03 1.9195e+00 -1.2418e-01 3.9484e-01 5.1223e-01 1.7102e+01 1.9825e+01 1.3564e+01 1.7663e-01 -5.0813e+00 5.6329e+00 2.8989e+00 1.7872e+03
5.2655e-03 2.0746e+00 -1.3037e-01 4.2999e-01 5.5535e-01 1.7879e+01 2.0640e+01 1.4174e+01 1.9406e-01 -5.2978e+00 5.8988e+00 3.0393e+00 1.7931e+03
5.3884e-03 2.2416e+00 -1.3664e-01 4.6821e-01 6.0197e-01 1.8689e+01 2.1485e+01 1.4810e+01 2.1319e-01 -5.5225e+00 6.1773e+00 3.1865e+00 1.7989e+03
5.5142e-03 2.4213e+00 -1.4294e-01 5.0976e-01 6.5234e-01 1.9535e+01 2.2358e+01 1.5474e+01 2.3417e-01 -5.7557e+00 6.4689e+00 3.3409e+00 1.8044e+03
5.6429e-03 2.6146e+00 -1.4923e-01 5.5494e-01 7.0675e-01 2.0417e+01 2.3263e+01 1.6165e+01 2.5717e-01 -5.9975e+00 6.7742e+00 3.5028e+00 1.8098e+03
5.7746e-03 2.8225e+00 -1.5547e-01 6.0404e-01 7.6551e-01 2.1337e+01 2.4198e+01 1.6886e+01 2.8239e-01 -6.2483e+00 7.0939e+00 3.6726e+00 1.8151e+03
5.9094e-03 3.0459e+00 -1.6160e-01 6.5741e-01 8.2894e-01 2.2297e+01 2.5166e+01 1.7637e+01 3.1004e-01 -6.5081e+00 7.4286e+00 3.8507e+00 1.8201e+03
6.0473e-03 3.2860e+00 -1.6755e-01 7.1540e-01 8.9739e-01 2.3299e+01 2.6166e+01 1.8420e+01 3.4033e-01 -6.7772e+00 7.7792e+00 4.0375e+00 1.8250e+03
6.1885e-03 3.5439e+00 -1.7325e-01 7.7840e-01 9.7123e-01 2.4343e+01 2.7198e+01 1.9236e+01 3.7353e-01 -7.0559e+00 8.1462e+00 4.2335e+00 1.8297e+03
6.3329e-03 3.8207e+00 -1.7860e-01 8.4684e-01 1.0509e+00 2.5431e+01 2.8265e+01 2.0085e+01 4.0988e-01 -7.3443e+00 8.5306e+00 4.4391e+00 1.8343e+03
6.4807e-03 4.1178e+00 -1.8351e-01 9.2117e-01 1.1367e+00 2.6566e+01 2.9366e+01 2.0970e+01 4.4970e-01 -7.6426e+00 8.9330e+00 4.6547e+00 1.8387e+03
6.6320e-03 4.4365e+00 -1.8786e-01 1.0019e+00 1.2292e+00 2.7748e+01 3.0502e+01 2.1891e+01 4.9329e-01 -7.9510e+00 9.3544e+00 4.8809e+00 1.8429e+03
6.7868e-03 4.7781e+00 -1.9153e-01 1.0895e+00 1.3289e+00 2.8980e+01 3.1673e+01 2.2850e+01 5.4100e-01 -8.2697e+00 9.7957e+00 5.1182e+00 1.8470e+03
6.9452e-03 5.1442e+00 -1.9436e-01 1.1846e+00 1.4362e+00 3.0264e+01 3.2879e+01 2.3848e+01 5.9320e-01 -8.5988e+00 1.0258e+01 5.3671e+00 1.8510e+03
7.1073e-03 5.5364e+00 -1.9621e-01 1.2879e+00 1.5517e+00 3.1600e+01 3.4122e+01 2.4886e+01 6.5031e-01 -8.9384e+00 1.0741e+01 5.6282e+00 1.8548e+03
7.2732e-03 5.9563e+00 -1.9689e-01 1.3999e+00 1.6760e+00 3.2993e+01 3.5402e+01 2.5966e+01 7.1277e-01 -9.2887e+00 1.1248e+01 5.9020e+00 1.8585e+03
7.4429e-03 6.4056e+00 -1.9619e-01 1.5214e+00 1.8097e+00 3.4442e+01 3.6719e+01 2.7089e+01 7.8104e-01 -9.6499e+00 1.1778e+01 6.1893e+00 1.8620e+03
7.6166e-03 6.8862e+00 -1.9388e-01 1.6532e+00 1.9534e+00 3.5951e+01 3.8072e+01 2.8257e+01 8.5567e-01 -1.0022e+01 1.2334e+01 6.4907e+00 1.8654e+03
7.7944e-03 7.3999e+00 -1.8973e-01 1.7962e+00 2.1079e+00 3.7521e+01 3.9464e+01 2.9472e+01 9.3720e-01 -1.0405e+01 1.2915e+01 6.8068e+00 1.8687e+03
7.9763e-03 7.9488e+00 -1.8345e-01 1.9511e+00 2.2738e+00 3.9155e+01 4.0892e+01 3.0733e+01 1.0263e+00 -1.0799e+01 1.3524e+01 7.1384e+00 1.8719e+03
8.1625e-03 8.5350e+00 -1.7473e-01 2.1191e+00 2.4519e+00 4.0855e+01 4.2359e+01 3.2044e+01 1.1235e+00 -1.1203e+01 1.4161e+01 7.4863e+00 1.8749e+03
8.3530e-03 9.1606e+00 -1.6323e-01 2.3011e+00 2.6431e+00 4.2622e+01 4.3863e+01 3.3406e+01 1.2296e+00 -1.1619e+01 1.4829e+01 7.8511e+00 1.8778e+03
8.5480e-03 9.8280e+00 -1.4858e-01 2.4983e+00 2.8483e+00 4.4460e+01 4.5404e+01 3.4820e+01 1.3454e+00 -1.2046e+01 1.5527e+01 8.2338e+00 1.8806e+03
8.7475e-03 1.0539e+01 -1.3036e-01 2.7119e+00 3.0682e+00 4.6370e+01 4.6983e+01 3.6288e+01 1.4717e+00 -1.2483e+01 1.6259e+01 8.6351e+00 1.8832e+03
8.9517e-03 1.1298e+01 -1.0814e-01 2.9433e+00 3.3039e+00 4.8355e+01 4.8599e+01 3.7811e+01 1.6095e+00 -1.2931e+01 1.7025e+01 9.0560e+00 1.8858e+03
9.1606e-03 1.2105e+01 -8.1406e-02 3.1937e+00 3.5564e+00 5.0417e+01 5.0252e+01 3.9391e+01 1.7596e+00 -1.3389e+01 1.7826e+01 9.4975e+00 1.8882e+03
9.3744e-03 1.2964e+01 -4.9630e-02 3.4647e+00 3.8267e+00 5.2559e+01 5.1941e+01 4.1030e+01 1.9231e+00 -1.3857e+01 1.8666e+01 9.9604e+00 1.8905e+03
9.5932e-03 1.3878e+01 -1.2223e-02 3.7580e+00 4.1160e+00 5.4782e+01 5.3666e+01 4.2729e+01 2.1012e+00 -1.4335e+01 1.9544e+01 1.0446e+01 1.8928e+03
9.8171e-03 1.4849e+01 3.1456e-02 4.0752e+00 4.4255e+00 5.7090e+01 5.5426e+01 4.4490e+01 2.2950e+00 -1.4823e+01 2.0464e+01 1.0955e+01 1.8949e+03
1.0046e-02 1.5881e+01 8.2099e-02 4.4182e+00 4.7562e+00 5.9485e+01 5.7220e+01 4.6314e+01 2.5060e+00 -1.5320e+01 2.1426e+01 1.1488e+01 1.8969e+03
1.0281e-02 1.6976e+01 1.4046e-01 4.7891e+00 5.1097e+00 6.1969e+01 5.9048e+01 4.8204e+01 2.7354e+00 -1.5825e+01 2.2434e+01 1.2048e+01 1.8988e+03
1.0521e-02 1.8138e+01 2.0734e-01 5.1898e+00 5.4870e+00 6.4544e+01 6.0908e+01 5.0160e+01 2.9848e+00 -1.6338e+01 2.3489e+01 1.2634e+01 1.9006e+03
1.0766e-02 1.9369e+01 2.8363e-01 5.6229e+00 5.8898e+00 6.7214e+01 6.2799e+01 5.2185e+01 3.2558e+00 -1.6859e+01 2.4592e+01 1.3248e+01 1.9023e+03
1.1018e-02 2.0674e+01 3.7027e-01 6.0905e+00 6.3194e+00 6.9981e+01 6.4721e+01 5.4279e+01 3.5501e+00 -1.7386e+01 2.5747e+01 1.3892e+01 1.9040e+03
1.1275e-02 2.2055e+01 4.6827e-01 6.5954e+00 6.7772e+00 7.2847e+01 6.6671e+01 5.6445e+01 3.8697e+00 -1.7919e+01 2.6956e+01 1.4567e+01 1.9055e+03
1.1538e-02 2.3516e+01 5.7872e-01 7.1404e+00 7.2650e+00 7.5815e+01 6.8648e+01 5.8684e+01 4.2163e+00 -1.8457e+01 2.8221e+01 1.5274e+01 1.9070e+03
1.1807e-02 2.5061e+01 7.0279e-01 7.7283e+00 7.7844e+00 7.8886e+01 7.0651e+01 6.0997e+01 4.5923e+00 -1.8999e+01 2.9544e+01 1.6014e+01 1.9083e+03
1.2083e-02 2.6692e+01 8.4172e-01 8.3624e+00 8.3369e+00 8.2064e+01 7.2677e+01 6.3386e+01 4.9998e+00 -1.9544e+01 3.0929e+01 1.6789e+01 1.9096e+03
1.2365e-02 2.8414e+01 9.9685e-01 9.0459e+00 8.9244e+00 8.5352e+01 7.4726e+01 6.5853e+01 5.4413e+00 -2.0091e+01 3.2377e+01 1.7601e+01 1.9108e+03
1.2653e-02 3.0231e+01 1.1696e+00 9.7826e+00 9.5487e+00 8.8750e+01 7.6794e+01 6.8398e+01 5.9192e+00 -2.0638e+01 3.3892e+01 1.8451e+01 1.9119e+03
1.2949e-02 3.2144e+01 1.3614e+00 1.0576e+01 1.0212e+01 9.2262e+01 7.8880e+01 7.1023e+01 6.4363e+00 -2.1185e+01 3.5477e+01 1.9341e+01 1.9129e+03
1.3251e-02 3.4160e+01 1.5739e+00 1.1430e+01 1.0915e+01 9.5889e+01 8.0981e+01 7.3729e+01 6.9956e+00 -2.1729e+01 3.7134e+01 2.0272e+01 1.9138e+03
1.3560e-02 3.6280e+01 1.8087e+00 1.2350e+01 1.1661e+01 9.9634e+01 8.3096e+01 7.6518e+01 7.6000e+00 -2.2268e+01 3.8867e+01 2.1246e+01 1.9147e+03
1.3877e-02 3.8509e+01 2.0676e+00 1.3339e+01 1.2451e+01 1.0350e+02 8.5221e+01 7.9390e+01 8.2528e+00 -2.2803e+01 4.0679e+01 2.2264e+01 1.9155e+03
1.4201e-02 4.0850e+01 2.3525e+00 1.4403e+01 1.3288e+01 1.0749e+02 8.7354e+01 8.2347e+01 8.9574e+00 -2.3330e+01 4.2574e+01 2.3329e+01 1.9162e+03
1.4532e-02 4.3307e+01 2.6653e+00 1.5546e+01 1.4173e+01 1.1160e+02 8.9493e+01 8.5389e+01 9.7174e+00 -2.3847e+01 4.4554e+01 2.4442e+01 1.9168e+03
1.4871e-02 4.5883e+01 3.0080e+00 1.6773e+01 1.5108e+01 1.1583e+02 9.1635e+01 8.8517e+01 1.0537e+01 -2.4353e+01 4.6623e+01 2.5605e+01 1.9173e+03
1.5218e-02 4.8581e+01 3.3827e+00 1.8091e+01 1.6097e+01 1.2020e+02 9.3776e+01 9.1733e+01 1.1419e+01 -2.4845e+01 4.8786e+01 2.6820e+01 1.9178e+03
1.5573e-02 5.1405e+01 3.7916e+00 1.9506e+01 1.7140e+01 1.2469e+02 9.5915e+01 9.5036e+01 1.2369e+01 -2.5321e+01 5.1046e+01 2.8089e+01 1.9182e+03
1.5937e-02 5.4358e+01 4.2369e+00 2.1022e+01 1.8240e+01 1.2931e+02 9.8049e+01 9.8427e+01 1.3390e+01 -2.5779e+01 5.3406e+01 2.9414e+01 1.9185e+03
1.6309e-02 5.7442e+01 4.7210e+00 2.2648e+01 1.9400e+01 1.3407e+02 1.0017e+02 1.0191e+02 1.4489e+01 -2.6216e+01 5.5871e+01 3.0796e+01 1.9187e+03
1.6690e-02 6.0662e+01 5.2463e+00 2.4390e+01 2.0620e+01 1.3896e+02 1.0229e+02 1.0547e+02 1.5668e+01 -2.6629e+01 5.8445e+01 3.2237e+01 1.9189e+03
1.7079e-02 6.4018e+01 5.8151e+00 2.6255e+01 2.1904e+01 1.4398e+02 1.0439e+02 1.0913e+02 1.6934e+01 -2.7016e+01 6.1132e+01 3.3740e+01 1.9190e+03
1.7478e-02 6.7514e+01 6.4298e+00 2.8251e+01 2.3252e+01 1.4913e+02 1.0647e+02 1.1288e+02 1.8291e+01 -2.7374e+01 6.3938e+01 3.5306e+01 1.9190e+03
1.7886e-02 7.1152e+01 7.0930e+00 3.0385e+01 2.4668e+01 1.5442e+02 1.0853e+02 1.1671e+02 1.9746e+01 -2.7701e+01 6.6865e+01 3.6937e+01 1.9189e+03
1.8303e-02 7.4933e+01 7.8070e+00 3.2666e+01 2.6154e+01 1.5985e+02 1.1057e+02 1.2064e+02 2.1304e+01 -2.7993e+01 6.9919e+01 3.8635e+01 1.9188e+03
1.8730e-02 7.8860e+01 8.5743e+00 3.5102e+01 2.7709e+01 1.6541e+02 1.1258e+02 1.2465e+02 2.2969e+01 -2.8247e+01 7.3104e+01 4.0402e+01 1.9186e+03
1.9167e-02 8.2933e+01 9.3972e+00 3.7702e+01 2.9338e+01 1.7111e+02 1.1457e+02 1.2875e+02 2.4750e+01 -2.8460e+01 7.6426e+01 4.2239e+01 1.9183e+03
1.9615e-02 8.7155e+01 1.0278e+01 4.0475e+01 3.1041e+01 1.7694e+02 1.1653e+02 1.3294e+02 2.6650e+01 -2.8631e+01 7.9887e+01 4.4149e+01 1.9180e+03
2.0073e-02 9.1526e+01 1.1220e+01 4.3429e+01 3.2819e+01 1.8291e+02 1.1845e+02 1.3721e+02 2.8678e+01 -2.8754e+01 8.3495e+01 4.6132e+01 1.9175e+03
2.0541e-02 9.6046e+01 1.2223e+01 4.6575e+01 3.4675e+01 1.8901e+02 1.2034e+02 1.4157e+02 3.0838e+01 -2.8828e+01 8.7253e+01 4.8190e+01 1.9170e+03
2.1021e-02 1.0072e+02 1.3292e+01 4.9922e+01 3.6608e+01 1.9525e+02 1.2219e+02 1.4601e+02 3.3138e+01 -2.8849e+01 9.1165e+01 5.0326e+01 1.9164e+03
2.1511e-02 1.0554e+02 1.4427e+01 5.3480e+01 3.8621e+01 2.0162e+02 1.2400e+02 1.5054e+02 3.5584e+01 -2.8815e+01 9.5238e+01 5.2539e+01 1.9157e+03
2.2013e-02 1.1051e+02 1.5630e+01 5.7259e+01 4.0714e+01 2.0812e+02 1.2578e+02 1.5515e+02 3.8183e+01 -2.8723e+01 9.9476e+01 5.4832e+01 1.9150e+03
2.2527e-02 1.1563e+02 1.6903e+01 6.1268e+01 4.2887e+01 2.1475e+02 1.2751e+02 1.5984e+02 4.0940e+01 -2.8570e+01 1.0388e+02 5.7206e+01 1.9142e+03
2.3053e-02 1.2089e+02 1.8247e+01 6.5517e+01 4.5142e+01 2.2151e+02 1.2919e+02 1.6461e+02 4.3862e+01 -2.8354e+01 1.0846e+02 5.9661e+01 1.9133e+03
2.3591e-02 1.2631e+02 1.9664e+01 7.0017e+01 4.7478e+01 2.2840e+02 1.3083e+02 1.6945e+02 4.6955e+01 -2.8071e+01 1.1322e+02 6.2198e+01 1.9123e+03
2.4142e-02 1.3187e+02 2.1155e+01 7.4776e+01 4.9896e+01 2.3542e+02 1.3242e+02 1.7438e+02 5.0226e+01 -2.7720e+01 1.1817e+02 6.4819e+01 1.9112e+03
2.4705e-02 1.3758e+02 2.2720e+01 7.9806e+01 5.2396e+01 2.4255e+02 1.3397e+02 1.7937e+02 5.3682e+01 -2.7299e+01 1.2330e+02 6.7523e+01 1.9100e+03
2.5282e-02 1.4342e+02 2.4360e+01 8.5116e+01 5.4976e+01 2.4981e+02 1.3546e+02 1.8444e+02 5.7327e+01 -2.6805e+01 1.2862e+02 7.0312e+01 1.9088e+03
2.5872e-02 1.4941e+02 2.6074e+01 9.0715e+01 5.7637e+01 2.5719e+02 1.3691e+02 1.8958e+02 6.1169e+01 -2.6237e+01 1.3414e+02 7.3185e+01 1.9074e+03
2.6476e-02 1.5554e+02 2.7864e+01 9.6614e+01 6.0378e+01 2.6468e+02 1.3830e+02 1.9479e+02 6.5213e+01 -2.5594e+01 1.3986e+02 7.6142e+01 1.9060e+03
2.7094e-02 1.6181e+02 2.9728e+01 1.0282e+02 6.3198e+01 2.7228e+02 1.3964e+02 2.0007e+02 6.9465e+01 -2.4874e+01 1.4579e+02 7.9183e+01 1.9045e+03
2.7726e-02 1.6821e+02 3.1666e+01 1.0935e+02 6.6096e+01 2.8000e+02 1.4092e+02 2.0541e+02 7.3930e+01 -2.4076e+01 1.5193e+02 8.2309e+01 1.9028e+03
2.8373e-02 1.7474e+02 3.3676e+01 1.1620e+02 6.9069e+01 2.8782e+02 1.4216e+02 2.1081e+02 7.8614e+01 -2.3200e+01 1.5828e+02 8.5518e+01 1.9011e+03
2.9035e-02 1.8141e+02 3.5758e+01 1.2339e+02 7.2117e+01 2.9575e+02 1.4333e+02 2.1628e+02 8.3521e+01 -2.2245e+01 1.6485e+02 8.8809e+01 1.8993e+03
2.9713e-02 1.8821e+02 3.7908e+01 1.3092e+02 7.5238e+01 3.0378e+02 1.4445e+02 2.2181e+02 8.8656e+01 -2.1211e+01 1.7164e+02 9.2182e+01 1.8974e+03
3.0406e-02 1.9513e+02 4.0127e+01 1.3880e+02 7.8429e+01 3.1191e+02 1.4550e+02 2.2739e+02 9.4023e+01 -2.0099e+01 1.7865e+02 9.5636e+01 1.8953e+03
3.1116e-02 2.0219e+02 4.2410e+01 1.4704e+02 8.1688e+01 3.2013e+02 1.4649e+02 2.3303e+02 9.9625e+01 -1.8908e+01 1.8589e+02 9.9170e+01 1.8932e+03
3.1842e-02 2.0937e+02 4.4756e+01 1.5564e+02 8.5014e+01 3.2845e+02 1.4742e+02 2.3872e+02 1.0547e+02 -1.7639e+01 1.9336e+02 1.0278e+02 1.8910e+03
3.2586e-02 2.1667e+02 4.7162e+01 1.6460e+02 8.8405e+01 3.3685e+02 1.4828e+02 2.4446e+02 1.1155e+02 -1.6293e+01 2.0107e+02 1.0647e+02 1.8886e+03
3.3346e-02 2.2410e+02 4.9626e+01 1.7394e+02 9.1858e+01 3.4534e+02 1.4906e+02 2.5026e+02 1.1787e+02 -1.4870e+01 2.0900e+02 1.1024e+02 1.8861e+03
3.4124e-02 2.3166e+02 5.2144e+01 1.8364e+02 9.5371e+01 3.5392e+02 1.4977e+02 2.5610e+02 1.2445e+02 -1.3371e+01 2.1717e+02 1.1407e+02 1.8835e+03
3.4921e-02 2.3935e+02 5.4716e+01 1.9372e+02 9.8944e+01 3.6257e+02 1.5039e+02 2.6199e+02 1.3127e+02 -1.1797e+01 2.2558e+02 1.1799e+02 1.8808e+03
3.5736e-02 2.4717e+02 5.7339e+01 2.0418e+02 1.0257e+02 3.7130e+02 1.5092e+02 2.6792e+02 1.3834e+02 -1.0147e+01 2.3423e+02 1.2197e+02 1.8780e+03
3.6570e-02 2.5511e+02 6.0011e+01 2.1502e+02 1.0626e+02 3.8010e+02 1.5136e+02 2.7390e+02 1.4566e+02 -8.4209e+00 2.4312e+02 1.2603e+02 1.8750e+03
3.7424e-02 2.6319e+02 6.2730e+01 2.2624e+02 1.1000e+02 3.8897e+02 1.5169e+02 2.7992e+02 1.5324e+02 -6.6191e+00 2.5226e+02 1.3015e+02 1.8719e+03
3.8297e-02 2.7141e+02 6.5497e+01 2.3784e+02 1.1380e+02 3.9791e+02 1.5190e+02 2.8598e+02 1.6107e+02 -4.7400e+00 2.6164e+02 1.3435e+02 1.8686e+03
3.9191e-02 2.7976e+02 6.8310e+01 2.4982e+02 1.1766e+02 4.0691e+02 1.5199e+02 2.9208e+02 1.6917e+02 -2.7818e+00 2.7126e+02 1.3861e+02 1.8653e+03
4.0106e-02 2.8825e+02 7.1170e+01 2.6219e+02 1.2157e+02 4.1596e+02 1.5195e+02 2.9821e+02 1.7753e+02 -7.4175e-01 2.8113e+02 1.4295e+02 1.8617e+03
4.1042e-02 2.9689e+02 7.4080e+01 2.7493e+02 1.2554e+02 4.2507e+02 1.5176e+02 3.0437e+02 1.8616e+02 1.3836e+00 2.9126e+02 1.4735e+02 1.8581e+03
4.2000e-02 3.0567e+02 7.7041e+01 2.8806e+02 1.2958e+02 4.3423e+02 1.5142e+02 3.1057e+02 1.9506e+02 3.5991e+00 3.0164e+02 1.5183e+02 1.8543e+03
4.2980e-02 3.1460e+02 8.0058e+01 3.0158e+02 1.3367e+02 4.4343e+02 1.5090e+02 3.1678e+02 2.0424e+02 5.9105e+00 3.1227e+02 1.5638e+02 1.8503e+03
4.3983e-02 3.2368e+02 8.3135e+01 3.1548e+02 1.3784e+02 4.5267e+02 1.5021e+02 3.2302e+02 2.1370e+02 8.3252e+00 3.2315e+02 1.6100e+02 1.8461e+03
4.5010e-02 3.3292e+02 8.6279e+01 3.2978e+02 1.4207e+02 4.6194e+02 1.4932e+02 3.2927e+02 2.2346e+02 1.0852e+01 3.3430e+02 1.6571e+02 1.8419e+03
4.6060e-02 3.4231e+02 8.9498e+01 3.4446e+02 1.4639e+02 4.7124e+02 1.4824e+02 3.3554e+02 2.3352e+02 1.3501e+01 3.4571e+02 1.7049e+02 1.8374e+03
4.7135e-02 3.5185e+02 9.2802e+01 3.5955e+02 1.5079e+02 4.8055e+02 1.4693e+02 3.4180e+02 2.4388e+02 1.6283e+01 3.5738e+02 1.7536e+02 1.8328e+03
4.8235e-02 3.6154e+02 9.6199e+01 3.7505e+02 1.5529e+02 4.8988e+02 1.4540e+02 3.4807e+02 2.5458e+02 1.9212e+01 3.6932e+02 1.8032e+02 1.8280e+03
4.9361e-02 3.7137e+02 9.9703e+01 3.9096e+02 1.5988e+02 4.9921e+02 1.4364e+02 3.5432e+02 2.6561e+02 2.2302e+01 3.8153e+02 1.8537e+02 1.8230e+03
5.0513e-02 3.8135e+02 1.0332e+02 4.0732e+02 1.6458e+02 5.0852e+02 1.4164e+02 3.6055e+02 2.7700e+02 2.5567e+01 3.9402e+02 1.9052e+02 1.8178e+03
5.1692e-02 3.9146e+02 1.0708e+02 4.2411e+02 1.6939e+02 5.1782e+02 1.3939e+02 3.6676e+02 2.8875e+02 2.9024e+01 4.0680e+02 1.9577e+02 1.8124e+03
5.2899e-02 4.0169e+02 1.1098e+02 4.4138e+02 1.7433e+02 5.2709e+02 1.3690e+02 3.7292e+02 3.0090e+02 3.2690e+01 4.1986e+02 2.0113e+02 1.8069e+03
5.4134e-02 4.1204e+02 1.1503e+02 4.5913e+02 1.7939e+02 5.3631e+02 1.3416e+02 3.7902e+02 3.1345e+02 3.6579e+01 4.3321e+02 2.0660e+02 1.8012e+03
5.5397e-02 4.2247e+02 1.1926e+02 4.7739e+02 1.8459e+02 5.4547e+02 1.3117e+02 3.8506e+02 3.2642e+02 4.0709e+01 4.4686e+02 2.1219e+02 1.7952e+03
5.6690e-02 4.3298e+02 1.2367e+02 4.9618e+02 1.8993e+02 5.5456e+02 1.2795e+02 3.9101e+02 3.3983e+02 4.5093e+01 4.6081e+02 2.1790e+02 1.7891e+03
5.8013e-02 4.4354e+02 1.2827e+02 5.1552e+02 1.9540e+02 5.6355e+02 1.2451e+02 3.9687e+02 3.5370e+02 4.9744e+01 4.7506e+02 2.2372e+02 1.7827e+03
5.9367e-02 4.5412e+02 1.3307e+02 5.3544e+02 2.0102e+02 5.7244e+02 1.2086e+02 4.0262e+02 3.6804e+02 5.4673e+01 4.8961e+02 2.2966e+02 1.7761e+03
6.0753e-02 4.6470e+02 1.3807e+02 5.5595e+02 2.0678e+02 5.8119e+02 1.1701e+02 4.0824e+02 3.8286e+02 5.9887e+01 5.0447e+02 2.3571e+02 1.7693e+03
6.2171e-02 4.7525e+02 1.4328e+02 5.7708e+02 2.1266e+02 5.8980e+02 1.1299e+02 4.1372e+02 3.9817e+02 6.5389e+01 5.1962e+02 2.4188e+02 1.7623e+03
6.3622e-02 4.8573e+02 1.4870e+02 5.9884e+02 2.1867e+02 5.9824e+02 1.0882e+02 4.1903e+02 4.1397e+02 7.1177e+01 5.3506e+02 2.4814e+02 1.7550e+03
6.5107e-02 4.9611e+02 1.5431e+02 6.2124e+02 2.2478e+02 6.0650e+02 1.0454e+02 4.2417e+02 4.3026e+02 7.7244e+01 5.5080e+02 2.5449e+02 1.7475e+03
6.6627e-02 5.0635e+02 1.6010e+02 6.4429e+02 2.3099e+02 6.1455e+02 1.0016e+02 4.2911e+02 4.4704e+02 8.3576e+01 5.6680e+02 2.6092e+02 1.7398e+03
6.8182e-02 5.1642e+02 1.6606e+02 6.6798e+02 2.3726e+02 6.2237e+02 9.5730e+01 4.3385e+02 4.6427e+02 9.0153e+01 5.8306e+02 2.6740e+02 1.7318e+03
6.9773e-02 5.2628e+02 1.7216e+02 6.9230e+02 2.4358e+02 6.2995e+02 9.1267e+01 4.3837e+02 4.8194e+02 9.6950e+01 5.9956e+02 2.7391e+02 1.7236e+03
7.1402e-02 5.3589e+02 1.7837e+02 7.1721e+02 2.4990e+02 6.3727e+02 8.6806e+01 4.4266e+02 5.0001e+02 1.0393e+02 6.1627e+02 2.8043e+02 1.7151e+03
7.3068e-02 5.4523e+02 1.8466e+02 7.4269e+02 2.5620e+02 6.4431e+02 8.2378e+01 4.4671e+02 5.1845e+02 1.1106e+02 6.3316e+02 2.8693e+02 1.7064e+03
7.4773e-02 5.5426e+02 1.9099e+02 7.6870e+02 2.6244e+02 6.5105e+02 7.8009e+01 4.5051e+02 5.3721e+02 1.1829e+02 6.5023e+02 2.9338e+02 1.6974e+03
7.6519e-02 5.6296e+02 1.9730e+02 7.9520e+02 2.6857e+02 6.5749e+02 7.3721e+01 4.5407e+02 5.5626e+02 1.2557e+02 6.6744e+02 2.9975e+02 1.6882e+03
7.8305e-02 5.7129e+02 2.0356e+02 8.2209e+02 2.7455e+02 6.6361e+02 6.9531e+01 4.5738e+02 5.7552e+02 1.3284e+02 6.8475e+02 3.0599e+02 1.6787e+03
8.0132e-02 5.7926e+02 2.0970e+02 8.4930e+02 2.8034e+02 6.6941e+02 6.5449e+01 4.6044e+02 5.9492e+02 1.4005e+02 7.0211e+02 3.1207e+02 1.6690e+03
8.2003e-02 5.8685e+02 2.1568e+02 8.7671e+02 2.8588e+02 6.7488e+02 6.1477e+01 4.6327e+02 6.1439e+02 1.4713e+02 7.1949e+02 3.1797e+02 1.6590e+03
8.3917e-02 5.9405e+02 2.2146e+02 9.0421e+02 2.9116e+02 6.8002e+02 5.7609e+01 4.6586e+02 6.3386e+02 1.5405e+02 7.3684e+02 3.2364e+02 1.6487e+03
8.5875e-02 6.0087e+02 2.2698e+02 9.3169e+02 2.9613e+02 6.8483e+02 5.3834e+01 4.6823e+02 6.5327e+02 1.6076e+02 7.5413e+02 3.2908e+02 1.6382e+03
8.7880e-02 6.0732e+02 2.3223e+02 9.5905e+02 3.0078e+02 6.8931e+02 5.0129e+01 4.7040e+02 6.7256e+02 1.6722e+02 7.7132e+02 3.3425e+02 1.6275e+03
8.9931e-02 6.1341e+02 2.3716e+02 9.8617e+02 3.0508e+02 6.9347e+02 4.6468e+01 4.7238e+02 6.9168e+02 1.7340e+02 7.8838e+02 3.3916e+02 1.6164e+03
9.2030e-02 6.1917e+02 2.4179e+02 1.0130e+03 3.0905e+02 6.9732e+02 4.2818e+01 4.7419e+02 7.1060e+02 1.7931e+02 8.0529e+02 3.4380e+02 1.6052e+03
9.4178e-02 6.2462e+02 2.4610e+02 1.0394e+03 3.1270e+02 7.0087e+02 3.9146e+01 4.7583e+02 7.2931e+02 1.8495e+02 8.2205e+02 3.4817e+02 1.5937e+03
9.6376e-02 6.2977e+02 2.5012e+02 1.0653e+03 3.1604e+02 7.0411e+02 3.5416e+01 4.7733e+02 7.4782e+02 1.9035e+02 8.3866e+02 3.5231e+02 1.5820e+03
9.8625e-02 6.3466e+02 2.5388e+02 1.0908e+03 3.1912e+02 7.0706e+02 3.1593e+01 4.7868e+02 7.6615e+02 1.9555e+02 8.5513e+02 3.5624e+02 1.5700e+03
1.0093e-01 6.3930e+02 2.5742e+02 1.1159e+03 3.2198e+02 7.0973e+02 2.7649e+01 4.7991e+02 7.8435e+02 2.0059e+02 8.7148e+02 3.6000e+02 1.5579e+03
1.0328e-01 6.4372e+02 2.6080e+02 1.1405e+03 3.2468e+02 7.1212e+02 2.3564e+01 4.8100e+02 8.0247e+02 2.0556e+02 8.8775e+02 3.6363e+02 1.5455e+03
1.0569e-01 6.4791e+02 2.6408e+02 1.1649e+03 3.2728e+02 7.1423e+02 1.9325e+01 4.8196e+02 8.2061e+02 2.1053e+02 9.0397e+02 3.6718e+02 1.5328e+03
1.0816e-01 6.5188e+02 2.6733e+02 1.1890e+03 3.2984e+02 7.1605e+02 1.4933e+01 4.8277e+02 8.3882e+02 2.1557e+02 9.2018e+02 3.7070e+02 1.5200e+03
1.1068e-01 6.5563e+02 2.7062e+02 1.2130e+03 3.3243e+02 7.1758e+02 1.0402e+01 4.8343e+02 8.5721e+02 2.2075e+02 9.3643e+02 3.7423e+02 1.5070e+03
1.1327e-01 6.5914e+02 2.7400e+02 1.2370e+03 3.3508e+02 7.1882e+02 5.7582e+00 4.8391e+02 8.7583e+02 2.2614e+02 9.5276e+02 3.7781e+02 1.4937e+03
1.1591e-01 6.6239e+02 2.7751e+02 1.2611e+03 3.3784e+02 7.1975e+02 1.0408e+00 4.8419e+02 8.9475e+02 2.3176e+02 9.6918e+02 3.8145e+02 1.4802e+03
1.1862e-01 6.6536e+02 2.8118e+02 1.2855e+03 3.4071e+02 7.2036e+02 -3.7005e+00 4.8426e+02 9.1398e+02 2.3765e+02 9.8571e+02 3.8515e+02 1.4666e+03
1.2139e-01 6.6800e+02 2.8502e+02 1.3103e+03 3.4369e+02 7.2063e+02 -8.4097e+00 4.8408e+02 9.3353e+02 2.4378e+02 1.0023e+03 3.8891e+02 1.4527e+03
1.2422e-01 6.7030e+02 2.8898e+02 1.3354e+03 3.4674e+02 7.2056e+02 -1.3028e+01 4.8364e+02 9.5336e+02 2.5011e+02 1.0190e+03 3.9268e+02 1.4385e+03
1.2712e-01 6.7221e+02 2.9303e+02 1.3608e+03 3.4981e+02 7.2014e+02 -1.7497e+01 4.8292e+02 9.7338e+02 2.5657e+02 1.0358e+03 3.9641e+02 1.4242e+03
1.3009e-01 6.7372e+02 2.9709e+02 1.3865e+03 3.5282e+02 7.1935e+02 -2.1770e+01 4.8191e+02 9.9348e+02 2.6305e+02 1.0524e+03 4.0002e+02 1.4097e+03
1.3312e-01 6.7481e+02 3.0105e+02 1.4122e+03 3.5568e+02 7.1820e+02 -2.5809e+01 4.8061e+02 1.0135e+03 2.6943e+02 1.0689e+03 4.0344e+02 1.3949e+03
1.3623e-01 6.7548e+02 3.0483e+02 1.4379e+03 3.5828e+02 7.1669e+02 -2.9593e+01 4.7903e+02 1.0333e+03 2.7559e+02 1.0851e+03 4.0657e+02 1.3800e+03
1.3941e-01 6.7573e+02 3.0831e+02 1.4632e+03 3.6053e+02 7.1482e+02 -3.3119e+01 4.7718e+02 1.0526e+03 2.8140e+02 1.1009e+03 4.0934e+02 1.3648e+03
1.4266e-01 6.7557e+02 3.1141e+02 1.4879e+03 3.6236e+02 7.1263e+02 -3.6405e+01 4.7509e+02 1.0715e+03 2.8677e+02 1.1163e+03 4.1169e+02 1.3495e+03
1.4599e-01 6.7505e+02 3.1405e+02 1.5118e+03 3.6371e+02 7.1011e+02 -3.9483e+01 4.7278e+02 1.0896e+03 2.9161e+02 1.1311e+03 4.1355e+02 1.3339e+03
1.4940e-01 6.7419e+02 3.1621e+02 1.5347e+03 3.6456e+02 7.0729e+02 -4.2401e+01 4.7028e+02 1.1070e+03 2.9590e+02 1.1454e+03 4.1494e+02 1.3183e+03
1.5289e-01 6.7304e+02 3.1790e+02 1.5564e+03 3.6493e+02 7.0420e+02 -4.5213e+01 4.6763e+02 1.1236e+03 2.9965e+02 1.1590e+03 4.1587e+02 1.3024e+03
1.5645e-01 6.7163e+02 3.1915e+02 1.5770e+03 3.6487e+02 7.0086e+02 -4.7975e+01 4.6486e+02 1.1396e+03 3.0294e+02 1.1721e+03 4.1639e+02 1.2865e+03
1.6011e-01 6.6998e+02 3.2006e+02 1.5965e+03 3.6449e+02 6.9726e+02 -5.0732e+01 4.6197e+02 1.1549e+03 3.0586e+02 1.1847e+03 4.1660e+02 1.2704e+03
1.6384e-01 6.6812e+02 3.2074e+02 1.6149e+03 3.6391e+02 6.9344e+02 -5.3517e+01 4.5899e+02 1.1698e+03 3.0855e+02 1.1969e+03 4.1660e+02 1.2542e+03
1.6767e-01 6.6603e+02 3.2131e+02 1.6326e+03 3.6324e+02 6.8938e+02 -5.6340e+01 4.5591e+02 1.1845e+03 3.1113e+02 1.2089e+03 4.1649e+02 1.2380e+03
1.7158e-01 6.6371e+02 3.2189e+02 1.6498e+03 3.6259e+02 6.8509e+02 -5.9193e+01 4.5271e+02 1.1991e+03 3.1374e+02 1.2207e+03 4.1636e+02 1.2216e+03
1.7559e-01 6.6111e+02 3.2255e+02 1.6666e+03 3.6204e+02 6.8054e+02 -6.2042e+01 4.4938e+02 1.2137e+03 3.1644e+02 1.2326e+03 4.1627e+02 1.2051e+03
1.7968e-01 6.5821e+02 3.2333e+02 1.6833e+03 3.6161e+02 6.7573e+02 -6.4843e+01 4.4589e+02 1.2284e+03 3.1929e+02 1.2444e+03 4.1625e+02 1.1885e+03
1.8388e-01 6.5494e+02 3.2424e+02 1.7000e+03 3.6129e+02 6.7064e+02 -6.7538e+01 4.4222e+02 1.2431e+03 3.2224e+02 1.2561e+03 4.1628e+02 1.1719e+03
1.8817e-01 6.5129e+02 3.2518e+02 1.7165e+03 3.6100e+02 6.6527e+02 -7.0072e+01 4.3835e+02 1.2578e+03 3.2523e+02 1.2678e+03 4.1628e+02 1.1551e+03
1.9256e-01 6.4723e+02 3.2606e+02 1.7329e+03 3.6062e+02 6.5960e+02 -7.2403e+01 4.3426e+02 1.2722e+03 3.2811e+02 1.2792e+03 4.1614e+02 1.1383e+03
1.9706e-01 6.4275e+02 3.2672e+02 1.7488e+03 3.6000e+02 6.5366e+02 -7.4505e+01 4.2997e+02 1.2863e+03 3.3076e+02 1.2902e+03 4.1576e+02 1.1214e+03
2.0166e-01 6.3789e+02 3.2704e+02 1.7641e+03 3.5903e+02 6.4744e+02 -7.6378e+01 4.2550e+02 1.2996e+03 3.3302e+02 1.3006e+03 4.1502e+02 1.1044e+03
2.0636e-01 6.3269e+02 3.2691e+02 1.7784e+03 3.5760e+02 6.4099e+02 -7.8046e+01 4.2086e+02 1.3121e+03 3.3481e+02 1.3104e+03 4.1386e+02 1.0874e+03
2.1118e-01 6.2720e+02 3.2631e+02 1.7915e+03 3.5571e+02 6.3432e+02 -7.9548e+01 4.1610e+02 1.3237e+03 3.3609e+02 1.3193e+03 4.1225e+02 1.0704e+03
2.1611e-01 6.2151e+02 3.2526e+02 1.8035e+03 3.5339e+02 6.2748e+02 -8.0934e+01 4.1125e+02 1.3345e+03 3.3690e+02 1.3276e+03 4.1024e+02 1.0533e+03
2.2115e-01 6.1565e+02 3.2385e+02 1.8144e+03 3.5074e+02 6.2049e+02 -8.2249e+01 4.0634e+02 1.3446e+03 3.3732e+02 1.3353e+03 4.0790e+02 1.0362e+03
2.2631e-01 6.0969e+02 3.2223e+02 1.8242e+03 3.4791e+02 6.1336e+02 -8.3525e+01 4.0139e+02 1.3541e+03 3.3749e+02 1.3425e+03 4.0537e+02 1.0192e+03
2.3160e-01 6.0362e+02 3.2055e+02 1.8333e+03 3.4505e+02 6.0612e+02 -8.4775e+01 3.9640e+02 1.3632e+03 3.3754e+02 1.3494e+03 4.0275e+02 1.0022e+03
2.3700e-01 5.9745e+02 3.1892e+02 1.8418e+03 3.4228e+02 5.9875e+02 -8.5986e+01 3.9135e+02 1.3722e+03 3.3756e+02 1.3562e+03 4.0013e+02 9.8514e+02
2.4253e-01 5.9115e+02 3.1740e+02 1.8499e+03 3.3965e+02 5.9127e+02 -8.7130e+01 3.8624e+02 1.3811e+03 3.3760e+02 1.3628e+03 3.9756e+02 9.6813e+02
2.4819e-01 5.8469e+02 3.1597e+02 1.8575e+03 3.3712e+02 5.8365e+02 -8.8170e+01 3.8104e+02 1.3898e+03 3.3762e+02 1.3693e+03 3.9500e+02 9.5115e+02
2.5399e-01 5.7803e+02 3.1454e+02 1.8648e+03 3.3460e+02 5.7589e+02 -8.9070e+01 3.7574e+02 1.3982e+03 3.3755e+02 1.3756e+03 3.9237e+02 9.3420e+02
2.5991e-01 5.7114e+02 3.1297e+02 1.8714e+03 3.3194e+02 5.6799e+02 -8.9811e+01 3.7034e+02 1.4061e+03 3.3727e+02 1.3815e+03 3.8957e+02 9.1728e+02
2.6598e-01 5.6404e+02 3.1113e+02 1.8772e+03 3.2902e+02 5.5996e+02 -9.0395e+01 3.6485e+02 1.4133e+03 3.3668e+02 1.3867e+03 3.8650e+02 9.0042e+02
2.7219e-01 5.5674e+02 3.0896e+02 1.8820e+03 3.2578e+02 5.5181e+02 -9.0840e+01 3.5928e+02 1.4197e+03 3.3574e+02 1.3912e+03 3.8313e+02 8.8363e+02
2.7854e-01 5.4928e+02 3.0644e+02 1.8859e+03 3.2222e+02 5.4357e+02 -9.1179e+01 3.5368e+02 1.4254e+03 3.3445e+02 1.3951e+03 3.7946e+02 8.6691e+02
2.8504e-01 5.4168e+02 3.0365e+02 1.8888e+03 3.1842e+02 5.3524e+02 -9.1441e+01 3.4804e+02 1.4304e+03 3.3289e+02 1.3985e+03 3.7557e+02 8.5028e+02
2.9170e-01 5.3398e+02 3.0071e+02 1.8910e+03 3.1451e+02 5.2685e+02 -9.1648e+01 3.4240e+02 1.4349e+03 3.3113e+02 1.4014e+03 3.7156e+02 8.3375e+02
2.9850e-01 5.2620e+02 2.9775e+02 1.8925e+03 3.1061e+02 5.1840e+02 -9.1805e+01 3.3674e+02 1.4391e+03 3.2928e+02 1.4041e+03 3.6751e+02 8.1730e+02
3.0547e-01 5.1833e+02 2.9483e+02 1.8934e+03 3.0678e+02 5.0991e+02 -9.1900e+01 3.3107e+02 1.4431e+03 3.2738e+02 1.4066e+03 3.6347e+02 8.0096e+02
3.1260e-01 5.1039e+02 2.9195e+02 1.8938e+03 3.0301e+02 5.0137e+02 -9.1912e+01 3.2537e+02 1.4467e+03 3.2541e+02 1.4089e+03 3.5942e+02 7.8472e+02
3.1990e-01 5.0236e+02 2.8903e+02 1.8936e+03 2.9923e+02 4.9279e+02 -9.1823e+01 3.1965e+02 1.4500e+03 3.2331e+02 1.4109e+03 3.5530e+02 7.6858e+02
3.2736e-01 4.9427e+02 2.8599e+02 1.8927e+03 2.9535e+02 4.8417e+02 -9.1628e+01 3.1391e+02 1.4527e+03 3.2103e+02 1.4124e+03 3.5105e+02 7.5257e+02
3.3500e-01 4.8612e+02 2.8276e+02 1.8911e+03 2.9129e+02 4.7554e+02 -9.1337e+01 3.0815e+02 1.4548e+03 3.1853e+02 1.4133e+03 3.4662e+02 7.3669e+02
3.4282e-01 4.7793e+02 2.7933e+02 1.8887e+03 2.8706e+02 4.6690e+02 -9.0967e+01 3.0240e+02 1.4563e+03 3.1580e+02 1.4137e+03 3.4201e+02 7.2096e+02
3.5082e-01 4.6972e+02 2.7576e+02 1.8855e+03 2.8272e+02 4.5825e+02 -9.0534e+01 2.9667e+02 1.4572e+03 3.1289e+02 1.4137e+03 3.3728e+02 7.0536e+02
3.5901e-01 4.6148e+02 2.7212e+02 1.8817e+03 2.7835e+02 4.4962e+02 -9.0047e+01 2.9095e+02 1.4578e+03 3.0985e+02 1.4133e+03 3.3249e+02 6.8991e+02
3.6739e-01 4.5323e+02 2.6849e+02 1.8774e+03 2.7401e+02 4.4099e+02 -8.9511e+01 2.8526e+02 1.4580e+03 3.0674e+02 1.4127e+03 3.2769e+02 6.7461e+02
3.7597e-01 4.4494e+02 2.6486e+02 1.8726e+03 2.6970e+02 4.3238e+02 -8.8915e+01 2.7958e+02 1.4579e+03 3.0356e+02 1.4119e+03 3.2289e+02 6.5947e+02
3.8474e-01 4.3662e+02 2.6120e+02 1.8672e+03 2.6539e+02 4.2378e+02 -8.8252e+01 2.7391e+02 1.4574e+03 3.0028e+02 1.4107e+03 3.1805e+02 6.4448e+02
3.9372e-01 4.2829e+02 2.5746e+02 1.8613e+03 2.6102e+02 4.1520e+02 -8.7520e+01 2.6827e+02 1.4565e+03 2.9688e+02 1.4091e+03 3.1313e+02 6.2966e+02
4.0291e-01 4.1996e+02 2.5361e+02 1.8547e+03 2.5656e+02 4.0666e+02 -8.6725e+01 2.6265e+02 1.4550e+03 2.9333e+02 1.4071e+03 3.0812e+02 6.1502e+02
4.1232e-01 4.1165e+02 2.4967e+02 1.8476e+03 2.5204e+02 3.9816e+02 -8.5879e+01 2.5707e+02 1.4531e+03 2.8966e+02 1.4048e+03 3.0303e+02 6.0055e+02
4.2194e-01 4.0338e+02 2.4569e+02 1.8399e+03 2.4750e+02 3.8972e+02 -8.4992e+01 2.5154e+02 1.4508e+03 2.8589e+02 1.4021e+03 2.9791e+02 5.8627e+02
4.3179e-01 3.9515e+02 2.4170e+02 1.8318e+03 2.4299e+02 3.8133e+02 -8.4066e+01 2.4605e+02 1.4482e+03 2.8206e+02 1.3991e+03 2.9279e+02 5.7217e+02
4.4187e-01 3.8696e+02 2.3772e+02 1.8233e+03 2.3851e+02 3.7301e+02 -8.3097e+01 2.4061e+02 1.4453e+03 2.7817e+02 1.3959e+03 2.8766e+02 5.5825e+02
4.5218e-01 3.7880e+02 2.3373e+02 1.8144e+03 2.3404e+02 3.6474e+02 -8.2084e+01 2.3520e+02 1.4420e+03 2.7422e+02 1.3924e+03 2.8253e+02 5.4452e+02
4.6273e-01 3.7068e+02 2.2969e+02 1.8050e+03 2.2954e+02 3.5654e+02 -8.1028e+01 2.2985e+02 1.4384e+03 2.7019e+02 1.3885e+03 2.7736e+02 5.3100e+02
4.7353e-01 3.6261e+02 2.2561e+02 1.7952e+03 2.2502e+02 3.4841e+02 -7.9936e+01 2.2455e+02 1.4343e+03 2.6608e+02 1.3844e+03 2.7217e+02 5.1767e+02
4.8459e-01 3.5459e+02 2.2150e+02 1.7849e+03 2.2051e+02 3.4036e+02 -7.8815e+01 2.1931e+02 1.4299e+03 2.6192e+02 1.3799e+03 2.6697e+02 5.0454e+02
4.9590e-01 3.4664e+02 2.1740e+02 1.7744e+03 2.1602e+02 3.3240e+02 -7.7669e+01 2.1412e+02 1.4253e+03 2.5771e+02 1.3753e+03 2.6178e+02 4.9161e+02
5.0747e-01 3.3876e+02 2.1331e+02 1.7635e+03 2.1156e+02 3.2451e+02 -7.6497e+01 2.0900e+02 1.4203e+03 2.5347e+02 1.3703e+03 2.5661e+02 4.7890e+02
5.1931e-01 3.3095e+02 2.0922e+02 1.7523e+03 2.0713e+02 3.1672e+02 -7.5301e+01 2.0394e+02 1.4151e+03 2.4920e+02 1.3652e+03 2.5145e+02 4.6639e+02
5.3144e-01 3.2322e+02 2.0512e+02 1.7407e+03 2.0271e+02 3.0902e+02 -7.4082e+01 1.9894e+02 1.4095e+03 2.4489e+02 1.3597e+03 2.4630e+02 4.5409e+02
5.4384e-01 3.1556e+02 2.0102e+02 1.7289e+03 1.9831e+02 3.0142e+02 -7.2845e+01 1.9401e+02 1.4036e+03 2.4055e+02 1.3541e+03 2.4116e+02 4.4200e+02
5.5653e-01 3.0800e+02 1.9693e+02 1.7168e+03 1.9394e+02 2.9392e+02 -7.1594e+01 1.8914e+02 1.3975e+03 2.3620e+02 1.3482e+03 2.3606e+02 4.3012e+02
5.6952e-01 3.0052e+02 1.9287e+02 1.7045e+03 1.8961e+02 2.8652e+02 -7.0332e+01 1.8435e+02 1.3911e+03 2.3183e+02 1.3420e+03 2.3098e+02 4.1846e+02
5.8282e-01 2.9313e+02 1.8882e+02 1.6919e+03 1.8532e+02 2.7922e+02 -6.9059e+01 1.7963e+02 1.3845e+03 2.2746e+02 1.3357e+03 2.2594e+02 4.0702e+02
5.9642e-01 2.8583e+02 1.8479e+02 1.6791e+03 1.8106e+02 2.7203e+02 -6.7779e+01 1.7497e+02 1.3776e+03 2.2308e+02 1.3292e+03 2.2094e+02 3.9579e+02
6.1034e-01 2.7863e+02 1.8077e+02 1.6660e+03 1.7683e+02 2.6494e+02 -6.6494e+01 1.7039e+02 1.3706e+03 2.1870e+02 1.3225e+03 2.1597e+02 3.8478e+02
6.2458e-01 2.7153e+02 1.7679e+02 1.6528e+03 1.7266e+02 2.5797e+02 -6.5206e+01 1.6589e+02 1.3633e+03 2.1433e+02 1.3156e+03 2.1105e+02 3.7399e+02
6.3916e-01 2.6454e+02 1.7283e+02 1.6394e+03 1.6852e+02 2.5111e+02 -6.3917e+01 1.6146e+02 1.3558e+03 2.0997e+02 1.3085e+03 2.0617e+02 3.6341e+02
6.5408e-01 2.5765e+02 1.6891e+02 1.6258e+03 1.6444e+02 2.4437e+02 -6.2629e+01 1.5711e+02 1.3481e+03 2.0562e+02 1.3013e+03 2.0135e+02 3.5304e+02
6.6935e-01 2.5086e+02 1.6502e+02 1.6120e+03 1.6041e+02 2.3774e+02 -6.1342e+01 1.5283e+02 1.3402e+03 2.0130e+02 1.2939e+03 1.9658e+02 3.4289e+02
6.8497e-01 2.4419e+02 1.6117e+02 1.5981e+03 1.5643e+02 2.3122e+02 -6.0058e+01 1.4863e+02 1.3321e+03 1.9699e+02 1.2863e+03 1.9186e+02 3.3296e+02
7.0096e-01 2.3762e+02 1.5736e+02 1.5840e+03 1.5250e+02 2.2482e+02 -5.8778e+01 1.4450e+02 1.3238e+03 1.9271e+02 1.2786e+03 1.8720e+02 3.2323e+02
7.1732e-01 2.3116e+02 1.5360e+02 1.5697e+03 1.4863e+02 2.1854e+02 -5.7501e+01 1.4046e+02 1.3154e+03 1.8846e+02 1.2707e+03 1.8260e+02 3.1371e+02
7.3406e-01 2.2482e+02 1.4987e+02 1.5554e+03 1.4481e+02 2.1238e+02 -5.6230e+01 1.3649e+02 1.3067e+03 1.8423e+02 1.2627e+03 1.7805e+02 3.0440e+02
7.5119e-01 2.1858e+02 1.4618e+02 1.5408e+03 1.4105e+02 2.0633e+02 -5.4964e+01 1.3259e+02 1.2979e+03 1.8004e+02 1.2545e+03 1.7356e+02 2.9530e+02
7.6873e-01 2.1246e+02 1.4254e+02 1.5262e+03 1.3734e+02 2.0040e+02 -5.3705e+01 1.2878e+02 1.2890e+03 1.7587e+02 1.2462e+03 1.6913e+02 2.8640e+02
7.8667e-01 2.0646e+02 1.3895e+02 1.5114e+03 1.3369e+02 1.9460e+02 -5.2452e+01 1.2504e+02 1.2799e+03 1.7174e+02 1.2377e+03 1.6476e+02 2.7770e+02
8.0503e-01 2.0057e+02 1.3540e+02 1.4965e+03 1.3010e+02 1.8891e+02 -5.1206e+01 1.2138e+02 1.2706e+03 1.6764e+02 1.2291e+03 1.6045e+02 2.6921e+02
8.2382e-01 1.9479e+02 1.3191e+02 1.4816e+03 1.2657e+02 1.8334e+02 -4.9969e+01 1.1780e+02 1.2613e+03 1.6358e+02 1.2204e+03 1.5620e+02 2.6090e+02
8.4305e-01 1.8913e+02 1.2846e+02 1.4666e+03 1.2309e+02 1.7788e+02 -4.8741e+01 1.1430e+02 1.2518e+03 1.5957e+02 1.2116e+03 1.5201e+02 2.5280e+02
8.6272e-01 1.8359e+02 1.2506e+02 1.4515e+03 1.1968e+02 1.7255e+02 -4.7523e+01 1.1087e+02 1.2422e+03 1.5559e+02 1.2027e+03 1.4789e+02 2.4489e+02
8.8286e-01 1.7816e+02 1.2172e+02 1.4365e+03 1.1633e+02 1.6733e+02 -4.6316e+01 1.0752e+02 1.2325e+03 1.5166e+02 1.1937e+03 1.4384e+02 2.3716e+02
9.0347e-01 1.7285e+02 1.1843e+02 1.4214e+03 1.1304e+02 1.6223e+02 -4.5121e+01 1.0425e+02 1.2227e+03 1.4778e+02 1.1846e+03 1.3985e+02 2.2963e+02
9.2455e-01 1.6766e+02 1.1520e+02 1.4063e+03 1.0981e+02 1.5725e+02 -4.3939e+01 1.0105e+02 1.2128e+03 1.4395e+02 1.1754e+03 1.3594e+02 2.2229e+02
9.4613e-01 1.6257e+02 1.1202e+02 1.3912e+03 1.0665e+02 1.5239e+02 -4.2772e+01 9.7926e+01 1.2029e+03 1.4017e+02 1.1662e+03 1.3209e+02 2.1513e+02
9.6822e-01 1.5761e+02 1.0890e+02 1.3761e+03 1.0355e+02 1.4763e+02 -4.1622e+01 9.4878e+01 1.1929e+03 1.3645e+02 1.1569e+03 1.2832e+02 2.0816e+02
9.9081e-01 1.5276e+02 1.0583e+02 1.3611e+03 1.0051e+02 1.4300e+02 -4.0489e+01 9.1903e+01 1.1828e+03 1.3279e+02 1.1476e+03 1.2462e+02 2.0137e+02
1.0139e+00 1.4802e+02 1.0282e+02 1.3461e+03 9.7538e+01 1.3847e+02 -3.9374e+01 8.9001e+01 1.1727e+03 1.2919e+02 1.1382e+03 1.2100e+02 1.9477e+02
1.0376e+00 1.4339e+02 9.9874e+01 1.3311e+03 9.4628e+01 1.3406e+02 -3.8278e+01 8.6172e+01 1.1625e+03 1.2565e+02 1.1288e+03 1.1745e+02 1.8833e+02
1.0618e+00 1.3888e+02 9.6984e+01 1.3163e+03 9.1782e+01 1.2976e+02 -3.7203e+01 8.3414e+01 1.1523e+03 1.2217e+02 1.1193e+03 1.1398e+02 1.8208e+02
1.0866e+00 1.3447e+02 9.4152e+01 1.3014e+03 8.8999e+01 1.2557e+02 -3.6149e+01 8.0726e+01 1.1421e+03 1.1875e+02 1.1098e+03 1.1058e+02 1.7600e+02
1.1120e+00 1.3018e+02 9.1378e+01 1.2866e+03 8.6279e+01 1.2148e+02 -3.5116e+01 7.8108e+01 1.1318e+03 1.1540e+02 1.1002e+03 1.0726e+02 1.7009e+02
1.1379e+00 1.2599e+02 8.8662e+01 1.2718e+03 8.3621e+01 1.1750e+02 -3.4104e+01 7.5558e+01 1.1215e+03 1.1211e+02 1.0906e+03 1.0401e+02 1.6434e+02
1.1645e+00 1.2191e+02 8.6005e+01 1.2571e+03 8.1026e+01 1.1363e+02 -3.3113e+01 7.3075e+01 1.1112e+03 1.0889e+02 1.0810e+03 1.0084e+02 1.5876e+02
1.1917e+00 1.1793e+02 8.3406e+01 1.2425e+03 7.8491e+01 1.0986e+02 -3.2140e+01 7.0659e+01 1.1008e+03 1.0573e+02 1.0714e+03 9.7734e+01 1.5333e+02
1.2195e+00 1.1406e+02 8.0865e+01 1.2279e+03 7.6018e+01 1.0619e+02 -3.1188e+01 6.8308e+01 1.0905e+03 1.0263e+02 1.0617e+03 9.4703e+01 1.4806e+02
1.2479e+00 1.1029e+02 7.8382e+01 1.2134e+03 7.3606e+01 1.0262e+02 -3.0254e+01 6.6022e+01 1.0801e+03 9.9594e+01 1.0520e+03 9.1742e+01 1.4294e+02
1.2771e+00 1.0662e+02 7.5955e+01 1.1990e+03 7.1252e+01 9.9154e+01 -2.9339e+01 6.3799e+01 1.0697e+03 9.6619e+01 1.0423e+03 8.8851e+01 1.3797e+02
1.3069e+00 1.0305e+02 7.3585e+01 1.1846e+03 6.8958e+01 9.5782e+01 -2.8441e+01 6.1637e+01 1.0593e+03 9.3707e+01 1.0326e+03 8.6027e+01 1.3315e+02
1.3374e+00 9.9582e+01 7.1273e+01 1.1704e+03 6.6723e+01 9.2504e+01 -2.7561e+01 5.9537e+01 1.0489e+03 9.0856e+01 1.0229e+03 8.3272e+01 1.2846e+02
1.3686e+00 9.6207e+01 6.9015e+01 1.1562e+03 6.4544e+01 8.9319e+01 -2.6699e+01 5.7497e+01 1.0385e+03 8.8067e+01 1.0131e+03 8.0582e+01 1.2392e+02
1.4005e+00 9.2926e+01 6.6813e+01 1.1421e+03 6.2423e+01 8.6226e+01 -2.5855e+01 5.5515e+01 1.0281e+03 8.5339e+01 1.0034e+03 7.7961e+01 1.1951e+02
1.4332e+00 8.9738e+01 6.4665e+01 1.1281e+03 6.0357e+01 8.3224e+01 -2.5032e+01 5.3591e+01 1.0177e+03 8.2674e+01 9.9367e+02 7.5406e+01 1.1523e+02
1.4667e+00 8.6642e+01 6.2572e+01 1.1142e+03 5.8347e+01 8.0309e+01 -2.4227e+01 5.1723e+01 1.0073e+03 8.0073e+01 9.8396e+02 7.2918e+01 1.1109e+02
1.5009e+00 8.3634e+01 6.0534e+01 1.1005e+03 5.6392e+01 7.7481e+01 -2.3443e+01 4.9911e+01 9.9698e+02 7.7535e+01 9.7424e+02 7.0498e+01 1.0708e+02
1.5359e+00 8.0715e+01 5.8547e+01 1.0868e+03 5.4490e+01 7.4737e+01 -2.2680e+01 4.8152e+01 9.8664e+02 7.5060e+01 9.6452e+02 6.8143e+01 1.0319e+02
1.5718e+00 7.7881e+01 5.6613e+01 1.0732e+03 5.2641e+01 7.2076e+01 -2.1937e+01 4.6447e+01 9.7632e+02 7.2647e+01 9.5482e+02 6.5853e+01 9.9426e+01
1.6085e+00 7.5132e+01 5.4730e+01 1.0597e+03 5.0843e+01 6.9497e+01 -2.1214e+01 4.4793e+01 9.6603e+02 7.0294e+01 9.4513e+02 6.3627e+01 9.5784e+01
1.6460e+00 7.2465e+01 5.2898e+01 1.0464e+03 4.9096e+01 6.6996e+01 -2.0511e+01 4.3190e+01 9.5577e+02 6.8002e+01 9.3547e+02 6.1462e+01 9.2259e+01
1.6844e+00 6.9879e+01 5.1115e+01 1.0332e+03 4.7399e+01 6.4573e+01 -1.9826e+01 4.1637e+01 9.4555e+02 6.5768e+01 9.2583e+02 5.9359e+01 8.8848e+01
1.7237e+00 6.7372e+01 4.9382e+01 1.0200e+03 4.5752e+01 6.2226e+01 -1.9159e+01 4.0132e+01 9.3537e+02 6.3593e+01 9.1622e+02 5.7314e+01 8.5547e+01
1.7640e+00 6.4943e+01 4.7698e+01 1.0070e+03 4.4153e+01 5.9953e+01 -1.8509e+01 3.8674e+01 9.2521e+02 6.1475e+01 9.0662e+02 5.5328e+01 8.2353e+01
1.8051e+00 6.2589e+01 4.6060e+01 9.9410e+02 4.2600e+01 5.7752e+01 -1.7876e+01 3.7262e+01 9.1508e+02 5.9410e+01 8.9705e+02 5.3396e+01 7.9262e+01
1.8473e+00 6.0309e+01 4.4470e+01 9.8130e+02 4.1094e+01 5.5621e+01 -1.7259e+01 3.5895e+01 9.0500e+02 5.7402e+01 8.8750e+02 5.1521e+01 7.6273e+01
1.8904e+00 5.8100e+01 4.2925e+01 9.6862e+02 3.9633e+01 5.3559e+01 -1.6659e+01 3.4572e+01 8.9494e+02 5.5447e+01 8.7798e+02 4.9699e+01 7.3383e+01
1.9345e+00 5.5962e+01 4.1424e+01 9.5607e+02 3.8215e+01 5.1564e+01 -1.6075e+01 3.3292e+01 8.8495e+02 5.3546e+01 8.6850e+02 4.7932e+01 7.0591e+01
1.9797e+00 5.3893e+01 3.9968e+01 9.4365e+02 3.6842e+01 4.9634e+01 -1.5509e+01 3.2054e+01 8.7500e+02 5.1700e+01 8.5907e+02 4.6218e+01 6.7893e+01
2.0259e+00 5.1891e+01 3.8556e+01 9.3134e+02 3.5511e+01 4.7768e+01 -1.4961e+01 3.0857e+01 8.6510e+02 4.9908e+01 8.4966e+02 4.4559e+01 6.5289e+01
2.0732e+00 4.9954e+01 3.7185e+01 9.1915e+02 3.4222e+01 4.5964e+01 -1.4429e+01 2.9699e+01 8.5525e+02 4.8167e+01 8.4029e+02 4.2951e+01 6.2774e+01
2.1216e+00 4.8081e+01 3.5856e+01 9.0709e+02 3.2972e+01 4.4221e+01 -1.3915e+01 2.8579e+01 8.4546e+02 4.6478e+01 8.3098e+02 4.1393e+01 6.0347e+01
2.1711e+00 4.6270e+01 3.4568e+01 8.9514e+02 3.1763e+01 4.2536e+01 -1.3415e+01 2.7497e+01 8.3572e+02 4.4839e+01 8.2170e+02 3.9884e+01 5.8005e+01
2.2217e+00 4.4519e+01 3.3320e+01 8.8330e+02 3.0593e+01 4.0908e+01 -1.2931e+01 2.6452e+01 8.2602e+02 4.3248e+01 8.1245e+02 3.8422e+01 5.5743e+01
2.2736e+00 4.2827e+01 3.2110e+01 8.7159e+02 2.9459e+01 3.9336e+01 -1.2460e+01 2.5442e+01 8.1638e+02 4.1703e+01 8.0325e+02 3.7005e+01 5.3560e+01
2.3267e+00 4.1192e+01 3.0938e+01 8.6000e+02 2.8363e+01 3.7818e+01 -1.2002e+01 2.4466e+01 8.0680e+02 4.0205e+01 7.9410e+02 3.5633e+01 5.1452e+01
2.3810e+00 3.9613e+01 2.9804e+01 8.4852e+02 2.7302e+01 3.6352e+01 -1.1559e+01 2.3524e+01 7.9727e+02 3.8751e+01 7.8499e+02 3.4304e+01 4.9420e+01
2.4365e+00 3.8087e+01 2.8705e+01 8.3716e+02 2.6277e+01 3.4937e+01 -1.1130e+01 2.2615e+01 7.8780e+02 3.7344e+01 7.7592e+02 3.3020e+01 4.7461e+01
2.4934e+00 3.6614e+01 2.7642e+01 8.2593e+02 2.5285e+01 3.3572e+01 -1.0716e+01 2.1737e+01 7.7839e+02 3.5981e+01 7.6691e+02 3.1779e+01 4.5573e+01
2.5516e+00 3.5193e+01 2.6613e+01 8.1481e+02 2.4326e+01 3.2255e+01 -1.0317e+01 2.0890e+01 7.6904e+02 3.4662e+01 7.5795e+02 3.0579e+01 4.3754e+01
2.6112e+00 3.3821e+01 2.5618e+01 8.0380e+02 2.3400e+01 3.0984e+01 -9.9295e+00 2.0073e+01 7.5974e+02 3.3384e+01 7.4903e+02 2.9420e+01 4.2001e+01
2.6721e+00 3.2496e+01 2.4655e+01 7.9291e+02 2.2505e+01 2.9759e+01 -9.5544e+00 1.9285e+01 7.5051e+02 3.2147e+01 7.4016e+02 2.8298e+01 4.0311e+01
2.7345e+00 3.1219e+01 2.3724e+01 7.8213e+02 2.1640e+01 2.8577e+01 -9.1909e+00 1.8524e+01 7.4133e+02 3.0948e+01 7.3134e+02 2.7213e+01 3.8683e+01
2.7983e+00 2.9987e+01 2.2825e+01 7.7147e+02 2.0806e+01 2.7438e+01 -8.8393e+00 1.7791e+01 7.3222e+02 2.9788e+01 7.2258e+02 2.6165e+01 3.7114e+01
2.8636e+00 2.8799e+01 2.1955e+01 7.6092e+02 2.0000e+01 2.6341e+01 -8.4999e+00 1.7085e+01 7.2317e+02 2.8667e+01 7.1386e+02 2.5153e+01 3.5604e+01
2.9304e+00 2.7654e+01 2.1115e+01 7.5049e+02 1.9221e+01 2.5283e+01 -8.1725e+00 1.6403e+01 7.1419e+02 2.7583e+01 7.0520e+02 2.4177e+01 3.4151e+01
2.9988e+00 2.6550e+01 2.0304e+01 7.4017e+02 1.8471e+01 2.4264e+01 -7.8564e+00 1.5747e+01 7.0526e+02 2.6535e+01 6.9660e+02 2.3235e+01 3.2753e+01
3.0688e+00 2.5486e+01 1.9520e+01 7.2996e+02 1.7746e+01 2.3283e+01 -7.5509e+00 1.5115e+01 6.9640e+02 2.5522e+01 6.8804e+02 2.2325e+01 3.1407e+01
3.1405e+00 2.4461e+01 1.8763e+01 7.1986e+02 1.7047e+01 2.2337e+01 -7.2557e+00 1.4506e+01 6.8761e+02 2.4543e+01 6.7955e+02 2.1447e+01 3.0111e+01
3.2138e+00 2.3474e+01 1.8033e+01 7.0987e+02 1.6373e+01 2.1427e+01 -6.9706e+00 1.3919e+01 6.7888e+02 2.3597e+01 6.7111e+02 2.0600e+01 2.8865e+01
3.2888e+00 2.2523e+01 1.7328e+01 6.9999e+02 1.5723e+01 2.0552e+01 -6.6956e+00 1.3354e+01 6.7022e+02 2.2684e+01 6.6272e+02 1.9783e+01 2.7666e+01
3.3655e+00 2.1607e+01 1.6648e+01 6.9021e+02 1.5097e+01 1.9708e+01 -6.4304e+00 1.2810e+01 6.6161e+02 2.1803e+01 6.5439e+02 1.8996e+01 2.6514e+01
3.4441e+00 2.0726e+01 1.5992e+01 6.8054e+02 1.4493e+01 1.8897e+01 -6.1747e+00 1.2287e+01 6.5307e+02 2.0952e+01 6.4611e+02 1.8237e+01 2.5406e+01
3.5245e+00 1.9877e+01 1.5359e+01 6.7097e+02 1.3911e+01 1.8117e+01 -5.9281e+00 1.1783e+01 6.4459e+02 2.0130e+01 6.3789e+02 1.7505e+01 2.4340e+01
3.6067e+00 1.9061e+01 1.4749e+01 6.6152e+02 1.3350e+01 1.7366e+01 -5.6903e+00 1.1298e+01 6.3619e+02 1.9337e+01 6.2974e+02 1.6800e+01 2.3316e+01
3.6909e+00 1.8275e+01 1.4161e+01 6.5216e+02 1.2810e+01 1.6644e+01 -5.4611e+00 1.0832e+01 6.2785e+02 1.8572e+01 6.2164e+02 1.6121e+01 2.2333e+01
3.7771e+00 1.7520e+01 1.3594e+01 6.4291e+02 1.2290e+01 1.5950e+01 -5.2403e+00 1.0384e+01 6.1959e+02 1.7835e+01 6.1361e+02 1.5466e+01 2.1387e+01
3.8652e+00 1.6793e+01 1.3048e+01 6.3377e+02 1.1790e+01 1.5283e+01 -5.0275e+00 9.9526e+00 6.1138e+02 1.7124e+01 6.0563e+02 1.4837e+01 2.0479e+01
3.9554e+00 1.6094e+01 1.2522e+01 6.2472e+02 1.1308e+01 1.4641e+01 -4.8227e+00 9.5379e+00 6.0324e+02 1.6439e+01 5.9770e+02 1.4230e+01 1.9607e+01
4.0478e+00 1.5422e+01 1.2015e+01 6.1576e+02 1.0844e+01 1.4025e+01 -4.6253e+00 9.1393e+00 5.9516e+02 1.5778e+01 5.8983e+02 1.3646e+01 1.8769e+01
4.1422e+00 1.4775e+01 1.1527e+01 6.0690e+02 1.0397e+01 1.3432e+01 -4.4354e+00 8.7562e+00 5.8715e+02 1.5142e+01 5.8202e+02 1.3084e+01 1.7965e+01
4.2389e+00 1.4155e+01 1.1057e+01 5.9815e+02 9.9681e+00 1.2863e+01 -4.2525e+00 8.3880e+00 5.7920e+02 1.4529e+01 5.7427e+02 1.2544e+01 1.7193e+01
4.3379e+00 1.3558e+01 1.0605e+01 5.8947e+02 9.5551e+00 1.2316e+01 -4.0765e+00 8.0342e+00 5.7131e+02 1.3938e+01 5.6657e+02 1.2024e+01 1.6452e+01
4.4391e+00 1.2984e+01 1.0169e+01 5.8090e+02 9.1577e+00 1.1791e+01 -3.9072e+00 7.6943e+00 5.6349e+02 1.3369e+01 5.5893e+02 1.1523e+01 1.5741e+01
4.5427e+00 1.2434e+01 9.7503e+00 5.7243e+02 8.7757e+00 1.1287e+01 -3.7444e+00 7.3679e+00 5.5574e+02 1.2822e+01 5.5136e+02 1.1042e+01 1.5059e+01
4.6487e+00 1.1905e+01 9.3474e+00 5.6405e+02 8.4086e+00 1.0803e+01 -3.5877e+00 7.0544e+00 5.4806e+02 1.2295e+01 5.4385e+02 1.0580e+01 1.4405e+01
4.7572e+00 1.1397e+01 8.9597e+00 5.5575e+02 8.0556e+00 1.0339e+01 -3.4371e+00 6.7534e+00 5.4042e+02 1.1788e+01 5.3638e+02 1.0135e+01 1.3777e+01
4.8683e+00 1.0909e+01 8.5868e+00 5.4755e+02 7.7163e+00 9.8930e+00 -3.2924e+00 6.4644e+00 5.3287e+02 1.1300e+01 5.2898e+02 9.7079e+00 1.3175e+01
4.9819e+00 1.0441e+01 8.2284e+00 5.3942e+02 7.3905e+00 9.4652e+00 -3.1532e+00 6.1869e+00 5.2536e+02 1.0831e+01 5.2163e+02 9.2973e+00 1.2597e+01
5.0982e+00 9.9914e+00 7.8837e+00 5.3140e+02 7.0772e+00 9.0547e+00 -3.0195e+00 5.9207e+00 5.1793e+02 1.0379e+01 5.1435e+02 8.9027e+00 1.2044e+01
5.2172e+00 9.5602e+00 7.5524e+00 5.2345e+02 6.7764e+00 8.6610e+00 -2.8910e+00 5.6652e+00 5.1055e+02 9.9452e+00 5.0711e+02 8.5237e+00 1.1513e+01
5.3389e+00 9.1464e+00 7.2341e+00 5.1559e+02 6.4875e+00 8.2833e+00 -2.7676e+00 5.4200e+00 5.0324e+02 9.5279e+00 4.9994e+02 8.1597e+00 1.1004e+01
5.4636e+00 8.7494e+00 6.9280e+00 5.0782e+02 6.2100e+00 7.9212e+00 -2.6490e+00 5.1849e+00 4.9600e+02 9.1265e+00 4.9283e+02 7.8100e+00 1.0517e+01
5.5911e+00 8.3686e+00 6.6342e+00 5.0014e+02 5.9437e+00 7.5739e+00 -2.5352e+00 4.9593e+00 4.8882e+02 8.7410e+00 4.8578e+02 7.4745e+00 1.0050e+01
5.7216e+00 8.0034e+00 6.3520e+00 4.9253e+02 5.6881e+00 7.2410e+00 -2.4260e+00 4.7430e+00 4.8170e+02 8.3707e+00 4.7879e+02 7.1525e+00 9.6024e+00
5.8551e+00 7.6532e+00 6.0810e+00 4.8500e+02 5.4429e+00 6.9219e+00 -2.3211e+00 4.5356e+00 4.7464e+02 8.0149e+00 4.7185e+02 6.8435e+00 9.1738e+00
5.9918e+00 7.3174e+00 5.8208e+00 4.7756e+02 5.2074e+00 6.6161e+00 -2.2204e+00 4.3367e+00 4.6765e+02 7.6731e+00 4.6497e+02 6.5468e+00 8.7634e+00
6.1316e+00 6.9955e+00 5.5709e+00 4.7019e+02 4.9816e+00 6.3230e+00 -2.1238e+00 4.1461e+00 4.6071e+02 7.3449e+00 4.5813e+02 6.2623e+00 8.3703e+00
6.2747e+00 6.6870e+00 5.3311e+00 4.6290e+02 4.7650e+00 6.0422e+00 -2.0312e+00 3.9634e+00 4.5383e+02 7.0298e+00 4.5136e+02 5.9893e+00 7.9939e+00
6.4212e+00 6.3913e+00 5.1009e+00 4.5569e+02 4.5571e+00 5.7733e+00 -1.9423e+00 3.7883e+00 4.4702e+02 6.7271e+00 4.4465e+02 5.7274e+00 7.6336e+00
6.5711e+00 6.1080e+00 4.8801e+00 4.4855e+02 4.3578e+00 5.5156e+00 -1.8571e+00 3.6205e+00 4.4026e+02 6.4368e+00 4.3799e+02 5.4763e+00 7.2887e+00
6.7244e+00 5.8366e+00 4.6683e+00 4.4149e+02 4.1668e+00 5.2688e+00 -1.7754e+00 3.4598e+00 4.3357e+02 6.1581e+00 4.3139e+02 5.2356e+00 6.9586e+00
6.8814e+00 5.5765e+00 4.4650e+00 4.3450e+02 3.9836e+00 5.0325e+00 -1.6970e+00 3.3058e+00 4.2693e+02 5.8907e+00 4.2484e+02 5.0048e+00 6.6427e+00
7.0420e+00 5.3275e+00 4.2701e+00 4.2759e+02 3.8080e+00 4.8063e+00 -1.6219e+00 3.1583e+00 4.2035e+02 5.6342e+00 4.1835e+02 4.7837e+00 6.3404e+00
7.2064e+00 5.0890e+00 4.0831e+00 4.2075e+02 3.6397e+00 4.5897e+00 -1.5499e+00 3.0171e+00 4.1383e+02 5.3881e+00 4.1191e+02 4.5716e+00 6.0512e+00
7.3745e+00 4.8606e+00 3.9040e+00 4.1398e+02 3.4785e+00 4.3824e+00 -1.4809e+00 2.8818e+00 4.0737e+02 5.1522e+00 4.0553e+02 4.3686e+00 5.7746e+00
7.5467e+00 4.6420e+00 3.7322e+00 4.0728e+02 3.3240e+00 4.1840e+00 -1.4149e+00 2.7524e+00 4.0096e+02 4.9259e+00 3.9920e+02 4.1740e+00 5.5101e+00
7.7228e+00 4.4327e+00 3.5674e+00 4.0065e+02 3.1759e+00 3.9941e+00 -1.3516e+00 2.6284e+00 3.9461e+02 4.7089e+00 3.9293e+02 3.9875e+00 5.2571e+00
7.9031e+00 4.2323e+00 3.4096e+00 3.9409e+02 3.0342e+00 3.8125e+00 -1.2909e+00 2.5098e+00 3.8832e+02 4.5009e+00 3.8671e+02 3.8089e+00 5.0151e+00
8.0875e+00 4.0406e+00 3.2584e+00 3.8760e+02 2.8984e+00 3.6387e+00 -1.2329e+00 2.3962e+00 3.8209e+02 4.3017e+00 3.8055e+02 3.6380e+00 4.7838e+00
8.2763e+00 3.8572e+00 3.1135e+00 3.8117e+02 2.7684e+00 3.4725e+00 -1.1773e+00 2.2876e+00 3.7591e+02 4.1107e+00 3.7444e+02 3.4742e+00 4.5627e+00
8.4695e+00 3.6817e+00 2.9747e+00 3.7481e+02 2.6439e+00 3.3135e+00 -1.1240e+00 2.1837e+00 3.6979e+02 3.9277e+00 3.6838e+02 3.3175e+00 4.3514e+00
8.6671e+00 3.5138e+00 2.8418e+00 3.6852e+02 2.5248e+00 3.1614e+00 -1.0731e+00 2.0842e+00 3.6373e+02 3.7524e+00 3.6238e+02 3.1675e+00 4.1494e+00
8.8694e+00 3.3532e+00 2.7145e+00 3.6230e+02 2.4107e+00 3.0161e+00 -1.0243e+00 1.9891e+00 3.5772e+02 3.5845e+00 3.5643e+02 3.0239e+00 3.9564e+00
9.0764e+00 3.1996e+00 2.5926e+00 3.5613e+02 2.3015e+00 2.8771e+00 -9.7768e-01 1.8981e+00 3.5177e+02 3.4237e+00 3.5053e+02 2.8865e+00 3.7720e+00
9.2883e+00 3.0527e+00 2.4759e+00 3.5003e+02 2.1971e+00 2.7442e+00 -9.3304e-01 1.8111e+00 3.4587e+02 3.2697e+00 3.4469e+02 2.7550e+00 3.5958e+00
9.5051e+00 2.9122e+00 2.3642e+00 3.4400e+02 2.0971e+00 2.6172e+00 -8.9034e-01 1.7279e+00 3.4002e+02 3.1223e+00 3.3889e+02 2.6292e+00 3.4275e+00
9.7269e+00 2.7780e+00 2.2573e+00 3.3803e+02 2.0015e+00 2.4958e+00 -8.4949e-01 1.6484e+00 3.3423e+02 2.9812e+00 3.3315e+02 2.5089e+00 3.2667e+00
9.9540e+00 2.6496e+00 2.1550e+00 3.3211e+02 1.9101e+00 2.3798e+00 -8.1042e-01 1.5724e+00 3.2849e+02 2.8462e+00 3.2746e+02 2.3939e+00 3.1132e+00
1.0186e+01 2.5270e+00 2.0570e+00 3.2627e+02 1.8226e+00 2.2690e+00 -7.7307e-01 1.4997e+00 3.2282e+02 2.7169e+00 3.2183e+02 2.2838e+00 2.9666e+00
1.0424e+01 2.4097e+00 1.9634e+00 3.2048e+02 1.7390e+00 2.1631e+00 -7.3736e-01 1.4303e+00 3.1719e+02 2.5933e+00 3.1625e+02 2.1786e+00 2.8266e+00
1.0667e+01 2.2977e+00 1.8739e+00 3.1474e+02 1.6591e+00 2.0620e+00 -7.0321e-01 1.3639e+00 3.1160e+02 2.4750e+00 3.1070e+02 2.0781e+00 2.6930e+00
1.0916e+01 2.1907e+00 1.7880e+00 3.0909e+02 1.5825e+00 1.9654e+00 -6.7058e-01 1.3005e+00 3.0609e+02 2.3617e+00 3.0523e+02 1.9819e+00 2.5654e+00
1.1171e+01 2.0884e+00 1.7060e+00 3.0347e+02 1.5093e+00 1.8731e+00 -6.3938e-01 1.2399e+00 3.0061e+02 2.2533e+00 2.9979e+02 1.8898e+00 2.4437e+00
1.1432e+01 1.9908e+00 1.6277e+00 2.9794e+02 1.4396e+00 1.7851e+00 -6.0958e-01 1.1820e+00 2.9521e+02 2.1500e+00 2.9443e+02 1.8022e+00 2.3275e+00
1.1699e+01 1.8975e+00 1.5527e+00 2.9245e+02 1.3728e+00 1.7009e+00 -5.8111e-01 1.1267e+00 2.8985e+02 2.0509e+00 2.8910e+02 1.7182e+00 2.2166e+00
1.1972e+01 1.8084e+00 1.4811e+00 2.8700e+02 1.3089e+00 1.6206e+00 -5.5390e-01 1.0739e+00 2.8452e+02 1.9562e+00 2.8381e+02 1.6380e+00 2.1108e+00
1.2251e+01 1.7233e+00 1.4127e+00 2.8163e+02 1.2481e+00 1.5440e+00 -5.2791e-01 1.0235e+00 2.7927e+02 1.8659e+00 2.7858e+02 1.5615e+00 2.0099e+00
1.2537e+01 1.6421e+00 1.3470e+00 2.7631e+02 1.1896e+00 1.4708e+00 -5.0309e-01 9.7533e-01 2.7407e+02 1.7792e+00 2.7341e+02 1.4881e+00 1.9136e+00
1.2830e+01 1.5645e+00 1.2847e+00 2.7106e+02 1.1342e+00 1.4010e+00 -4.7939e-01 9.2936e-01 2.6892e+02 1.6967e+00 2.6830e+02 1.4184e+00 1.8218e+00
1.3129e+01 1.4905e+00 1.2248e+00 2.6586e+02 1.0810e+00 1.3343e+00 -4.5676e-01 8.8548e-01 2.6382e+02 1.6177e+00 2.6322e+02 1.3516e+00 1.7342e+00
1.3436e+01 1.4198e+00 1.1678e+00 2.6069e+02 1.0303e+00 1.2707e+00 -4.3514e-01 8.4358e-01 2.5875e+02 1.5423e+00 2.5818e+02 1.2880e+00 1.6506e+00
1.3749e+01 1.3524e+00 1.1132e+00 2.5562e+02 9.8183e-01 1.2101e+00 -4.1452e-01 8.0360e-01 2.5377e+02 1.4702e+00 2.5323e+02 1.2271e+00 1.5710e+00
1.4070e+01 1.2881e+00 1.0610e+00 2.5059e+02 9.3543e-01 1.1522e+00 -3.9483e-01 7.6545e-01 2.4883e+02 1.4011e+00 2.4831e+02 1.1689e+00 1.4950e+00
1.4398e+01 1.2267e+00 1.0114e+00 2.4562e+02 8.9143e-01 1.0970e+00 -3.7604e-01 7.2904e-01 2.4394e+02 1.3356e+00 2.4344e+02 1.1137e+00 1.4227e+00
1.4735e+01 1.1681e+00 9.6378e-01 2.4070e+02 8.4920e-01 1.0443e+00 -3.5810e-01 6.9429e-01 2.3910e+02 1.2727e+00 2.3862e+02 1.0607e+00 1.3536e+00
1.5078e+01 1.1122e+00 9.1832e-01 2.3583e+02 8.0888e-01 9.9411e-01 -3.4099e-01 6.6115e-01 2.3431e+02 1.2126e+00 2.3385e+02 1.0101e+00 1.2879e+00
1.5430e+01 1.0589e+00 8.7500e-01 2.3103e+02 7.7048e-01 9.4622e-01 -3.2467e-01 6.2953e-01 2.2958e+02 1.1554e+00 2.2915e+02 9.6192e-01 1.2252e+00
1.5791e+01 1.0081e+00 8.3369e-01 2.2628e+02 7.3388e-01 9.0057e-01 -3.0910e-01 5.9938e-01 2.2490e+02 1.1008e+00 2.2449e+02 9.1601e-01 1.1654e+00
1.6159e+01 9.5961e-01 7.9421e-01 2.2158e+02 6.9890e-01 8.5704e-01 -2.9424e-01 5.7061e-01 2.2026e+02 1.0486e+00 2.1987e+02 8.7217e-01 1.1085e+00
1.6536e+01 9.1338e-01 7.5651e-01 2.1694e+02 6.6553e-01 8.1554e-01 -2.8008e-01 5.4318e-01 2.1569e+02 9.9875e-01 2.1532e+02 8.3032e-01 1.0543e+00
1.6922e+01 8.6930e-01 7.2052e-01 2.1237e+02 6.3367e-01 7.7599e-01 -2.6657e-01 5.1702e-01 2.1118e+02 9.5119e-01 2.1082e+02 7.9039e-01 1.0026e+00
1.7317e+01 8.2728e-01 6.8619e-01 2.0784e+02 6.0328e-01 7.3829e-01 -2.5369e-01 4.9208e-01 2.0671e+02 9.0581e-01 2.0637e+02 7.5233e-01 9.5341e-01
1.7721e+01 7.8722e-01 6.5344e-01 2.0336e+02 5.7431e-01 7.0236e-01 -2.4140e-01 4.6831e-01 2.0228e+02 8.6252e-01 2.0196e+02 7.1604e-01 9.0654e-01
1.8135e+01 7.4904e-01 6.2224e-01 1.9896e+02 5.4674e-01 6.6813e-01 -2.2970e-01 4.4564e-01 1.9793e+02 8.2129e-01 1.9762e+02 6.8150e-01 8.6189e-01
1.8558e+01 7.1265e-01 5.9240e-01 1.9460e+02 5.2036e-01 6.3551e-01 -2.1854e-01 4.2404e-01 1.9363e+02 7.8185e-01 1.9333e+02 6.4846e-01 8.1938e-01
1.8991e+01 6.7797e-01 5.6403e-01 1.9031e+02 4.9529e-01 6.0443e-01 -2.0790e-01 4.0345e-01 1.8938e+02 7.4434e-01 1.8910e+02 6.1708e-01 7.7890e-01
1.9435e+01 6.4492e-01 5.3694e-01 1.8607e+02 4.7137e-01 5.7482e-01 -1.9777e-01 3.8382e-01 1.8518e+02 7.0855e-01 1.8492e+02 5.8714e-01 7.4036e-01
1.9888e+01 6.1343e-01 5.1106e-01 1.8189e+02 4.4852e-01 5.4662e-01 -1.8811e-01 3.6512e-01 1.8105e+02 6.7435e-01 1.8080e+02 5.5854e-01 7.0366e-01
2.0352e+01 5.8343e-01 4.8642e-01 1.7776e+02 4.2678e-01 5.1976e-01 -1.7890e-01 3.4730e-01 1.7696e+02 6.4179e-01 1.7672e+02 5.3133e-01 6.6873e-01
2.0828e+01 5.5485e-01 4.6291e-01 1.7370e+02 4.0603e-01 4.9418e-01 -1.7013e-01 3.3033e-01 1.7294e+02 6.1072e-01 1.7271e+02 5.0538e-01 6.3548e-01
2.1314e+01 5.2763e-01 4.4051e-01 1.6969e+02 3.8628e-01 4.6981e-01 -1.6178e-01 3.1416e-01 1.6897e+02 5.8113e-01 1.6875e+02 4.8068e-01 6.0383e-01
2.1811e+01 5.0170e-01 4.1916e-01 1.6575e+02 3.6744e-01 4.4662e-01 -1.5383e-01 2.9875e-01 1.6506e+02 5.5290e-01 1.6486e+02 4.5714e-01 5.7372e-01
2.2320e+01 4.7700e-01 3.9881e-01 1.6187e+02 3.4951e-01 4.2453e-01 -1.4625e-01 2.8408e-01 1.6122e+02 5.2602e-01 1.6102e+02 4.3472e-01 5.4506e-01
2.2841e+01 4.5349e-01 3.7941e-01 1.5804e+02 3.3242e-01 4.0350e-01 -1.3903e-01 2.7010e-01 1.5742e+02 5.0040e-01 1.5723e+02 4.1336e-01 5.1779e-01
2.3374e+01 4.3110e-01 3.6091e-01 1.5428e+02 3.1612e-01 3.8349e-01 -1.3216e-01 2.5680e-01 1.5369e+02 4.7596e-01 1.5351e+02 3.9300e-01 4.9184e-01
2.3920e+01 4.0977e-01 3.4333e-01 1.5057e+02 3.0065e-01 3.6443e-01 -1.2562e-01 2.4412e-01 1.5001e+02 4.5273e-01 1.4984e+02 3.7367e-01 4.6716e-01
2.4478e+01 3.8948e-01 3.2649e-01 1.4693e+02 2.8582e-01 3.4630e-01 -1.1939e-01 2.3206e-01 1.4640e+02 4.3049e-01 1.4624e+02 3.5515e-01 4.4368e-01
2.5049e+01 3.7016e-01 3.1053e-01 1.4335e+02 2.7177e-01 3.2904e-01 -1.1346e-01 2.2057e-01 1.4285e+02 4.0940e-01 1.4269e+02 3.3761e-01 4.2135e-01
2.5634e+01 3.5177e-01 2.9532e-01 1.3983e+02 2.5840e-01 3.1262e-01 -1.0782e-01 2.0964e-01 1.3935e+02 3.8931e-01 1.3920e+02 3.2092e-01 4.0011e-01
2.6232e+01 3.3426e-01 2.8080e-01 1.3637e+02 2.4562e-01 2.9699e-01 -1.0244e-01 1.9923e-01 1.3591e+02 3.7013e-01 1.3577e+02 3.0498e-01 3.7991e-01
2.6845e+01 3.1761e-01 2.6699e-01 1.3297e+02 2.3348e-01 2.8213e-01 -9.7333e-02 1.8932e-01 1.3253e+02 3.5189e-01 1.3240e+02 2.8983e-01 3.6070e-01
2.7471e+01 3.0176e-01 2.5381e-01 1.2964e+02 2.2189e-01 2.6798e-01 -9.2470e-02 1.7989e-01 1.2923e+02 3.3449e-01 1.2910e+02 2.7538e-01 3.4244e-01
2.8112e+01 2.8667e-01 2.4132e-01 1.2637e+02 2.1093e-01 2.5453e-01 -8.7842e-02 1.7092e-01 1.2597e+02 3.1800e-01 1.2585e+02 2.6170e-01 3.2507e-01
2.8769e+01 2.7232e-01 2.2935e-01 1.2315e+02 2.0041e-01 2.4173e-01 -8.3438e-02 1.6238e-01 1.2278e+02 3.0220e-01 1.2266e+02 2.4859e-01 3.0856e-01
2.9440e+01 2.5867e-01 2.1802e-01 1.1999e+02 1.9047e-01 2.2956e-01 -7.9249e-02 1.5426e-01 1.1964e+02 2.8724e-01 1.1953e+02 2.3620e-01 2.9287e-01
3.0127e+01 2.4568e-01 2.0720e-01 1.1691e+02 1.8097e-01 2.1798e-01 -7.5264e-02 1.4653e-01 1.1657e+02 2.7296e-01 1.1647e+02 2.2436e-01 2.7795e-01
3.0830e+01 2.3333e-01 1.9691e-01 1.1387e+02 1.7193e-01 2.0697e-01 -7.1473e-02 1.3918e-01 1.1355e+02 2.5937e-01 1.1345e+02 2.1310e-01 2.6377e-01
3.1550e+01 2.2158e-01 1.8711e-01 1.1090e+02 1.6333e-01 1.9650e-01 -6.7869e-02 1.3218e-01 1.1060e+02 2.4644e-01 1.1050e+02 2.0240e-01 2.5029e-01
3.2286e+01 2.1040e-01 1.7780e-01 1.0800e+02 1.5517e-01 1.8655e-01 -6.4441e-02 1.2553e-01 1.0771e+02 2.3416e-01 1.0762e+02 1.9224e-01 2.3749e-01
3.3040e+01 1.9978e-01 1.6892e-01 1.0515e+02 1.4739e-01 1.7708e-01 -6.1181e-02 1.1920e-01 1.0488e+02 2.2244e-01 1.0479e+02 1.8255e-01 2.2532e-01
3.3811e+01 1.8967e-01 1.6050e-01 1.0236e+02 1.4000e-01 1.6809e-01 -5.8081e-02 1.1318e-01 1.0210e+02 2.1133e-01 1.0202e+02 1.7336e-01 2.1376e-01
3.4600e+01 1.8006e-01 1.5245e-01 9.9634e+01 1.3295e-01 1.5953e-01 -5.5134e-02 1.0746e-01 9.9389e+01 2.0071e-01 9.9311e+01 1.6459e-01 2.0277e-01
3.5408e+01 1.7093e-01 1.4481e-01 9.6963e+01 1.2625e-01 1.5141e-01 -5.2333e-02 1.0202e-01 9.6730e+01 1.9063e-01 9.6657e+01 1.5626e-01 1.9234e-01
3.6234e+01 1.6224e-01 1.3755e-01 9.4349e+01 1.1990e-01 1.4368e-01 -4.9669e-02 9.6848e-02 9.4128e+01 1.8106e-01 9.4058e+01 1.4836e-01 1.8242e-01
3.7080e+01 1.5399e-01 1.3062e-01 9.1796e+01 1.1383e-01 1.3634e-01 -4.7138e-02 9.1930e-02 9.1586e+01 1.7192e-01 9.1520e+01 1.4081e-01 1.7301e-01
3.7945e+01 1.4614e-01 1.2406e-01 8.9297e+01 1.0809e-01 1.2936e-01 -4.4733e-02 8.7255e-02 8.9098e+01 1.6327e-01 8.9035e+01 1.3368e-01 1.6407e-01
3.8831e+01 1.3868e-01 1.1780e-01 8.6850e+01 1.0261e-01 1.2273e-01 -4.2447e-02 8.2810e-02 8.6661e+01 1.5502e-01 8.6601e+01 1.2687e-01 1.5557e-01
3.9737e+01 1.3160e-01 1.1186e-01 8.4459e+01 9.7412e-02 1.1643e-01 -4.0274e-02 7.8586e-02 8.4280e+01 1.4718e-01 8.4223e+01 1.2041e-01 1.4751e-01
4.0665e+01 1.2486e-01 1.0620e-01 8.2117e+01 9.2461e-02 1.1045e-01 -3.8209e-02 7.4572e-02 8.1948e+01 1.3972e-01 8.1893e+01 1.1426e-01 1.3985e-01
4.1614e+01 1.1846e-01 1.0082e-01 7.9830e+01 8.7759e-02 1.0476e-01 -3.6248e-02 7.0756e-02 7.9669e+01 1.3263e-01 7.9618e+01 1.0843e-01 1.3258e-01
4.2585e+01 1.1238e-01 9.5709e-02 7.7595e+01 8.3291e-02 9.9361e-02 -3.4385e-02 6.7131e-02 7.7442e+01 1.2590e-01 7.7393e+01 1.0288e-01 1.2567e-01
4.3579e+01 1.0660e-01 9.0846e-02 7.5404e+01 7.9040e-02 9.4231e-02 -3.2615e-02 6.3686e-02 7.5259e+01 1.1949e-01 7.5212e+01 9.7606e-02 1.1912e-01
4.4596e+01 1.0112e-01 8.6222e-02 7.3266e+01 7.5000e-02 8.9359e-02 -3.0934e-02 6.0413e-02 7.3128e+01 1.1340e-01 7.3084e+01 9.2594e-02 1.1290e-01
4.5637e+01 9.5902e-02 8.1836e-02 7.1169e+01 7.1169e-02 8.4732e-02 -2.9336e-02 5.7304e-02 7.1039e+01 1.0762e-01 7.0996e+01 8.7844e-02 1.0699e-01
4.6702e+01 9.0950e-02 7.7663e-02 6.9119e+01 6.7525e-02 8.0338e-02 -2.7820e-02 5.4350e-02 6.8995e+01 1.0212e-01 6.8955e+01 8.3326e-02 1.0139e-01
4.7792e+01 8.6246e-02 7.3696e-02 6.7109e+01 6.4061e-02 7.6166e-02 -2.6379e-02 5.1544e-02 6.6992e+01 9.6896e-02 6.6954e+01 7.9034e-02 9.6070e-02
4.8908e+01 8.1779e-02 6.9924e-02 6.5143e+01 6.0769e-02 7.2204e-02 -2.5011e-02 4.8878e-02 6.5032e+01 9.1929e-02 6.4996e+01 7.4955e-02 9.1022e-02
5.0049e+01 7.7537e-02 6.6341e-02 6.3217e+01 5.7642e-02 6.8443e-02 -2.3713e-02 4.6347e-02 6.3112e+01 8.7211e-02 6.3078e+01 7.1081e-02 8.6232e-02
5.1218e+01 7.3509e-02 6.2934e-02 6.1329e+01 5.4669e-02 6.4872e-02 -2.2480e-02 4.3943e-02 6.1229e+01 8.2725e-02 6.1197e+01 6.7399e-02 8.1687e-02
5.2413e+01 6.9685e-02 5.9700e-02 5.9482e+01 5.1848e-02 6.1483e-02 -2.1309e-02 4.1660e-02 5.9388e+01 7.8468e-02 5.9357e+01 6.3907e-02 7.7375e-02
5.3636e+01 6.6053e-02 5.6632e-02 5.7670e+01 4.9173e-02 5.8265e-02 -2.0198e-02 3.9492e-02 5.7581e+01 7.4430e-02 5.7551e+01 6.0597e-02 7.3285e-02
5.4888e+01 6.2606e-02 5.3715e-02 5.5894e+01 4.6630e-02 5.5211e-02 -1.9143e-02 3.7434e-02 5.5810e+01 7.0591e-02 5.5782e+01 5.7450e-02 6.9404e-02
5.6169e+01 5.9333e-02 5.0938e-02 5.4153e+01 4.4210e-02 5.2313e-02 -1.8142e-02 3.5480e-02 5.4072e+01 6.6938e-02 5.4046e+01 5.4456e-02 6.5723e-02
5.7480e+01 5.6227e-02 4.8306e-02 5.2447e+01 4.1917e-02 4.9562e-02 -1.7191e-02 3.3625e-02 5.2371e+01 6.3475e-02 5.2346e+01 5.1620e-02 6.2231e-02
5.8822e+01 5.3278e-02 4.5806e-02 5.0775e+01 3.9738e-02 4.6952e-02 -1.6289e-02 3.1864e-02 5.0702e+01 6.0186e-02 5.0679e+01 4.8927e-02 5.8920e-02
6.0195e+01 5.0480e-02 4.3429e-02 4.9135e+01 3.7668e-02 4.4475e-02 -1.5434e-02 3.0192e-02 4.9067e+01 5.7059e-02 4.9044e+01 4.6367e-02 5.5780e-02
6.1600e+01 4.7824e-02 4.1176e-02 4.7531e+01 3.5706e-02 4.2125e-02 -1.4621e-02 2.8606e-02 4.7466e+01 5.4096e-02 4.7445e+01 4.3944e-02 5.2802e-02
6.3038e+01 4.5304e-02 3.9033e-02 4.5961e+01 3.3841e-02 3.9896e-02 -1.3851e-02 2.7100e-02 4.5900e+01 5.1278e-02 4.5879e+01 4.1639e-02 4.9978e-02
6.4509e+01 4.2913e-02 3.6999e-02 4.4425e+01 3.2070e-02 3.7781e-02 -1.3120e-02 2.5671e-02 4.4366e+01 4.8604e-02 4.4347e+01 3.9452e-02 4.7301e-02
6.6014e+01 4.0644e-02 3.5070e-02 4.2924e+01 3.0392e-02 3.5775e-02 -1.2426e-02 2.4315e-02 4.2869e+01 4.6068e-02 4.2850e+01 3.7380e-02 4.4763e-02
6.7555e+01 3.8492e-02 3.3239e-02 4.1457e+01 2.8799e-02 3.3872e-02 -1.1769e-02 2.3029e-02 4.1405e+01 4.3662e-02 4.1387e+01 3.5415e-02 4.2357e-02
6.9132e+01 3.6449e-02 3.1499e-02 4.0024e+01 2.7286e-02 3.2067e-02 -1.1144e-02 2.1808e-02 3.9974e+01 4.1375e-02 3.9958e+01 3.3547e-02 4.0076e-02
7.0746e+01 3.4512e-02 2.9852e-02 3.8630e+01 2.5854e-02 3.0356e-02 -1.0553e-02 2.0650e-02 3.8583e+01 3.9211e-02 3.8568e+01 3.1782e-02 3.7914e-02
7.2397e+01 3.2675e-02 2.8282e-02 3.7270e+01 2.4488e-02 2.8732e-02 -9.9911e-03 1.9551e-02 3.7226e+01 3.7148e-02 3.7211e+01 3.0097e-02 3.5865e-02
7.4087e+01 3.0932e-02 2.6794e-02 3.5950e+01 2.3195e-02 2.7193e-02 -9.4588e-03 1.8509e-02 3.5908e+01 3.5193e-02 3.5894e+01 2.8502e-02 3.3924e-02
7.5816e+01 2.9280e-02 2.5384e-02 3.4667e+01 2.1970e-02 2.5734e-02 -8.9540e-03 1.7521e-02 3.4627e+01 3.3342e-02 3.4614e+01 2.6993e-02 3.2084e-02
7.7585e+01 2.7712e-02 2.4044e-02 3.3424e+01 2.0806e-02 2.4351e-02 -8.4754e-03 1.6584e-02 3.3386e+01 3.1581e-02 3.3374e+01 2.5558e-02 3.0341e-02
7.9396e+01 2.6226e-02 2.2776e-02 3.2220e+01 1.9704e-02 2.3039e-02 -8.0216e-03 1.5695e-02 3.2184e+01 2.9916e-02 3.2172e+01 2.4201e-02 2.8689e-02
8.1249e+01 2.4817e-02 2.1571e-02 3.1056e+01 1.8658e-02 2.1796e-02 -7.5913e-03 1.4852e-02 3.1022e+01 2.8333e-02 3.1011e+01 2.2912e-02 2.7124e-02
8.3146e+01 2.3481e-02 2.0427e-02 2.9931e+01 1.7664e-02 2.0617e-02 -7.1834e-03 1.4053e-02 2.9900e+01 2.6831e-02 2.9889e+01 2.1689e-02 2.5642e-02
8.5086e+01 2.2215e-02 1.9342e-02 2.8847e+01 1.6723e-02 1.9500e-02 -6.7967e-03 1.3295e-02 2.8817e+01 2.5408e-02 2.8807e+01 2.0530e-02 2.4237e-02
8.7072e+01 2.1014e-02 1.8314e-02 2.7802e+01 1.5831e-02 1.8442e-02 -6.4303e-03 1.2577e-02 2.7773e+01 2.4058e-02 2.7764e+01 1.9432e-02 2.2907e-02
8.9105e+01 1.9877e-02 1.7339e-02 2.6793e+01 1.4984e-02 1.7439e-02 -6.0829e-03 1.1896e-02 2.6766e+01 2.2778e-02 2.6757e+01 1.8391e-02 2.1648e-02
9.1184e+01 1.8798e-02 1.6413e-02 2.5821e+01 1.4182e-02 1.6488e-02 -5.7537e-03 1.1251e-02 2.5796e+01 2.1564e-02 2.5787e+01 1.7404e-02 2.0455e-02
9.3313e+01 1.7776e-02 1.5535e-02 2.4884e+01 1.3420e-02 1.5588e-02 -5.4417e-03 1.0639e-02 2.4860e+01 2.0411e-02 2.4852e+01 1.6466e-02 1.9326e-02
9.5490e+01 1.6807e-02 1.4704e-02 2.3980e+01 1.2699e-02 1.4734e-02 -5.1461e-03 1.0059e-02 2.3957e+01 1.9320e-02 2.3949e+01 1.5580e-02 1.8256e-02
9.7719e+01 1.5890e-02 1.3915e-02 2.3107e+01 1.2015e-02 1.3926e-02 -4.8660e-03 9.5101e-03 2.3086e+01 1.8285e-02 2.3078e+01 1.4739e-02 1.7244e-02
1.0000e+02 1.5020e-02 1.3167e-02 2.2261e+01 1.1367e-02 1.3161e-02 -4.6007e-03 8.9895e-03 2.2241e+01 1.7304e-02 2.2234e+01 1.3943e-02 1.6285e-02
