1.0000e-03 4.6511e-04 -9.9043e-05 1.7713e-04 1.6893e-04 1.0549e-01 2.1100e-01 8.4531e-02 4.6052e-05 -5.1648e-02 5.1878e-02 2.2442e-02 2.2909e+02
1.0233e-03 5.0841e-04 -1.0790e-04 1.9387e-04 1.8482e-04 1.1080e-01 2.2156e-01 8.8780e-02 5.0644e-05 -5.4243e-02 5.4495e-02 2.3772e-02 2.3406e+02
1.0472e-03 5.5570e-04 -1.1753e-04 2.1218e-04 2.0220e-04 1.1636e-01 2.3262e-01 9.3229e-02 5.5699e-05 -5.6958e-02 5.7234e-02 2.5141e-02 2.3902e+02
1.0717e-03 6.0735e-04 -1.2800e-04 2.3222e-04 2.2119e-04 1.2218e-01 2.4420e-01 9.7888e-02 6.1264e-05 -5.9802e-02 6.0104e-02 2.6551e-02 2.4400e+02
1.0967e-03 6.6374e-04 -1.3939e-04 2.5413e-04 2.4195e-04 1.2827e-01 2.5632e-01 1.0277e-01 6.7391e-05 -6.2780e-02 6.3111e-02 2.8004e-02 2.4905e+02
1.1223e-03 7.2532e-04 -1.5175e-04 2.7810e-04 2.6465e-04 1.3466e-01 2.6901e-01 1.0788e-01 7.4136e-05 -6.5901e-02 6.6264e-02 2.9506e-02 2.5418e+02
1.1485e-03 7.9254e-04 -1.6519e-04 3.0432e-04 2.8945e-04 1.4136e-01 2.8232e-01 1.1325e-01 8.1561e-05 -6.9172e-02 6.9569e-02 3.1064e-02 2.5945e+02
1.1753e-03 8.6593e-04 -1.7979e-04 3.3300e-04 3.1656e-04 1.4839e-01 2.9626e-01 1.1887e-01 8.9735e-05 -7.2601e-02 7.3036e-02 3.2688e-02 2.6487e+02
1.2027e-03 9.4604e-04 -1.9564e-04 3.6436e-04 3.4618e-04 1.5575e-01 3.1087e-01 1.2476e-01 9.8732e-05 -7.6195e-02 7.6672e-02 3.4390e-02 2.7046e+02
1.2308e-03 1.0335e-03 -2.1286e-04 3.9866e-04 3.7855e-04 1.6347e-01 3.2618e-01 1.3094e-01 1.0864e-04 -7.9963e-02 8.0485e-02 3.6184e-02 2.7623e+02
1.2595e-03 1.1289e-03 -2.3154e-04 4.3617e-04 4.1392e-04 1.7157e-01 3.4223e-01 1.3742e-01 1.1954e-04 -8.3913e-02 8.4484e-02 3.8084e-02 2.8216e+02
1.2889e-03 1.2330e-03 -2.5182e-04 4.7718e-04 4.5256e-04 1.8006e-01 3.5903e-01 1.4421e-01 1.3153e-04 -8.8051e-02 8.8677e-02 4.0105e-02 2.8822e+02
1.3190e-03 1.3466e-03 -2.7382e-04 5.2203e-04 4.9478e-04 1.8895e-01 3.7662e-01 1.5133e-01 1.4474e-04 -9.2385e-02 9.3070e-02 4.2261e-02 2.9439e+02
1.3498e-03 1.4705e-03 -2.9769e-04 5.7107e-04 5.4090e-04 1.9826e-01 3.9503e-01 1.5878e-01 1.5928e-04 -9.6922e-02 9.7673e-02 4.4562e-02 3.0060e+02
1.3813e-03 1.6057e-03 -3.2357e-04 6.2468e-04 5.9128e-04 2.0800e-01 4.1429e-01 1.6657e-01 1.7528e-04 -1.0167e-01 1.0249e-01 4.7015e-02 3.0679e+02
1.4135e-03 1.7532e-03 -3.5162e-04 6.8329e-04 6.4630e-04 2.1820e-01 4.3442e-01 1.7473e-01 1.9289e-04 -1.0664e-01 1.0754e-01 4.9623e-02 3.1292e+02
1.4465e-03 1.9140e-03 -3.8203e-04 7.4736e-04 7.0639e-04 2.2887e-01 4.5546e-01 1.8327e-01 2.1228e-04 -1.1183e-01 1.1282e-01 5.2384e-02 3.1891e+02
1.4803e-03 2.0894e-03 -4.1498e-04 8.1741e-04 7.7201e-04 2.4003e-01 4.7745e-01 1.9219e-01 2.3363e-04 -1.1726e-01 1.1834e-01 5.5292e-02 3.2474e+02
1.5148e-03 2.2806e-03 -4.5067e-04 8.9396e-04 8.4365e-04 2.5170e-01 5.0041e-01 2.0152e-01 2.5714e-04 -1.2293e-01 1.2411e-01 5.8342e-02 3.3038e+02
1.5502e-03 2.4890e-03 -4.8932e-04 9.7764e-04 9.2187e-04 2.6390e-01 5.2441e-01 2.1128e-01 2.8303e-04 -1.2886e-01 1.3016e-01 6.1522e-02 3.3582e+02
1.5864e-03 2.7163e-03 -5.3116e-04 1.0691e-03 1.0073e-03 2.7666e-01 5.4947e-01 2.2148e-01 3.1153e-04 -1.3506e-01 1.3648e-01 6.4824e-02 3.4107e+02
1.6234e-03 2.9639e-03 -5.7643e-04 1.1691e-03 1.1005e-03 2.9001e-01 5.7566e-01 2.3215e-01 3.4291e-04 -1.4154e-01 1.4309e-01 6.8241e-02 3.4618e+02
1.6613e-03 3.2338e-03 -6.2542e-04 1.2783e-03 1.2022e-03 3.0398e-01 6.0304e-01 2.4332e-01 3.7747e-04 -1.4832e-01 1.5002e-01 7.1775e-02 3.5119e+02
1.7000e-03 3.5280e-03 -6.7840e-04 1.3976e-03 1.3132e-03 3.1860e-01 6.3165e-01 2.5500e-01 4.1553e-04 -1.5541e-01 1.5726e-01 7.5432e-02 3.5617e+02
1.7397e-03 3.8484e-03 -7.3568e-04 1.5281e-03 1.4343e-03 3.3390e-01 6.6157e-01 2.6723e-01 4.5744e-04 -1.6282e-01 1.6486e-01 7.9226e-02 3.6118e+02
1.7803e-03 4.1974e-03 -7.9758e-04 1.6706e-03 1.5665e-03 3.4993e-01 6.9286e-01 2.8004e-01 5.0358e-04 -1.7059e-01 1.7281e-01 8.3175e-02 3.6625e+02
1.8219e-03 4.5776e-03 -8.6446e-04 1.8263e-03 1.7107e-03 3.6671e-01 7.2559e-01 2.9344e-01 5.5440e-04 -1.7871e-01 1.8114e-01 8.7302e-02 3.7142e+02
1.8644e-03 4.9917e-03 -9.3669e-04 1.9963e-03 1.8680e-03 3.8428e-01 7.5981e-01 3.0748e-01 6.1035e-04 -1.8721e-01 1.8987e-01 9.1631e-02 3.7670e+02
1.9079e-03 5.4425e-03 -1.0147e-03 2.1821e-03 2.0396e-03 4.0268e-01 7.9559e-01 3.2217e-01 6.7195e-04 -1.9610e-01 1.9901e-01 9.6191e-02 3.8208e+02
1.9525e-03 5.9334e-03 -1.0988e-03 2.3851e-03 2.2267e-03 4.2194e-01 8.3300e-01 3.3755e-01 7.3979e-04 -2.0540e-01 2.0859e-01 1.0101e-01 3.8751e+02
1.9980e-03 6.4677e-03 -1.1896e-03 2.6068e-03 2.4307e-03 4.4210e-01 8.7208e-01 3.5365e-01 8.1448e-04 -2.1513e-01 2.1862e-01 1.0611e-01 3.9293e+02
2.0447e-03 7.0493e-03 -1.2875e-03 2.8489e-03 2.6532e-03 4.6320e-01 9.1292e-01 3.7049e-01 8.9672e-04 -2.2530e-01 2.2912e-01 1.1150e-01 3.9827e+02
2.0924e-03 7.6822e-03 -1.3929e-03 3.1133e-03 2.8958e-03 4.8526e-01 9.5557e-01 3.8810e-01 9.8727e-04 -2.3593e-01 2.4011e-01 1.1717e-01 4.0347e+02
2.1412e-03 8.3707e-03 -1.5066e-03 3.4020e-03 3.1602e-03 5.0835e-01 1.0001e+00 4.0653e-01 1.0870e-03 -2.4704e-01 2.5161e-01 1.2313e-01 4.0849e+02
2.1912e-03 9.1198e-03 -1.6289e-03 3.7173e-03 3.4484e-03 5.3250e-01 1.0466e+00 4.2579e-01 1.1968e-03 -2.5865e-01 2.6365e-01 1.2935e-01 4.1333e+02
2.2423e-03 9.9346e-03 -1.7607e-03 4.0616e-03 3.7625e-03 5.5776e-01 1.0952e+00 4.4594e-01 1.3176e-03 -2.7078e-01 2.7625e-01 1.3584e-01 4.1800e+02
2.2947e-03 1.0821e-02 -1.9023e-03 4.4375e-03 4.1047e-03 5.8419e-01 1.1458e+00 4.6702e-01 1.4507e-03 -2.8346e-01 2.8944e-01 1.4259e-01 4.2255e+02
2.3482e-03 1.1784e-02 -2.0547e-03 4.8478e-03 4.4775e-03 6.1183e-01 1.1988e+00 4.8907e-01 1.5973e-03 -2.9672e-01 3.0326e-01 1.4962e-01 4.2704e+02
2.4030e-03 1.2831e-02 -2.2184e-03 5.2957e-03 4.8837e-03 6.4077e-01 1.2540e+00 5.1213e-01 1.7586e-03 -3.1057e-01 3.1772e-01 1.5695e-01 4.3150e+02
2.4591e-03 1.3970e-02 -2.3942e-03 5.7846e-03 5.3260e-03 6.7105e-01 1.3118e+00 5.3627e-01 1.9362e-03 -3.2504e-01 3.3287e-01 1.6462e-01 4.3600e+02
2.5165e-03 1.5207e-02 -2.5830e-03 6.3183e-03 5.8078e-03 7.0273e-01 1.3720e+00 5.6152e-01 2.1317e-03 -3.4018e-01 3.4873e-01 1.7265e-01 4.4052e+02
2.5753e-03 1.6551e-02 -2.7855e-03 6.9006e-03 6.3323e-03 7.3588e-01 1.4349e+00 5.8793e-01 2.3470e-03 -3.5599e-01 3.6535e-01 1.8109e-01 4.4507e+02
2.6354e-03 1.8011e-02 -3.0026e-03 7.5362e-03 6.9034e-03 7.7057e-01 1.5006e+00 6.1556e-01 2.5840e-03 -3.7251e-01 3.8274e-01 1.8998e-01 4.4960e+02
2.6969e-03 1.9597e-02 -3.2353e-03 8.2297e-03 7.5251e-03 8.0685e-01 1.5691e+00 6.4445e-01 2.8448e-03 -3.8977e-01 4.0095e-01 1.9932e-01 4.5404e+02
2.7598e-03 2.1319e-02 -3.4844e-03 8.9864e-03 8.2016e-03 8.4481e-01 1.6406e+00 6.7466e-01 3.1319e-03 -4.0780e-01 4.2002e-01 2.0913e-01 4.5837e+02
2.8242e-03 2.3188e-02 -3.7510e-03 9.8120e-03 8.9378e-03 8.8451e-01 1.7152e+00 7.0626e-01 3.4480e-03 -4.2663e-01 4.3999e-01 2.1940e-01 4.6256e+02
2.8902e-03 2.5217e-02 -4.0361e-03 1.0713e-02 9.7388e-03 9.2603e-01 1.7929e+00 7.3930e-01 3.7958e-03 -4.4628e-01 4.6089e-01 2.3015e-01 4.6661e+02
2.9576e-03 2.7419e-02 -4.3407e-03 1.1695e-02 1.0610e-02 9.6946e-01 1.8740e+00 7.7384e-01 4.1786e-03 -4.6681e-01 4.8278e-01 2.4138e-01 4.7056e+02
3.0266e-03 2.9808e-02 -4.6660e-03 1.2767e-02 1.1558e-02 1.0149e+00 1.9586e+00 8.0996e-01 4.5999e-03 -4.8825e-01 5.0569e-01 2.5311e-01 4.7445e+02
3.0973e-03 3.2400e-02 -5.0130e-03 1.3935e-02 1.2588e-02 1.0624e+00 2.0468e+00 8.4772e-01 5.0635e-03 -5.1062e-01 5.2969e-01 2.6540e-01 4.7830e+02
3.1696e-03 3.5210e-02 -5.3830e-03 1.5210e-02 1.3709e-02 1.1121e+00 2.1387e+00 8.8721e-01 5.5736e-03 -5.3398e-01 5.5481e-01 2.7827e-01 4.8214e+02
3.2436e-03 3.8257e-02 -5.7770e-03 1.6599e-02 1.4927e-02 1.1640e+00 2.2345e+00 9.2849e-01 6.1349e-03 -5.5837e-01 5.8112e-01 2.9177e-01 4.8595e+02
3.3193e-03 4.1560e-02 -6.1963e-03 1.8115e-02 1.6250e-02 1.2184e+00 2.3344e+00 9.7165e-01 6.7525e-03 -5.8381e-01 6.0867e-01 3.0594e-01 4.8970e+02
3.3967e-03 4.5140e-02 -6.6420e-03 1.9766e-02 1.7689e-02 1.2752e+00 2.4384e+00 1.0168e+00 7.4318e-03 -6.1037e-01 6.3752e-01 3.2081e-01 4.9337e+02
3.4760e-03 4.9018e-02 -7.1154e-03 2.1567e-02 1.9251e-02 1.3346e+00 2.5468e+00 1.0639e+00 8.1791e-03 -6.3807e-01 6.6773e-01 3.3639e-01 4.9693e+02
3.5572e-03 5.3218e-02 -7.6176e-03 2.3530e-02 2.0949e-02 1.3967e+00 2.6597e+00 1.1132e+00 9.0011e-03 -6.6696e-01 6.9935e-01 3.5272e-01 5.0040e+02
3.6402e-03 5.7767e-02 -8.1498e-03 2.5670e-02 2.2792e-02 1.4617e+00 2.7773e+00 1.1647e+00 9.9052e-03 -6.9710e-01 7.3247e-01 3.6981e-01 5.0378e+02
3.7251e-03 6.2692e-02 -8.7131e-03 2.8001e-02 2.4793e-02 1.5296e+00 2.8997e+00 1.2185e+00 1.0899e-02 -7.2852e-01 7.6715e-01 3.8770e-01 5.0710e+02
3.8121e-03 6.8022e-02 -9.3087e-03 3.0542e-02 2.6965e-02 1.6006e+00 3.0271e+00 1.2747e+00 1.1993e-02 -7.6129e-01 8.0346e-01 4.0646e-01 5.1037e+02
3.9011e-03 7.3790e-02 -9.9376e-03 3.3310e-02 2.9323e-02 1.6748e+00 3.1597e+00 1.3335e+00 1.3195e-02 -7.9545e-01 8.4148e-01 4.2612e-01 5.1359e+02
3.9921e-03 8.0029e-02 -1.0601e-02 3.6325e-02 3.1881e-02 1.7523e+00 3.2976e+00 1.3949e+00 1.4516e-02 -8.3105e-01 8.8129e-01 4.4674e-01 5.1676e+02
4.0853e-03 8.6776e-02 -1.1299e-02 3.9611e-02 3.4656e-02 1.8334e+00 3.4411e+00 1.4590e+00 1.5969e-02 -8.6814e-01 9.2298e-01 4.6837e-01 5.1984e+02
4.1806e-03 9.4071e-02 -1.2032e-02 4.3189e-02 3.7666e-02 1.9181e+00 3.5903e+00 1.5260e+00 1.7566e-02 -9.0679e-01 9.6664e-01 4.9103e-01 5.2285e+02
4.2782e-03 1.0196e-01 -1.2802e-02 4.7086e-02 4.0930e-02 2.0066e+00 3.7455e+00 1.5959e+00 1.9321e-02 -9.4705e-01 1.0123e+00 5.1479e-01 5.2577e+02
4.3781e-03 1.1047e-01 -1.3609e-02 5.1329e-02 4.4467e-02 2.0991e+00 3.9068e+00 1.6690e+00 2.1249e-02 -9.8897e-01 1.0602e+00 5.3968e-01 5.2863e+02
4.4803e-03 1.1968e-01 -1.4452e-02 5.5950e-02 4.8301e-02 2.1957e+00 4.0744e+00 1.7453e+00 2.3367e-02 -1.0326e+00 1.1103e+00 5.6578e-01 5.3144e+02
4.5848e-03 1.2961e-01 -1.5332e-02 6.0981e-02 5.2455e-02 2.2966e+00 4.2485e+00 1.8249e+00 2.5695e-02 -1.0780e+00 1.1628e+00 5.9314e-01 5.3418e+02
4.6918e-03 1.4034e-01 -1.6248e-02 6.6457e-02 5.6955e-02 2.4021e+00 4.4294e+00 1.9081e+00 2.8251e-02 -1.1253e+00 1.2178e+00 6.2184e-01 5.3687e+02
4.8013e-03 1.5192e-01 -1.7199e-02 7.2417e-02 6.1828e-02 2.5122e+00 4.6172e+00 1.9949e+00 3.1059e-02 -1.1745e+00 1.2753e+00 6.5192e-01 5.3948e+02
4.9134e-03 1.6440e-01 -1.8184e-02 7.8904e-02 6.7104e-02 2.6272e+00 4.8121e+00 2.0855e+00 3.4141e-02 -1.2257e+00 1.3356e+00 6.8347e-01 5.4203e+02
5.0281e-03 1.7787e-01 -1.9201e-02 8.5962e-02 7.2815e-02 2.7474e+00 5.0144e+00 2.1801e+00 3.7526e-02 -1.2789e+00 1.3987e+00 7.1654e-01 5.4451e+02
5.1454e-03 1.9239e-01 -2.0249e-02 9.3642e-02 7.8994e-02 2.8728e+00 5.2242e+00 2.2788e+00 4.1241e-02 -1.3342e+00 1.4648e+00 7.5122e-01 5.4693e+02
5.2655e-03 2.0804e-01 -2.1323e-02 1.0200e-01 8.5678e-02 3.0038e+00 5.4418e+00 2.3818e+00 4.5319e-02 -1.3916e+00 1.5339e+00 7.8758e-01 5.4930e+02
5.3884e-03 2.2489e-01 -2.2420e-02 1.1108e-01 9.2907e-02 3.1405e+00 5.6674e+00 2.4892e+00 4.9793e-02 -1.4513e+00 1.6064e+00 8.2572e-01 5.5160e+02
5.5142e-03 2.4305e-01 -2.3536e-02 1.2097e-01 1.0072e-01 3.2832e+00 5.9011e+00 2.6012e+00 5.4702e-02 -1.5133e+00 1.6823e+00 8.6571e-01 5.5384e+02
5.6429e-03 2.6259e-01 -2.4666e-02 1.3172e-01 1.0917e-01 3.4321e+00 6.1433e+00 2.7180e+00 6.0086e-02 -1.5777e+00 1.7617e+00 9.0765e-01 5.5602e+02
5.7746e-03 2.8362e-01 -2.5802e-02 1.4340e-01 1.1830e-01 3.5875e+00 6.3941e+00 2.8399e+00 6.5991e-02 -1.6444e+00 1.8449e+00 9.5164e-01 5.5815e+02
5.9094e-03 3.0625e-01 -2.6938e-02 1.5610e-01 1.2815e-01 3.7497e+00 6.6537e+00 2.9669e+00 7.2465e-02 -1.7137e+00 1.9320e+00 9.9776e-01 5.6022e+02
6.0473e-03 3.3057e-01 -2.8064e-02 1.6991e-01 1.3880e-01 3.9189e+00 6.9223e+00 3.0994e+00 7.9562e-02 -1.7856e+00 2.0232e+00 1.0461e+00 5.6223e+02
6.1885e-03 3.5672e-01 -2.9171e-02 1.8491e-01 1.5029e-01 4.0954e+00 7.2001e+00 3.2374e+00 8.7341e-02 -1.8601e+00 2.1187e+00 1.0969e+00 5.6419e+02
6.3329e-03 3.8482e-01 -3.0245e-02 2.0122e-01 1.6269e-01 4.2794e+00 7.4873e+00 3.3812e+00 9.5864e-02 -1.9372e+00 2.2187e+00 1.1501e+00 5.6609e+02
6.4807e-03 4.1499e-01 -3.1274e-02 2.1893e-01 1.7606e-01 4.4713e+00 7.7842e+00 3.5310e+00 1.0520e-01 -2.0171e+00 2.3235e+00 1.2059e+00 5.6793e+02
6.6320e-03 4.4738e-01 -3.2242e-02 2.3817e-01 1.9049e-01 4.6714e+00 8.0908e+00 3.6871e+00 1.1543e-01 -2.0999e+00 2.4331e+00 1.2645e+00 5.6973e+02
6.7868e-03 4.8214e-01 -3.3130e-02 2.5906e-01 2.0603e-01 4.8800e+00 8.4075e+00 3.8497e+00 1.2662e-01 -2.1855e+00 2.5480e+00 1.3259e+00 5.7147e+02
6.9452e-03 5.1942e-01 -3.3919e-02 2.8175e-01 2.2279e-01 5.0974e+00 8.7342e+00 4.0190e+00 1.3888e-01 -2.2740e+00 2.6682e+00 1.3903e+00 5.7316e+02
7.1073e-03 5.5939e-01 -3.4586e-02 3.0638e-01 2.4083e-01 5.3240e+00 9.0713e+00 4.1952e+00 1.5229e-01 -2.3655e+00 2.7941e+00 1.4579e+00 5.7480e+02
7.2732e-03 6.0222e-01 -3.5104e-02 3.3312e-01 2.6026e-01 5.5600e+00 9.4188e+00 4.3786e+00 1.6697e-01 -2.4600e+00 2.9260e+00 1.5288e+00 5.7639e+02
7.4429e-03 6.4810e-01 -3.5445e-02 3.6213e-01 2.8118e-01 5.8059e+00 9.7769e+00 4.5695e+00 1.8302e-01 -2.5576e+00 3.0640e+00 1.6031e+00 5.7794e+02
7.6166e-03 6.9722e-01 -3.5577e-02 3.9361e-01 3.0368e-01 6.0620e+00 1.0146e+01 4.7681e+00 2.0057e-01 -2.6583e+00 3.2086e+00 1.6811e+00 5.7943e+02
7.7944e-03 7.4978e-01 -3.5462e-02 4.2776e-01 3.2789e-01 6.3286e+00 1.0525e+01 4.9746e+00 2.1975e-01 -2.7622e+00 3.3599e+00 1.7629e+00 5.8088e+02
7.9763e-03 8.0599e-01 -3.5062e-02 4.6480e-01 3.5391e-01 6.6062e+00 1.0916e+01 5.1894e+00 2.4072e-01 -2.8692e+00 3.5184e+00 1.8488e+00 5.8228e+02
8.1625e-03 8.6608e-01 -3.4330e-02 5.0496e-01 3.8187e-01 6.8951e+00 1.1318e+01 5.4127e+00 2.6362e-01 -2.9795e+00 3.6843e+00 1.9388e+00 5.8364e+02
8.3530e-03 9.3029e-01 -3.3217e-02 5.4850e-01 4.1190e-01 7.1958e+00 1.1730e+01 5.6448e+00 2.8863e-01 -3.0929e+00 3.8581e+00 2.0332e+00 5.8495e+02
8.5480e-03 9.9885e-01 -3.1668e-02 5.9570e-01 4.4415e-01 7.5085e+00 1.2154e+01 5.8860e+00 3.1594e-01 -3.2096e+00 4.0400e+00 2.1322e+00 5.8622e+02
8.7475e-03 1.0720e+00 -2.9623e-02 6.4683e-01 4.7876e-01 7.8338e+00 1.2589e+01 6.1365e+00 3.4574e-01 -3.3294e+00 4.2304e+00 2.2361e+00 5.8744e+02
8.9517e-03 1.1501e+00 -2.7014e-02 7.0223e-01 5.1589e-01 8.1720e+00 1.3035e+01 6.3967e+00 3.7825e-01 -3.4525e+00 4.4298e+00 2.3450e+00 5.8863e+02
9.1606e-03 1.2333e+00 -2.3768e-02 7.6224e-01 5.5570e-01 8.5237e+00 1.3492e+01 6.6668e+00 4.1371e-01 -3.5788e+00 4.6386e+00 2.4592e+00 5.8977e+02
9.3744e-03 1.3220e+00 -1.9805e-02 8.2721e-01 5.9836e-01 8.8892e+00 1.3960e+01 6.9472e+00 4.5236e-01 -3.7082e+00 4.8572e+00 2.5791e+00 5.9087e+02
9.5932e-03 1.4164e+00 -1.5036e-02 8.9754e-01 6.4406e-01 9.2689e+00 1.4440e+01 7.2381e+00 4.9449e-01 -3.8407e+00 5.0860e+00 2.7047e+00 5.9193e+02
9.8171e-03 1.5169e+00 -9.3647e-03 9.7366e-01 6.9299e-01 9.6633e+00 1.4930e+01 7.5399e+00 5.4037e-01 -3.9763e+00 5.3256e+00 2.8364e+00 5.9295e+02
1.0046e-02 1.6238e+00 -2.6868e-03 1.0560e+00 7.4535e-01 1.0073e+01 1.5431e+01 7.8528e+00 5.9034e-01 -4.1148e+00 5.5763e+00 2.9746e+00 5.9393e+02
1.0281e-02 1.7374e+00 5.1124e-03 1.1451e+00 8.0135e-01 1.0498e+01 1.5943e+01 8.1771e+00 6.4472e-01 -4.2562e+00 5.8389e+00 3.1194e+00 5.9488e+02
1.0521e-02 1.8581e+00 1.4155e-02 1.2414e+00 8.6122e-01 1.0939e+01 1.6465e+01 8.5132e+00 7.0389e-01 -4.4003e+00 6.1136e+00 3.2713e+00 5.9579e+02
1.0766e-02 1.9862e+00 2.4577e-02 1.3456e+00 9.2518e-01 1.1397e+01 1.6997e+01 8.8614e+00 7.6823e-01 -4.5471e+00 6.4013e+00 3.4304e+00 5.9666e+02
1.1018e-02 2.1221e+00 3.6524e-02 1.4581e+00 9.9348e-01 1.1872e+01 1.7540e+01 9.2220e+00 8.3817e-01 -4.6964e+00 6.7023e+00 3.5973e+00 5.9750e+02
1.1275e-02 2.2662e+00 5.0151e-02 1.5797e+00 1.0664e+00 1.2364e+01 1.8092e+01 9.5952e+00 9.1417e-01 -4.8481e+00 7.0174e+00 3.7721e+00 5.9830e+02
1.1538e-02 2.4189e+00 6.5629e-02 1.7110e+00 1.1441e+00 1.2874e+01 1.8653e+01 9.9814e+00 9.9669e-01 -5.0018e+00 7.3472e+00 3.9554e+00 5.9907e+02
1.1807e-02 2.5805e+00 8.3137e-02 1.8527e+00 1.2270e+00 1.3403e+01 1.9224e+01 1.0381e+01 1.0863e+00 -5.1576e+00 7.6923e+00 4.1473e+00 5.9981e+02
1.2083e-02 2.7515e+00 1.0287e-01 2.0057e+00 1.3153e+00 1.3950e+01 1.9803e+01 1.0794e+01 1.1835e+00 -5.3150e+00 8.0534e+00 4.3485e+00 6.0051e+02
1.2365e-02 2.9323e+00 1.2504e-01 2.1707e+00 1.4093e+00 1.4517e+01 2.0391e+01 1.1221e+01 1.2888e+00 -5.4739e+00 8.4313e+00 4.5591e+00 6.0118e+02
1.2653e-02 3.1233e+00 1.4986e-01 2.3487e+00 1.5093e+00 1.5104e+01 2.0986e+01 1.1662e+01 1.4030e+00 -5.6339e+00 8.8266e+00 4.7798e+00 6.0182e+02
1.2949e-02 3.3249e+00 1.7757e-01 2.5406e+00 1.6157e+00 1.5710e+01 2.1588e+01 1.2117e+01 1.5268e+00 -5.7948e+00 9.2403e+00 5.0108e+00 6.0243e+02
1.3251e-02 3.5375e+00 2.0843e-01 2.7474e+00 1.7287e+00 1.6338e+01 2.2198e+01 1.2587e+01 1.6607e+00 -5.9562e+00 9.6729e+00 5.2526e+00 6.0300e+02
1.3560e-02 3.7616e+00 2.4271e-01 2.9701e+00 1.8487e+00 1.6987e+01 2.2813e+01 1.3072e+01 1.8056e+00 -6.1177e+00 1.0126e+01 5.5057e+00 6.0355e+02
1.3877e-02 3.9977e+00 2.8067e-01 3.2099e+00 1.9761e+00 1.7657e+01 2.3435e+01 1.3572e+01 1.9623e+00 -6.2790e+00 1.0599e+01 5.7706e+00 6.0406e+02
1.4201e-02 4.2460e+00 3.2263e-01 3.4680e+00 2.1111e+00 1.8349e+01 2.4061e+01 1.4088e+01 2.1316e+00 -6.4396e+00 1.1094e+01 6.0477e+00 6.0455e+02
1.4532e-02 4.5071e+00 3.6889e-01 3.7456e+00 2.2542e+00 1.9064e+01 2.4692e+01 1.4619e+01 2.3145e+00 -6.5991e+00 1.1612e+01 6.3376e+00 6.0501e+02
1.4871e-02 4.7815e+00 4.1980e-01 4.0441e+00 2.4058e+00 1.9801e+01 2.5326e+01 1.5166e+01 2.5119e+00 -6.7569e+00 1.2153e+01 6.6406e+00 6.0544e+02
1.5218e-02 5.0694e+00 4.7568e-01 4.3649e+00 2.5661e+00 2.0562e+01 2.5963e+01 1.5729e+01 2.7248e+00 -6.9125e+00 1.2719e+01 6.9574e+00 6.0584e+02
1.5573e-02 5.3714e+00 5.3691e-01 4.7095e+00 2.7356e+00 2.1346e+01 2.6603e+01 1.6308e+01 2.9543e+00 -7.0655e+00 1.3310e+01 7.2885e+00 6.0621e+02
1.5937e-02 5.6878e+00 6.0386e-01 5.0795e+00 2.9147e+00 2.2154e+01 2.7244e+01 1.6904e+01 3.2015e+00 -7.2151e+00 1.3928e+01 7.6343e+00 6.0655e+02
1.6309e-02 6.0190e+00 6.7691e-01 5.4765e+00 3.1038e+00 2.2986e+01 2.7886e+01 1.7516e+01 3.4675e+00 -7.3608e+00 1.4574e+01 7.9955e+00 6.0687e+02
1.6690e-02 6.3654e+00 7.5647e-01 5.9022e+00 3.3032e+00 2.3843e+01 2.8528e+01 1.8145e+01 3.7537e+00 -7.5019e+00 1.5248e+01 8.3725e+00 6.0716e+02
1.7079e-02 6.7274e+00 8.4296e-01 6.3586e+00 3.5133e+00 2.4724e+01 2.9169e+01 1.8790e+01 4.0613e+00 -7.6378e+00 1.5953e+01 8.7660e+00 6.0742e+02
1.7478e-02 7.1053e+00 9.3681e-01 6.8476e+00 3.7346e+00 2.5630e+01 2.9809e+01 1.9452e+01 4.3917e+00 -7.7677e+00 1.6689e+01 9.1764e+00 6.0766e+02
1.7886e-02 7.4994e+00 1.0384e+00 7.3712e+00 3.9674e+00 2.6562e+01 3.0446e+01 2.0131e+01 4.7463e+00 -7.8909e+00 1.7458e+01 9.6044e+00 6.0787e+02
1.8303e-02 7.9101e+00 1.1483e+00 7.9314e+00 4.2120e+00 2.7519e+01 3.1080e+01 2.0827e+01 5.1266e+00 -8.0067e+00 1.8260e+01 1.0050e+01 6.0805e+02
1.8730e-02 8.3376e+00 1.2668e+00 8.5306e+00 4.4690e+00 2.8501e+01 3.1711e+01 2.1540e+01 5.5340e+00 -8.1142e+00 1.9097e+01 1.0515e+01 6.0820e+02
1.9167e-02 8.7822e+00 1.3944e+00 9.1710e+00 4.7385e+00 2.9510e+01 3.2336e+01 2.2270e+01 5.9703e+00 -8.2126e+00 1.9970e+01 1.0999e+01 6.0833e+02
1.9615e-02 9.2441e+00 1.5315e+00 9.8548e+00 5.0209e+00 3.0544e+01 3.2956e+01 2.3017e+01 6.4370e+00 -8.3013e+00 2.0882e+01 1.1502e+01 6.0844e+02
2.0073e-02 9.7235e+00 1.6786e+00 1.0585e+01 5.3167e+00 3.1604e+01 3.3571e+01 2.3780e+01 6.9357e+00 -8.3792e+00 2.1832e+01 1.2026e+01 6.0852e+02
2.0541e-02 1.0221e+01 1.8361e+00 1.1363e+01 5.6260e+00 3.2689e+01 3.4178e+01 2.4561e+01 7.4682e+00 -8.4457e+00 2.2823e+01 1.2570e+01 6.0857e+02
2.1021e-02 1.0735e+01 2.0044e+00 1.2193e+01 5.9492e+00 3.3801e+01 3.4778e+01 2.5357e+01 8.0363e+00 -8.4999e+00 2.3855e+01 1.3136e+01 6.0859e+02
2.1511e-02 1.1268e+01 2.1840e+00 1.3076e+01 6.2865e+00 3.4938e+01 3.5370e+01 2.6171e+01 8.6418e+00 -8.5408e+00 2.4931e+01 1.3723e+01 6.0859e+02
2.2013e-02 1.1819e+01 2.3752e+00 1.4016e+01 6.6383e+00 3.6102e+01 3.5952e+01 2.7001e+01 9.2864e+00 -8.5678e+00 2.6051e+01 1.4333e+01 6.0856e+02
2.2527e-02 1.2388e+01 2.5783e+00 1.5015e+01 7.0046e+00 3.7290e+01 3.6526e+01 2.7847e+01 9.9720e+00 -8.5800e+00 2.7217e+01 1.4964e+01 6.0851e+02
2.3053e-02 1.2975e+01 2.7938e+00 1.6077e+01 7.3857e+00 3.8505e+01 3.7090e+01 2.8709e+01 1.0701e+01 -8.5767e+00 2.8431e+01 1.5619e+01 6.0843e+02
2.3591e-02 1.3580e+01 3.0218e+00 1.7203e+01 7.7817e+00 3.9744e+01 3.7643e+01 2.9586e+01 1.1474e+01 -8.5569e+00 2.9694e+01 1.6297e+01 6.0832e+02
2.4142e-02 1.4203e+01 3.2628e+00 1.8397e+01 8.1928e+00 4.1009e+01 3.8185e+01 3.0480e+01 1.2293e+01 -8.5201e+00 3.1007e+01 1.6999e+01 6.0818e+02
2.4705e-02 1.4843e+01 3.5170e+00 1.9661e+01 8.6191e+00 4.2298e+01 3.8716e+01 3.1388e+01 1.3162e+01 -8.4654e+00 3.2372e+01 1.7725e+01 6.0802e+02
2.5282e-02 1.5502e+01 3.7844e+00 2.1000e+01 9.0605e+00 4.3612e+01 3.9235e+01 3.2312e+01 1.4080e+01 -8.3922e+00 3.3790e+01 1.8475e+01 6.0783e+02
2.5872e-02 1.6178e+01 4.0654e+00 2.2414e+01 9.5172e+00 4.4951e+01 3.9741e+01 3.3251e+01 1.5050e+01 -8.2999e+00 3.5262e+01 1.9249e+01 6.0761e+02
2.6476e-02 1.6872e+01 4.3600e+00 2.3908e+01 9.9890e+00 4.6313e+01 4.0235e+01 3.4204e+01 1.6075e+01 -8.1879e+00 3.6790e+01 2.0048e+01 6.0736e+02
2.7094e-02 1.7583e+01 4.6683e+00 2.5484e+01 1.0476e+01 4.7698e+01 4.0715e+01 3.5171e+01 1.7155e+01 -8.0556e+00 3.8375e+01 2.0872e+01 6.0708e+02
2.7726e-02 1.8312e+01 4.9903e+00 2.7145e+01 1.0978e+01 4.9107e+01 4.1182e+01 3.6152e+01 1.8292e+01 -7.9027e+00 4.0019e+01 2.1720e+01 6.0678e+02
2.8373e-02 1.9057e+01 5.3260e+00 2.8894e+01 1.1495e+01 5.0537e+01 4.1636e+01 3.7146e+01 1.9489e+01 -7.7286e+00 4.1723e+01 2.2593e+01 6.0644e+02
2.9035e-02 1.9819e+01 5.6753e+00 3.0734e+01 1.2027e+01 5.1991e+01 4.2074e+01 3.8154e+01 2.0746e+01 -7.5332e+00 4.3488e+01 2.3491e+01 6.0608e+02
2.9713e-02 2.0598e+01 6.0379e+00 3.2666e+01 1.2573e+01 5.3466e+01 4.2498e+01 3.9175e+01 2.2066e+01 -7.3160e+00 4.5315e+01 2.4414e+01 6.0568e+02
3.0406e-02 2.1393e+01 6.4138e+00 3.4694e+01 1.3134e+01 5.4963e+01 4.2907e+01 4.0208e+01 2.3449e+01 -7.0770e+00 4.7205e+01 2.5361e+01 6.0525e+02
3.1116e-02 2.2205e+01 6.8027e+00 3.6820e+01 1.3708e+01 5.6479e+01 4.3299e+01 4.1254e+01 2.4898e+01 -6.8160e+00 4.9161e+01 2.6333e+01 6.0479e+02
3.1842e-02 2.3033e+01 7.2042e+00 3.9046e+01 1.4297e+01 5.8016e+01 4.3675e+01 4.2311e+01 2.6413e+01 -6.5329e+00 5.1181e+01 2.7329e+01 6.0429e+02
3.2586e-02 2.3877e+01 7.6181e+00 4.1374e+01 1.4898e+01 5.9573e+01 4.4032e+01 4.3380e+01 2.7995e+01 -6.2276e+00 5.3269e+01 2.8350e+01 6.0377e+02
3.3346e-02 2.4737e+01 8.0440e+00 4.3806e+01 1.5513e+01 6.1149e+01 4.4372e+01 4.4460e+01 2.9647e+01 -5.9003e+00 5.5424e+01 2.9394e+01 6.0321e+02
3.4124e-02 2.5613e+01 8.4814e+00 4.6342e+01 1.6141e+01 6.2744e+01 4.4691e+01 4.5552e+01 3.1368e+01 -5.5508e+00 5.7647e+01 3.0461e+01 6.0261e+02
3.4921e-02 2.6505e+01 8.9301e+00 4.8986e+01 1.6781e+01 6.4356e+01 4.4990e+01 4.6654e+01 3.3160e+01 -5.1793e+00 5.9940e+01 3.1552e+01 6.0198e+02
3.5736e-02 2.7413e+01 9.3896e+00 5.1738e+01 1.7434e+01 6.5986e+01 4.5266e+01 4.7767e+01 3.5023e+01 -4.7857e+00 6.2302e+01 3.2666e+01 6.0131e+02
3.6570e-02 2.8337e+01 9.8597e+00 5.4598e+01 1.8098e+01 6.7633e+01 4.5518e+01 4.8889e+01 3.6959e+01 -4.3699e+00 6.4735e+01 3.3803e+01 6.0060e+02
3.7424e-02 2.9277e+01 1.0340e+01 5.7569e+01 1.8774e+01 6.9296e+01 4.5743e+01 5.0021e+01 3.8968e+01 -3.9319e+00 6.7240e+01 3.4962e+01 5.9986e+02
3.8297e-02 3.0234e+01 1.0831e+01 6.0650e+01 1.9463e+01 7.0974e+01 4.5941e+01 5.1162e+01 4.1051e+01 -3.4715e+00 6.9816e+01 3.6144e+01 5.9908e+02
3.9191e-02 3.1208e+01 1.1331e+01 6.3842e+01 2.0163e+01 7.2668e+01 4.6108e+01 5.2313e+01 4.3210e+01 -2.9882e+00 7.2465e+01 3.7348e+01 5.9825e+02
4.0106e-02 3.2199e+01 1.1841e+01 6.7147e+01 2.0874e+01 7.4377e+01 4.6241e+01 5.3473e+01 4.5445e+01 -2.4816e+00 7.5188e+01 3.8574e+01 5.9739e+02
4.1042e-02 3.3207e+01 1.2361e+01 7.0565e+01 2.1598e+01 7.6098e+01 4.6339e+01 5.4640e+01 4.7757e+01 -1.9511e+00 7.7985e+01 3.9822e+01 5.9648e+02
4.2000e-02 3.4233e+01 1.2891e+01 7.4096e+01 2.2333e+01 7.7833e+01 4.6398e+01 5.5815e+01 5.0148e+01 -1.3956e+00 8.0856e+01 4.1093e+01 5.9553e+02
4.2980e-02 3.5276e+01 1.3432e+01 7.7741e+01 2.3081e+01 7.9579e+01 4.6415e+01 5.6996e+01 5.2619e+01 -8.1395e-01 8.3803e+01 4.2387e+01 5.9454e+02
4.3983e-02 3.6337e+01 1.3984e+01 8.1501e+01 2.3842e+01 8.1336e+01 4.6387e+01 5.8184e+01 5.5171e+01 -2.0472e-01 8.6827e+01 4.3704e+01 5.9350e+02
4.5010e-02 3.7417e+01 1.4547e+01 8.5376e+01 2.4617e+01 8.3105e+01 4.6310e+01 5.9378e+01 5.7808e+01 4.3393e-01 8.9927e+01 4.5044e+01 5.9242e+02
4.6060e-02 3.8515e+01 1.5123e+01 8.9368e+01 2.5405e+01 8.4883e+01 4.6181e+01 6.0577e+01 6.0530e+01 1.1042e+00 9.3106e+01 4.6409e+01 5.9128e+02
4.7135e-02 3.9632e+01 1.5714e+01 9.3478e+01 2.6209e+01 8.6669e+01 4.5998e+01 6.1780e+01 6.3339e+01 1.8086e+00 9.6363e+01 4.7799e+01 5.9010e+02
4.8235e-02 4.0767e+01 1.6319e+01 9.7707e+01 2.7029e+01 8.8461e+01 4.5755e+01 6.2986e+01 6.6240e+01 2.5501e+00 9.9699e+01 4.9215e+01 5.8887e+02
4.9361e-02 4.1920e+01 1.6942e+01 1.0206e+02 2.7866e+01 9.0258e+01 4.5452e+01 6.4193e+01 6.9235e+01 3.3320e+00 1.0312e+02 5.0658e+01 5.8759e+02
5.0513e-02 4.3091e+01 1.7584e+01 1.0653e+02 2.8721e+01 9.2059e+01 4.5085e+01 6.5400e+01 7.2328e+01 4.1579e+00 1.0662e+02 5.2129e+01 5.8626e+02
5.1692e-02 4.4280e+01 1.8247e+01 1.1114e+02 2.9597e+01 9.3863e+01 4.4651e+01 6.6607e+01 7.5523e+01 5.0319e+00 1.1020e+02 5.3629e+01 5.8487e+02
5.2899e-02 4.5486e+01 1.8934e+01 1.1587e+02 3.0493e+01 9.5669e+01 4.4149e+01 6.7811e+01 7.8825e+01 5.9580e+00 1.1387e+02 5.5161e+01 5.8343e+02
5.4134e-02 4.6707e+01 1.9646e+01 1.2075e+02 3.1412e+01 9.7472e+01 4.3578e+01 6.9011e+01 8.2238e+01 6.9406e+00 1.1762e+02 5.6724e+01 5.8194e+02
5.5397e-02 4.7943e+01 2.0385e+01 1.2576e+02 3.2354e+01 9.9272e+01 4.2938e+01 7.0203e+01 8.5768e+01 7.9842e+00 1.2147e+02 5.8320e+01 5.8038e+02
5.6690e-02 4.9190e+01 2.1155e+01 1.3093e+02 3.3321e+01 1.0106e+02 4.2227e+01 7.1385e+01 8.9418e+01 9.0931e+00 1.2540e+02 5.9951e+01 5.7877e+02
5.8013e-02 5.0448e+01 2.1957e+01 1.3625e+02 3.4313e+01 1.0285e+02 4.1449e+01 7.2556e+01 9.3195e+01 1.0272e+01 1.2942e+02 6.1617e+01 5.7710e+02
5.9367e-02 5.1714e+01 2.2793e+01 1.4172e+02 3.5331e+01 1.0462e+02 4.0604e+01 7.3713e+01 9.7102e+01 1.1523e+01 1.3354e+02 6.3317e+01 5.7537e+02
6.0753e-02 5.2988e+01 2.3665e+01 1.4737e+02 3.6376e+01 1.0638e+02 3.9696e+01 7.4855e+01 1.0114e+02 1.2852e+01 1.3774e+02 6.5054e+01 5.7357e+02
6.2171e-02 5.4264e+01 2.4575e+01 1.5318e+02 3.7448e+01 1.0812e+02 3.8729e+01 7.5978e+01 1.0532e+02 1.4260e+01 1.4204e+02 6.6825e+01 5.7172e+02
6.3622e-02 5.5539e+01 2.5522e+01 1.5917e+02 3.8545e+01 1.0984e+02 3.7708e+01 7.7078e+01 1.0965e+02 1.5749e+01 1.4643e+02 6.8631e+01 5.6979e+02
6.5107e-02 5.6810e+01 2.6508e+01 1.6535e+02 3.9666e+01 1.1153e+02 3.6638e+01 7.8151e+01 1.1411e+02 1.7320e+01 1.5091e+02 7.0469e+01 5.6780e+02
6.6627e-02 5.8072e+01 2.7531e+01 1.7171e+02 4.0810e+01 1.1319e+02 3.5527e+01 7.9196e+01 1.1872e+02 1.8971e+01 1.5548e+02 7.2337e+01 5.6574e+02
6.8182e-02 5.9321e+01 2.8590e+01 1.7827e+02 4.1973e+01 1.1483e+02 3.4383e+01 8.0210e+01 1.2348e+02 2.0701e+01 1.6014e+02 7.4232e+01 5.6362e+02
6.9773e-02 6.0558e+01 2.9682e+01 1.8502e+02 4.3155e+01 1.1643e+02 3.3212e+01 8.1193e+01 1.2838e+02 2.2505e+01 1.6488e+02 7.6149e+01 5.6142e+02
7.1402e-02 6.1775e+01 3.0805e+01 1.9196e+02 4.4349e+01 1.1799e+02 3.2025e+01 8.2140e+01 1.3341e+02 2.4378e+01 1.6971e+02 7.8082e+01 5.5915e+02
7.3068e-02 6.2967e+01 3.1953e+01 1.9909e+02 4.5550e+01 1.1951e+02 3.0829e+01 8.3048e+01 1.3857e+02 2.6311e+01 1.7461e+02 8.0025e+01 5.5681e+02
7.4773e-02 6.4130e+01 3.3121e+01 2.0641e+02 4.6753e+01 1.2099e+02 2.9632e+01 8.3916e+01 1.4386e+02 2.8295e+01 1.7959e+02 8.1972e+01 5.5440e+02
7.6519e-02 6.5261e+01 3.4303e+01 2.1389e+02 4.7950e+01 1.2241e+02 2.8442e+01 8.4741e+01 1.4926e+02 3.0319e+01 1.8462e+02 8.3914e+01 5.5191e+02
7.8305e-02 6.6356e+01 3.5489e+01 2.2154e+02 4.9136e+01 1.2379e+02 2.7266e+01 8.5524e+01 1.5475e+02 3.2369e+01 1.8972e+02 8.5841e+01 5.4935e+02
8.0132e-02 6.7416e+01 3.6674e+01 2.2933e+02 5.0303e+01 1.2511e+02 2.6109e+01 8.6265e+01 1.6033e+02 3.4432e+01 1.9486e+02 8.7746e+01 5.4671e+02
8.2003e-02 6.8440e+01 3.7847e+01 2.3724e+02 5.1443e+01 1.2639e+02 2.4974e+01 8.6967e+01 1.6598e+02 3.6492e+01 2.0004e+02 8.9617e+01 5.4399e+02
8.3917e-02 6.9421e+01 3.9001e+01 2.4525e+02 5.2549e+01 1.2761e+02 2.3864e+01 8.7626e+01 1.7168e+02 3.8535e+01 2.0524e+02 9.1447e+01 5.4120e+02
8.5875e-02 7.0360e+01 4.0125e+01 2.5333e+02 5.3613e+01 1.2877e+02 2.2778e+01 8.8243e+01 1.7740e+02 4.0546e+01 2.1046e+02 9.3226e+01 5.3833e+02
8.7880e-02 7.1255e+01 4.1213e+01 2.6144e+02 5.4629e+01 1.2987e+02 2.1714e+01 8.8820e+01 1.8313e+02 4.2512e+01 2.1568e+02 9.4948e+01 5.3539e+02
8.9931e-02 7.2107e+01 4.2259e+01 2.6955e+02 5.5593e+01 1.3092e+02 2.0667e+01 8.9359e+01 1.8886e+02 4.4424e+01 2.2089e+02 9.6606e+01 5.3237e+02
9.2030e-02 7.2920e+01 4.3256e+01 2.7765e+02 5.6502e+01 1.3191e+02 1.9631e+01 8.9864e+01 1.9457e+02 4.6272e+01 2.2609e+02 9.8198e+01 5.2928e+02
9.4178e-02 7.3703e+01 4.4205e+01 2.8570e+02 5.7358e+01 1.3285e+02 1.8598e+01 9.0342e+01 2.0025e+02 4.8053e+01 2.3127e+02 9.9720e+01 5.2612e+02
9.6376e-02 7.4448e+01 4.5102e+01 2.9368e+02 5.8158e+01 1.3374e+02 1.7559e+01 9.0790e+01 2.0589e+02 4.9766e+01 2.3643e+02 1.0117e+02 5.2288e+02
9.8625e-02 7.5158e+01 4.5948e+01 3.0158e+02 5.8904e+01 1.3458e+02 1.6505e+01 9.1209e+01 2.1150e+02 5.1415e+01 2.4156e+02 1.0256e+02 5.1957e+02
1.0093e-01 7.5836e+01 4.6747e+01 3.0938e+02 5.9601e+01 1.3537e+02 1.5427e+01 9.1601e+01 2.1707e+02 5.3009e+01 2.4667e+02 1.0389e+02 5.1619e+02
1.0328e-01 7.6483e+01 4.7505e+01 3.1708e+02 6.0256e+01 1.3610e+02 1.4314e+01 9.1968e+01 2.2262e+02 5.4558e+01 2.5175e+02 1.0518e+02 5.1274e+02
1.0569e-01 7.7101e+01 4.8231e+01 3.2468e+02 6.0879e+01 1.3678e+02 1.3161e+01 9.2309e+01 2.2816e+02 5.6081e+01 2.5682e+02 1.0642e+02 5.0922e+02
1.0816e-01 7.7707e+01 4.8938e+01 3.3221e+02 6.1483e+01 1.3742e+02 1.1963e+01 9.2635e+01 2.3369e+02 5.7596e+01 2.6188e+02 1.0763e+02 5.0563e+02
1.1068e-01 7.8289e+01 4.9636e+01 3.3967e+02 6.2077e+01 1.3802e+02 1.0717e+01 9.2936e+01 2.3926e+02 5.9123e+01 2.6695e+02 1.0883e+02 5.0198e+02
1.1327e-01 7.8844e+01 5.0336e+01 3.4710e+02 6.2669e+01 1.3856e+02 9.4246e+00 9.3209e+01 2.4487e+02 6.0682e+01 2.7203e+02 1.1003e+02 4.9826e+02
1.1591e-01 7.9372e+01 5.1047e+01 3.5454e+02 6.3270e+01 1.3905e+02 8.0916e+00 9.3451e+01 2.5055e+02 6.2292e+01 2.7713e+02 1.1124e+02 4.9447e+02
1.1862e-01 7.9871e+01 5.1781e+01 3.6202e+02 6.3886e+01 1.3948e+02 6.7266e+00 9.3659e+01 2.5631e+02 6.3967e+01 2.8228e+02 1.1246e+02 4.9062e+02
1.2139e-01 8.0338e+01 5.2542e+01 3.6957e+02 6.4522e+01 1.3986e+02 5.3414e+00 9.3829e+01 2.6218e+02 6.5715e+01 2.8746e+02 1.1370e+02 4.8670e+02
1.2422e-01 8.0781e+01 5.3338e+01 3.7722e+02 6.5184e+01 1.4019e+02 3.9507e+00 9.3962e+01 2.6815e+02 6.7537e+01 2.9270e+02 1.1496e+02 4.8271e+02
1.2712e-01 8.1195e+01 5.4166e+01 3.8499e+02 6.5867e+01 1.4046e+02 2.5704e+00 9.4055e+01 2.7423e+02 6.9427e+01 2.9797e+02 1.1624e+02 4.7865e+02
1.3009e-01 8.1567e+01 5.5016e+01 3.9288e+02 6.6561e+01 1.4067e+02 1.2167e+00 9.4099e+01 2.8039e+02 7.1368e+01 3.0327e+02 1.1751e+02 4.7453e+02
1.3312e-01 8.1893e+01 5.5879e+01 4.0087e+02 6.7253e+01 1.4082e+02 -9.5546e-02 9.4091e+01 2.8661e+02 7.3337e+01 3.0858e+02 1.1876e+02 4.7034e+02
1.3623e-01 8.2172e+01 5.6739e+01 4.0894e+02 6.7929e+01 1.4090e+02 -1.3538e+00 9.4029e+01 2.9286e+02 7.5304e+01 3.1389e+02 1.1997e+02 4.6608e+02
1.3941e-01 8.2402e+01 5.7578e+01 4.1705e+02 6.8571e+01 1.4091e+02 -2.5495e+00 9.3914e+01 2.9909e+02 7.7236e+01 3.1915e+02 1.2113e+02 4.6175e+02
1.4266e-01 8.2589e+01 5.8380e+01 4.2512e+02 6.9165e+01 1.4086e+02 -3.6786e+00 9.3751e+01 3.0525e+02 7.9099e+01 3.2435e+02 1.2219e+02 4.5736e+02
1.4599e-01 8.2745e+01 5.9133e+01 4.3311e+02 6.9701e+01 1.4076e+02 -4.7426e+00 9.3550e+01 3.1132e+02 8.0859e+01 3.2945e+02 1.2315e+02 4.5291e+02
1.4940e-01 8.2857e+01 5.9814e+01 4.4093e+02 7.0158e+01 1.4061e+02 -5.7478e+00 9.3304e+01 3.1724e+02 8.2493e+01 3.3443e+02 1.2399e+02 4.4840e+02
1.5289e-01 8.2927e+01 6.0413e+01 4.4854e+02 7.0528e+01 1.4039e+02 -6.7051e+00 9.3020e+01 3.2299e+02 8.3983e+01 3.3928e+02 1.2470e+02 4.4384e+02
1.5645e-01 8.2959e+01 6.0928e+01 4.5588e+02 7.0811e+01 1.4012e+02 -7.6284e+00 9.2702e+01 3.2855e+02 8.5327e+01 3.4397e+02 1.2527e+02 4.3922e+02
1.6011e-01 8.2957e+01 6.1362e+01 4.6293e+02 7.1012e+01 1.3979e+02 -8.5331e+00 9.2357e+01 3.3393e+02 8.6535e+01 3.4852e+02 1.2573e+02 4.3456e+02
1.6384e-01 8.2926e+01 6.1727e+01 4.6966e+02 7.1146e+01 1.3942e+02 -9.4335e+00 9.1987e+01 3.3913e+02 8.7628e+01 3.5294e+02 1.2608e+02 4.2985e+02
1.6767e-01 8.2889e+01 6.2048e+01 4.7612e+02 7.1240e+01 1.3902e+02 -1.0341e+01 9.1606e+01 3.4421e+02 8.8638e+01 3.5724e+02 1.2636e+02 4.2509e+02
1.7158e-01 8.2828e+01 6.2340e+01 4.8234e+02 7.1306e+01 1.3857e+02 -1.1262e+01 9.1206e+01 3.4921e+02 8.9602e+01 3.6146e+02 1.2659e+02 4.2030e+02
1.7559e-01 8.2738e+01 6.2621e+01 4.8839e+02 7.1365e+01 1.3808e+02 -1.2198e+01 9.0784e+01 3.5416e+02 9.0556e+01 3.6565e+02 1.2680e+02 4.1547e+02
1.7968e-01 8.2618e+01 6.2912e+01 4.9434e+02 7.1434e+01 1.3754e+02 -1.3142e+01 9.0337e+01 3.5913e+02 9.1529e+01 3.6982e+02 1.2701e+02 4.1061e+02
1.8388e-01 8.2463e+01 6.3223e+01 5.0023e+02 7.1523e+01 1.3695e+02 -1.4084e+01 8.9860e+01 3.6412e+02 9.2539e+01 3.7399e+02 1.2724e+02 4.0570e+02
1.8817e-01 8.2269e+01 6.3558e+01 5.0611e+02 7.1633e+01 1.3631e+02 -1.5009e+01 8.9351e+01 3.6915e+02 9.3588e+01 3.7817e+02 1.2748e+02 4.0076e+02
1.9256e-01 8.2044e+01 6.3917e+01 5.1199e+02 7.1763e+01 1.3562e+02 -1.5901e+01 8.8809e+01 3.7420e+02 9.4664e+01 3.8235e+02 1.2772e+02 3.9579e+02
1.9706e-01 8.1779e+01 6.4280e+01 5.1787e+02 7.1893e+01 1.3488e+02 -1.6744e+01 8.8231e+01 3.7924e+02 9.5738e+01 3.8650e+02 1.2795e+02 3.9078e+02
2.0166e-01 8.1466e+01 6.4622e+01 5.2369e+02 7.1996e+01 1.3408e+02 -1.7530e+01 8.7613e+01 3.8422e+02 9.6770e+01 3.9058e+02 1.2812e+02 3.8574e+02
2.0636e-01 8.1105e+01 6.4917e+01 5.2940e+02 7.2047e+01 1.3323e+02 -1.8253e+01 8.6954e+01 3.8907e+02 9.7721e+01 3.9455e+02 1.2821e+02 3.8067e+02
2.1118e-01 8.0700e+01 6.5142e+01 5.3490e+02 7.2025e+01 1.3233e+02 -1.8916e+01 8.6261e+01 3.9373e+02 9.8556e+01 3.9836e+02 1.2819e+02 3.7557e+02
2.1611e-01 8.0256e+01 6.5283e+01 5.4014e+02 7.1918e+01 1.3138e+02 -1.9527e+01 8.5538e+01 3.9817e+02 9.9255e+01 4.0197e+02 1.2804e+02 3.7045e+02
2.2115e-01 7.9785e+01 6.5341e+01 5.4506e+02 7.1729e+01 1.3039e+02 -2.0099e+01 8.4793e+01 4.0238e+02 9.9815e+01 4.0539e+02 1.2777e+02 3.6532e+02
2.2631e-01 7.9302e+01 6.5328e+01 5.4967e+02 7.1472e+01 1.2937e+02 -2.0645e+01 8.4034e+01 4.0637e+02 1.0025e+02 4.0863e+02 1.2739e+02 3.6017e+02
2.3160e-01 7.8800e+01 6.5260e+01 5.5398e+02 7.1164e+01 1.2832e+02 -2.1178e+01 8.3262e+01 4.1019e+02 1.0060e+02 4.1172e+02 1.2693e+02 3.5501e+02
2.3700e-01 7.8282e+01 6.5164e+01 5.5804e+02 7.0834e+01 1.2724e+02 -2.1703e+01 8.2479e+01 4.1390e+02 1.0089e+02 4.1471e+02 1.2642e+02 3.4985e+02
2.4253e-01 7.7750e+01 6.5065e+01 5.6191e+02 7.0506e+01 1.2614e+02 -2.2222e+01 8.1683e+01 4.1753e+02 1.0116e+02 4.1764e+02 1.2590e+02 3.4467e+02
2.4819e-01 7.7202e+01 6.4981e+01 5.6565e+02 7.0197e+01 1.2500e+02 -2.2728e+01 8.0873e+01 4.2113e+02 1.0142e+02 4.2054e+02 1.2538e+02 3.3949e+02
2.5399e-01 7.6634e+01 6.4918e+01 5.6928e+02 6.9910e+01 1.2384e+02 -2.3211e+01 8.0044e+01 4.2471e+02 1.0170e+02 4.2342e+02 1.2487e+02 3.3431e+02
2.5991e-01 7.6050e+01 6.4866e+01 5.7281e+02 6.9635e+01 1.2264e+02 -2.3660e+01 7.9196e+01 4.2825e+02 1.0196e+02 4.2626e+02 1.2435e+02 3.2912e+02
2.6598e-01 7.5440e+01 6.4803e+01 5.7622e+02 6.9349e+01 1.2141e+02 -2.4066e+01 7.8326e+01 4.3169e+02 1.0218e+02 4.2902e+02 1.2380e+02 3.2393e+02
2.7219e-01 7.4800e+01 6.4703e+01 5.7944e+02 6.9027e+01 1.2016e+02 -2.4426e+01 7.7433e+01 4.3498e+02 1.0233e+02 4.3165e+02 1.2318e+02 3.1875e+02
2.7854e-01 7.4133e+01 6.4545e+01 5.8242e+02 6.8647e+01 1.1887e+02 -2.4743e+01 7.6520e+01 4.3808e+02 1.0238e+02 4.3410e+02 1.2247e+02 3.1357e+02
2.8504e-01 7.3441e+01 6.4322e+01 5.8514e+02 6.8203e+01 1.1755e+02 -2.5023e+01 7.5593e+01 4.4096e+02 1.0233e+02 4.3637e+02 1.2167e+02 3.0840e+02
2.9170e-01 7.2728e+01 6.4037e+01 5.8758e+02 6.7703e+01 1.1621e+02 -2.5277e+01 7.4654e+01 4.4364e+02 1.0218e+02 4.3846e+02 1.2078e+02 3.0324e+02
2.9850e-01 7.1996e+01 6.3708e+01 5.8976e+02 6.7162e+01 1.1485e+02 -2.5510e+01 7.3705e+01 4.4615e+02 1.0197e+02 4.4042e+02 1.1984e+02 2.9810e+02
3.0547e-01 7.1249e+01 6.3357e+01 5.9174e+02 6.6606e+01 1.1346e+02 -2.5728e+01 7.2749e+01 4.4855e+02 1.0171e+02 4.4227e+02 1.1887e+02 2.9297e+02
3.1260e-01 7.0488e+01 6.3005e+01 5.9354e+02 6.6055e+01 1.1205e+02 -2.5930e+01 7.1786e+01 4.5088e+02 1.0142e+02 4.4407e+02 1.1789e+02 2.8786e+02
3.1990e-01 6.9715e+01 6.2659e+01 5.9519e+02 6.5514e+01 1.1063e+02 -2.6110e+01 7.0814e+01 4.5314e+02 1.0112e+02 4.4582e+02 1.1691e+02 2.8277e+02
3.2736e-01 6.8928e+01 6.2313e+01 5.9668e+02 6.4976e+01 1.0920e+02 -2.6261e+01 6.9834e+01 4.5531e+02 1.0079e+02 4.4750e+02 1.1591e+02 2.7770e+02
3.3500e-01 6.8127e+01 6.1952e+01 5.9799e+02 6.4426e+01 1.0775e+02 -2.6381e+01 6.8844e+01 4.5736e+02 1.0042e+02 4.4907e+02 1.1488e+02 2.7265e+02
3.4282e-01 6.7312e+01 6.1554e+01 5.9910e+02 6.3842e+01 1.0628e+02 -2.6469e+01 6.7844e+01 4.5925e+02 9.9978e+01 4.5050e+02 1.1379e+02 2.6763e+02
3.5082e-01 6.6481e+01 6.1110e+01 5.9998e+02 6.3215e+01 1.0479e+02 -2.6528e+01 6.6834e+01 4.6095e+02 9.9468e+01 4.5177e+02 1.1265e+02 2.6264e+02
3.5901e-01 6.5642e+01 6.0628e+01 6.0062e+02 6.2555e+01 1.0330e+02 -2.6565e+01 6.5822e+01 4.6248e+02 9.8893e+01 4.5290e+02 1.1145e+02 2.5767e+02
3.6739e-01 6.4796e+01 6.0121e+01 6.0106e+02 6.1876e+01 1.0179e+02 -2.6582e+01 6.4808e+01 4.6387e+02 9.8268e+01 4.5390e+02 1.1022e+02 2.5275e+02
3.7597e-01 6.3943e+01 5.9604e+01 6.0132e+02 6.1192e+01 1.0028e+02 -2.6582e+01 6.3794e+01 4.6516e+02 9.7609e+01 4.5482e+02 1.0897e+02 2.4785e+02
3.8474e-01 6.3082e+01 5.9084e+01 6.0142e+02 6.0511e+01 9.8767e+01 -2.6564e+01 6.2778e+01 4.6636e+02 9.6924e+01 4.5567e+02 1.0771e+02 2.4299e+02
3.9372e-01 6.2213e+01 5.8560e+01 6.0137e+02 5.9830e+01 9.7245e+01 -2.6524e+01 6.1760e+01 4.6746e+02 9.6212e+01 4.5644e+02 1.0644e+02 2.3816e+02
4.0291e-01 6.1321e+01 5.8008e+01 6.0114e+02 5.9126e+01 9.5700e+01 -2.6461e+01 6.0732e+01 4.6843e+02 9.5463e+01 4.5710e+02 1.0515e+02 2.3338e+02
4.1232e-01 6.0423e+01 5.7433e+01 6.0072e+02 5.8403e+01 9.4153e+01 -2.6375e+01 5.9703e+01 4.6926e+02 9.4667e+01 4.5764e+02 1.0382e+02 2.2863e+02
4.2194e-01 5.9523e+01 5.6833e+01 6.0012e+02 5.7659e+01 9.2606e+01 -2.6269e+01 5.8677e+01 4.6994e+02 9.3825e+01 4.5805e+02 1.0246e+02 2.2393e+02
4.3179e-01 5.8621e+01 5.6215e+01 5.9934e+02 5.6902e+01 9.1061e+01 -2.6146e+01 5.7653e+01 4.7049e+02 9.2943e+01 4.5835e+02 1.0107e+02 2.1927e+02
4.4187e-01 5.7720e+01 5.5587e+01 5.9840e+02 5.6140e+01 8.9518e+01 -2.6007e+01 5.6634e+01 4.7093e+02 9.2030e+01 4.5855e+02 9.9672e+01 2.1465e+02
4.5218e-01 5.6819e+01 5.4955e+01 5.9732e+02 5.5380e+01 8.7979e+01 -2.5853e+01 5.5619e+01 4.7127e+02 9.1093e+01 4.5868e+02 9.8265e+01 2.1008e+02
4.6273e-01 5.5903e+01 5.4307e+01 5.9610e+02 5.4609e+01 8.6428e+01 -2.5683e+01 5.4600e+01 4.7151e+02 9.0132e+01 4.5872e+02 9.6848e+01 2.0556e+02
4.7353e-01 5.4980e+01 5.3643e+01 5.9473e+02 5.3826e+01 8.4875e+01 -2.5495e+01 5.3582e+01 4.7163e+02 8.9143e+01 4.5867e+02 9.5417e+01 2.0109e+02
4.8459e-01 5.4059e+01 5.2965e+01 5.9321e+02 5.3034e+01 8.3329e+01 -2.5292e+01 5.2570e+01 4.7163e+02 8.8124e+01 4.5850e+02 9.3969e+01 1.9667e+02
4.9590e-01 5.3140e+01 5.2274e+01 5.9155e+02 5.2235e+01 8.1790e+01 -2.5075e+01 5.1564e+01 4.7151e+02 8.7075e+01 4.5823e+02 9.2506e+01 1.9230e+02
5.0747e-01 5.2224e+01 5.1576e+01 5.8976e+02 5.1432e+01 8.0260e+01 -2.4846e+01 5.0566e+01 4.7128e+02 8.6004e+01 4.5788e+02 9.1035e+01 1.8798e+02
5.1931e-01 5.1313e+01 5.0875e+01 5.8785e+02 5.0631e+01 7.8738e+01 -2.4605e+01 4.9575e+01 4.7096e+02 8.4914e+01 4.5745e+02 8.9561e+01 1.8372e+02
5.3144e-01 5.0396e+01 5.0163e+01 5.8582e+02 4.9824e+01 7.7218e+01 -2.4353e+01 4.8587e+01 4.7054e+02 8.3807e+01 4.5693e+02 8.8083e+01 1.7951e+02
5.4384e-01 4.9469e+01 4.9435e+01 5.8367e+02 4.9006e+01 7.5695e+01 -2.4089e+01 4.7600e+01 4.7002e+02 8.2681e+01 4.5633e+02 8.6601e+01 1.7535e+02
5.5653e-01 4.8549e+01 4.8700e+01 5.8141e+02 4.8185e+01 7.4184e+01 -2.3815e+01 4.6622e+01 4.6939e+02 8.1538e+01 4.5564e+02 8.5113e+01 1.7126e+02
5.6952e-01 4.7636e+01 4.7960e+01 5.7904e+02 4.7365e+01 7.2686e+01 -2.3533e+01 4.5654e+01 4.6867e+02 8.0378e+01 4.5486e+02 8.3623e+01 1.6722e+02
5.8282e-01 4.6729e+01 4.7219e+01 5.7656e+02 4.6547e+01 7.1202e+01 -2.3242e+01 4.4696e+01 4.6786e+02 7.9205e+01 4.5401e+02 8.2133e+01 1.6324e+02
5.9642e-01 4.5830e+01 4.6477e+01 5.7399e+02 4.5732e+01 6.9731e+01 -2.2944e+01 4.3748e+01 4.6695e+02 7.8023e+01 4.5309e+02 8.0647e+01 1.5932e+02
6.1034e-01 4.4937e+01 4.5733e+01 5.7132e+02 4.4918e+01 6.8274e+01 -2.2638e+01 4.2809e+01 4.6596e+02 7.6830e+01 4.5208e+02 7.9163e+01 1.5546e+02
6.2458e-01 4.4029e+01 4.4969e+01 5.6856e+02 4.4091e+01 6.6811e+01 -2.2327e+01 4.1871e+01 4.6488e+02 7.5628e+01 4.5100e+02 7.7682e+01 1.5165e+02
6.3916e-01 4.3131e+01 4.4205e+01 5.6570e+02 4.3267e+01 6.5365e+01 -2.2011e+01 4.0944e+01 4.6372e+02 7.4417e+01 4.4985e+02 7.6204e+01 1.4791e+02
6.5408e-01 4.2243e+01 4.3442e+01 5.6276e+02 4.2448e+01 6.3936e+01 -2.1690e+01 4.0029e+01 4.6247e+02 7.3200e+01 4.4864e+02 7.4733e+01 1.4423e+02
6.6935e-01 4.1365e+01 4.2681e+01 5.5974e+02 4.1635e+01 6.2525e+01 -2.1365e+01 3.9126e+01 4.6116e+02 7.1978e+01 4.4736e+02 7.3268e+01 1.4061e+02
6.8497e-01 4.0497e+01 4.1923e+01 5.5664e+02 4.0828e+01 6.1131e+01 -2.1036e+01 3.8236e+01 4.5976e+02 7.0755e+01 4.4601e+02 7.1813e+01 1.3706e+02
7.0096e-01 3.9640e+01 4.1168e+01 5.5346e+02 4.0027e+01 5.9756e+01 -2.0703e+01 3.7357e+01 4.5829e+02 6.9528e+01 4.4460e+02 7.0366e+01 1.3356e+02
7.1732e-01 3.8775e+01 4.0402e+01 5.5020e+02 3.9221e+01 5.8383e+01 -2.0368e+01 3.6483e+01 4.5675e+02 6.8301e+01 4.4312e+02 6.8929e+01 1.3012e+02
7.3406e-01 3.7917e+01 3.9637e+01 5.4686e+02 3.8417e+01 5.7025e+01 -2.0030e+01 3.5619e+01 4.5513e+02 6.7072e+01 4.4157e+02 6.7501e+01 1.2675e+02
7.5119e-01 3.7070e+01 3.8875e+01 5.4345e+02 3.7621e+01 5.5686e+01 -1.9690e+01 3.4769e+01 4.5343e+02 6.5844e+01 4.3997e+02 6.6084e+01 1.2343e+02
7.6873e-01 3.6236e+01 3.8118e+01 5.3996e+02 3.6833e+01 5.4367e+01 -1.9347e+01 3.3931e+01 4.5166e+02 6.4616e+01 4.3829e+02 6.4677e+01 1.2018e+02
7.8667e-01 3.5414e+01 3.7366e+01 5.3641e+02 3.6053e+01 5.3069e+01 -1.9002e+01 3.3107e+01 4.4983e+02 6.3389e+01 4.3656e+02 6.3281e+01 1.1699e+02
8.0503e-01 3.4605e+01 3.6620e+01 5.3279e+02 3.5280e+01 5.1791e+01 -1.8656e+01 3.2297e+01 4.4792e+02 6.2165e+01 4.3477e+02 6.1897e+01 1.1385e+02
8.2382e-01 3.3798e+01 3.5872e+01 5.2910e+02 3.4510e+01 5.0525e+01 -1.8308e+01 3.1496e+01 4.4595e+02 6.0943e+01 4.3292e+02 6.0525e+01 1.1078e+02
8.4305e-01 3.2992e+01 3.5122e+01 5.2536e+02 3.3740e+01 4.9269e+01 -1.7959e+01 3.0703e+01 4.4392e+02 5.9724e+01 4.3101e+02 5.9165e+01 1.0777e+02
8.6272e-01 3.2200e+01 3.4378e+01 5.2157e+02 3.2980e+01 4.8035e+01 -1.7609e+01 2.9924e+01 4.4183e+02 5.8509e+01 4.2905e+02 5.7818e+01 1.0481e+02
8.8286e-01 3.1422e+01 3.3641e+01 5.1772e+02 3.2229e+01 4.6822e+01 -1.7259e+01 2.9160e+01 4.3968e+02 5.7300e+01 4.2704e+02 5.6485e+01 1.0191e+02
9.0347e-01 3.0657e+01 3.2912e+01 5.1384e+02 3.1488e+01 4.5631e+01 -1.6908e+01 2.8409e+01 4.3748e+02 5.6097e+01 4.2499e+02 5.5167e+01 9.9074e+01
9.2455e-01 2.9907e+01 3.2191e+01 5.0992e+02 3.0758e+01 4.4462e+01 -1.6558e+01 2.7673e+01 4.3523e+02 5.4901e+01 4.2288e+02 5.3863e+01 9.6294e+01
9.4613e-01 2.9167e+01 3.1476e+01 5.0596e+02 3.0035e+01 4.3313e+01 -1.6208e+01 2.6950e+01 4.3293e+02 5.3712e+01 4.2074e+02 5.2575e+01 9.3572e+01
9.6822e-01 2.8425e+01 3.0758e+01 5.0198e+02 2.9313e+01 4.2171e+01 -1.5859e+01 2.6234e+01 4.3059e+02 5.2533e+01 4.1856e+02 5.1303e+01 9.0908e+01
9.9081e-01 2.7697e+01 3.0050e+01 4.9797e+02 2.8602e+01 4.1051e+01 -1.5513e+01 2.5532e+01 4.2820e+02 5.1364e+01 4.1633e+02 5.0049e+01 8.8302e+01
1.0139e+00 2.6984e+01 2.9350e+01 4.9395e+02 2.7902e+01 3.9954e+01 -1.5168e+01 2.4844e+01 4.2577e+02 5.0206e+01 4.1407e+02 4.8812e+01 8.5753e+01
1.0376e+00 2.6285e+01 2.8661e+01 4.8990e+02 2.7213e+01 3.8879e+01 -1.4827e+01 2.4170e+01 4.2331e+02 4.9060e+01 4.1178e+02 4.7594e+01 8.3262e+01
1.0618e+00 2.5600e+01 2.7982e+01 4.8584e+02 2.6536e+01 3.7826e+01 -1.4488e+01 2.3511e+01 4.2080e+02 4.7926e+01 4.0945e+02 4.6395e+01 8.0827e+01
1.0866e+00 2.4930e+01 2.7313e+01 4.8176e+02 2.5871e+01 3.6796e+01 -1.4153e+01 2.2866e+01 4.1827e+02 4.6806e+01 4.0709e+02 4.5215e+01 7.8448e+01
1.1120e+00 2.4261e+01 2.6644e+01 4.7767e+02 2.5209e+01 3.5776e+01 -1.3822e+01 2.2229e+01 4.1570e+02 4.5700e+01 4.0470e+02 4.4054e+01 7.6125e+01
1.1379e+00 2.3603e+01 2.5985e+01 4.7357e+02 2.4558e+01 3.4776e+01 -1.3495e+01 2.1604e+01 4.1309e+02 4.4608e+01 4.0228e+02 4.2914e+01 7.3857e+01
1.1645e+00 2.2960e+01 2.5336e+01 4.6946e+02 2.3918e+01 3.3798e+01 -1.3173e+01 2.0994e+01 4.1046e+02 4.3531e+01 3.9983e+02 4.1793e+01 7.1644e+01
1.1917e+00 2.2331e+01 2.4699e+01 4.6534e+02 2.3291e+01 3.2842e+01 -1.2855e+01 2.0397e+01 4.0780e+02 4.2469e+01 3.9735e+02 4.0692e+01 6.9484e+01
1.2195e+00 2.1716e+01 2.4073e+01 4.6121e+02 2.2676e+01 3.1907e+01 -1.2541e+01 1.9815e+01 4.0511e+02 4.1421e+01 3.9485e+02 3.9610e+01 6.7376e+01
1.2479e+00 2.1116e+01 2.3458e+01 4.5707e+02 2.2073e+01 3.0995e+01 -1.2231e+01 1.9245e+01 4.0239e+02 4.0388e+01 3.9232e+02 3.8548e+01 6.5320e+01
1.2771e+00 2.0523e+01 2.2849e+01 4.5293e+02 2.1477e+01 3.0097e+01 -1.1926e+01 1.8686e+01 3.9965e+02 3.9371e+01 3.8976e+02 3.7505e+01 6.3315e+01
1.3069e+00 1.9937e+01 2.2246e+01 4.4878e+02 2.0890e+01 2.9215e+01 -1.1624e+01 1.8138e+01 3.9689e+02 3.8368e+01 3.8719e+02 3.6482e+01 6.1359e+01
1.3374e+00 1.9365e+01 2.1656e+01 4.4463e+02 2.0314e+01 2.8354e+01 -1.1326e+01 1.7602e+01 3.9410e+02 3.7381e+01 3.8459e+02 3.5477e+01 5.9451e+01
1.3686e+00 1.8807e+01 2.1076e+01 4.4048e+02 1.9751e+01 2.7514e+01 -1.1032e+01 1.7080e+01 3.9129e+02 3.6408e+01 3.8196e+02 3.4491e+01 5.7592e+01
1.4005e+00 1.8263e+01 2.0508e+01 4.3633e+02 1.9200e+01 2.6695e+01 -1.0741e+01 1.6571e+01 3.8845e+02 3.5451e+01 3.7932e+02 3.3524e+01 5.5780e+01
1.4332e+00 1.7732e+01 1.9951e+01 4.3219e+02 1.8661e+01 2.5896e+01 -1.0455e+01 1.6074e+01 3.8560e+02 3.4510e+01 3.7666e+02 3.2576e+01 5.4014e+01
1.4667e+00 1.7213e+01 1.9405e+01 4.2805e+02 1.8132e+01 2.5115e+01 -1.0174e+01 1.5589e+01 3.8274e+02 3.3585e+01 3.7398e+02 3.1648e+01 5.2294e+01
1.5009e+00 1.6698e+01 1.8864e+01 4.2393e+02 1.7610e+01 2.4346e+01 -9.8968e+00 1.5112e+01 3.7985e+02 3.2677e+01 3.7128e+02 3.0739e+01 5.0620e+01
1.5359e+00 1.6196e+01 1.8334e+01 4.1981e+02 1.7100e+01 2.3597e+01 -9.6249e+00 1.4648e+01 3.7695e+02 3.1786e+01 3.6857e+02 2.9850e+01 4.8991e+01
1.5718e+00 1.5708e+01 1.7816e+01 4.1570e+02 1.6601e+01 2.2868e+01 -9.3583e+00 1.4196e+01 3.7404e+02 3.0912e+01 3.6584e+02 2.8980e+01 4.7407e+01
1.6085e+00 1.5232e+01 1.7309e+01 4.1160e+02 1.6115e+01 2.2158e+01 -9.0972e+00 1.3756e+01 3.7111e+02 3.0055e+01 3.6309e+02 2.8130e+01 4.5866e+01
1.6460e+00 1.4769e+01 1.6814e+01 4.0752e+02 1.5640e+01 2.1468e+01 -8.8415e+00 1.3327e+01 3.6818e+02 2.9215e+01 3.6034e+02 2.7299e+01 4.4367e+01
1.6844e+00 1.4319e+01 1.6330e+01 4.0346e+02 1.5176e+01 2.0795e+01 -8.5913e+00 1.2910e+01 3.6524e+02 2.8392e+01 3.5758e+02 2.6487e+01 4.2911e+01
1.7237e+00 1.3873e+01 1.5852e+01 3.9941e+02 1.4719e+01 2.0135e+01 -8.3462e+00 1.2501e+01 3.6229e+02 2.7586e+01 3.5481e+02 2.5695e+01 4.1495e+01
1.7640e+00 1.3439e+01 1.5385e+01 3.9537e+02 1.4273e+01 1.9491e+01 -8.1061e+00 1.2103e+01 3.5933e+02 2.6796e+01 3.5202e+02 2.4920e+01 4.0119e+01
1.8051e+00 1.3016e+01 1.4928e+01 3.9134e+02 1.3838e+01 1.8866e+01 -7.8707e+00 1.1715e+01 3.5636e+02 2.6023e+01 3.4923e+02 2.4164e+01 3.8782e+01
1.8473e+00 1.2605e+01 1.4483e+01 3.8734e+02 1.3414e+01 1.8258e+01 -7.6399e+00 1.1339e+01 3.5339e+02 2.5265e+01 3.4643e+02 2.3425e+01 3.7482e+01
1.8904e+00 1.2207e+01 1.4048e+01 3.8334e+02 1.3001e+01 1.7666e+01 -7.4136e+00 1.0973e+01 3.5040e+02 2.4524e+01 3.4362e+02 2.2703e+01 3.6220e+01
1.9345e+00 1.1819e+01 1.3624e+01 3.7937e+02 1.2598e+01 1.7092e+01 -7.1919e+00 1.0617e+01 3.4742e+02 2.3798e+01 3.4081e+02 2.1999e+01 3.4994e+01
1.9797e+00 1.1439e+01 1.3208e+01 3.7542e+02 1.2204e+01 1.6531e+01 -6.9749e+00 1.0270e+01 3.4444e+02 2.3089e+01 3.3800e+02 2.1312e+01 3.3803e+01
2.0259e+00 1.1067e+01 1.2801e+01 3.7150e+02 1.1818e+01 1.5984e+01 -6.7629e+00 9.9318e+00 3.4145e+02 2.2396e+01 3.3517e+02 2.0642e+01 3.2648e+01
2.0732e+00 1.0705e+01 1.2404e+01 3.6759e+02 1.1443e+01 1.5452e+01 -6.5561e+00 9.6032e+00 3.3847e+02 2.1719e+01 3.3235e+02 1.9990e+01 3.1527e+01
2.1216e+00 1.0355e+01 1.2017e+01 3.6371e+02 1.1078e+01 1.4937e+01 -6.3547e+00 9.2843e+00 3.3548e+02 2.1059e+01 3.2953e+02 1.9355e+01 3.0440e+01
2.1711e+00 1.0015e+01 1.1641e+01 3.5985e+02 1.0723e+01 1.4436e+01 -6.1584e+00 8.9749e+00 3.3250e+02 2.0414e+01 3.2670e+02 1.8736e+01 2.9387e+01
2.2217e+00 9.6851e+00 1.1275e+01 3.5601e+02 1.0378e+01 1.3951e+01 -5.9670e+00 8.6747e+00 3.2951e+02 1.9786e+01 3.2387e+02 1.8135e+01 2.8365e+01
2.2736e+00 9.3642e+00 1.0918e+01 3.5219e+02 1.0042e+01 1.3480e+01 -5.7803e+00 8.3829e+00 3.2653e+02 1.9172e+01 3.2104e+02 1.7549e+01 2.7374e+01
2.3267e+00 9.0485e+00 1.0567e+01 3.4840e+02 9.7124e+00 1.3019e+01 -5.5978e+00 8.0980e+00 3.2355e+02 1.8574e+01 3.1821e+02 1.6978e+01 2.6414e+01
2.3810e+00 8.7427e+00 1.0226e+01 3.4463e+02 9.3924e+00 1.2572e+01 -5.4195e+00 7.8217e+00 3.2057e+02 1.7989e+01 3.1538e+02 1.6422e+01 2.5483e+01
2.4365e+00 8.4464e+00 9.8950e+00 3.4088e+02 9.0816e+00 1.2139e+01 -5.2454e+00 7.5540e+00 3.1760e+02 1.7420e+01 3.1255e+02 1.5882e+01 2.4580e+01
2.4934e+00 8.1596e+00 9.5729e+00 3.3716e+02 8.7799e+00 1.1719e+01 -5.0758e+00 7.2946e+00 3.1463e+02 1.6865e+01 3.0972e+02 1.5356e+01 2.3706e+01
2.5516e+00 7.8819e+00 9.2600e+00 3.3347e+02 8.4871e+00 1.1313e+01 -4.9110e+00 7.0433e+00 3.1166e+02 1.6325e+01 3.0689e+02 1.4845e+01 2.2860e+01
2.6112e+00 7.6131e+00 8.9562e+00 3.2979e+02 8.2031e+00 1.0919e+01 -4.7511e+00 6.7999e+00 3.0870e+02 1.5799e+01 3.0407e+02 1.4349e+01 2.2041e+01
2.6721e+00 7.3486e+00 8.6585e+00 3.2615e+02 7.9250e+00 1.0535e+01 -4.5955e+00 6.5622e+00 3.0575e+02 1.5287e+01 3.0125e+02 1.3867e+01 2.1248e+01
2.7345e+00 7.0923e+00 8.3691e+00 3.2252e+02 7.6550e+00 1.0163e+01 -4.4440e+00 6.3320e+00 3.0280e+02 1.4789e+01 2.9843e+02 1.3399e+01 2.0480e+01
2.7983e+00 6.8443e+00 8.0883e+00 3.1893e+02 7.3933e+00 9.8022e+00 -4.2963e+00 6.1091e+00 2.9986e+02 1.4304e+01 2.9562e+02 1.2944e+01 1.9737e+01
2.8636e+00 6.6046e+00 7.8158e+00 3.1535e+02 7.1395e+00 9.4535e+00 -4.1524e+00 5.8935e+00 2.9692e+02 1.3832e+01 2.9281e+02 1.2502e+01 1.9018e+01
2.9304e+00 6.3728e+00 7.5513e+00 3.1181e+02 6.8935e+00 9.1162e+00 -4.0126e+00 5.6848e+00 2.9400e+02 1.3374e+01 2.9000e+02 1.2073e+01 1.8323e+01
2.9988e+00 6.1488e+00 7.2949e+00 3.0829e+02 6.6552e+00 8.7899e+00 -3.8770e+00 5.4830e+00 2.9108e+02 1.2928e+01 2.8720e+02 1.1657e+01 1.7650e+01
3.0688e+00 5.9300e+00 7.0450e+00 3.0479e+02 6.4232e+00 8.4728e+00 -3.7454e+00 5.2867e+00 2.8817e+02 1.2494e+01 2.8441e+02 1.1253e+01 1.7000e+01
3.1405e+00 5.7171e+00 6.8017e+00 3.0132e+02 6.1975e+00 8.1652e+00 -3.6175e+00 5.0963e+00 2.8526e+02 1.2073e+01 2.8162e+02 1.0862e+01 1.6372e+01
3.2138e+00 5.5114e+00 6.5661e+00 2.9788e+02 5.9791e+00 7.8678e+00 -3.4933e+00 4.9123e+00 2.8237e+02 1.1664e+01 2.7884e+02 1.0482e+01 1.5764e+01
3.2888e+00 5.3128e+00 6.3378e+00 2.9446e+02 5.7677e+00 7.5804e+00 -3.3726e+00 4.7344e+00 2.7949e+02 1.1267e+01 2.7607e+02 1.0114e+01 1.5177e+01
3.3655e+00 5.1211e+00 6.1166e+00 2.9106e+02 5.5631e+00 7.3027e+00 -3.2554e+00 4.5625e+00 2.7661e+02 1.0882e+01 2.7330e+02 9.7571e+00 1.4609e+01
3.4441e+00 4.9360e+00 5.9023e+00 2.8769e+02 5.3650e+00 7.0345e+00 -3.1418e+00 4.3964e+00 2.7375e+02 1.0507e+01 2.7054e+02 9.4113e+00 1.4061e+01
3.5245e+00 4.7564e+00 5.6943e+00 2.8435e+02 5.1729e+00 6.7749e+00 -3.0317e+00 4.2355e+00 2.7089e+02 1.0144e+01 2.6778e+02 9.0761e+00 1.3531e+01
3.6067e+00 4.5811e+00 5.4918e+00 2.8104e+02 4.9860e+00 6.5227e+00 -2.9249e+00 4.0793e+00 2.6805e+02 9.7914e+00 2.6504e+02 8.7515e+00 1.3020e+01
3.6909e+00 4.4119e+00 5.2959e+00 2.7775e+02 4.8054e+00 6.2792e+00 -2.8214e+00 3.9284e+00 2.6522e+02 9.4497e+00 2.6231e+02 8.4373e+00 1.2526e+01
3.7771e+00 4.2487e+00 5.1063e+00 2.7448e+02 4.6307e+00 6.0442e+00 -2.7210e+00 3.7827e+00 2.6240e+02 9.1183e+00 2.5958e+02 8.1329e+00 1.2050e+01
3.8652e+00 4.0914e+00 4.9229e+00 2.7124e+02 4.4619e+00 5.8174e+00 -2.6237e+00 3.6421e+00 2.5959e+02 8.7970e+00 2.5687e+02 7.8384e+00 1.1590e+01
3.9554e+00 3.9396e+00 4.7456e+00 2.6802e+02 4.2988e+00 5.5986e+00 -2.5295e+00 3.5064e+00 2.5680e+02 8.4856e+00 2.5416e+02 7.5533e+00 1.1146e+01
4.0478e+00 3.7934e+00 4.5740e+00 2.6483e+02 4.1412e+00 5.3875e+00 -2.4383e+00 3.3755e+00 2.5401e+02 8.1838e+00 2.5146e+02 7.2774e+00 1.0717e+01
4.1422e+00 3.6501e+00 4.4070e+00 2.6167e+02 3.9878e+00 5.1823e+00 -2.3499e+00 3.2482e+00 2.5124e+02 7.8916e+00 2.4877e+02 7.0106e+00 1.0304e+01
4.2389e+00 3.5120e+00 4.2456e+00 2.5853e+02 3.8396e+00 4.9844e+00 -2.2644e+00 3.1253e+00 2.4848e+02 7.6085e+00 2.4609e+02 6.7525e+00 9.9054e+00
4.3379e+00 3.3790e+00 4.0896e+00 2.5541e+02 3.6965e+00 4.7936e+00 -2.1816e+00 3.0069e+00 2.4572e+02 7.3344e+00 2.4341e+02 6.5030e+00 9.5209e+00
4.4391e+00 3.2508e+00 3.9387e+00 2.5231e+02 3.5583e+00 4.6097e+00 -2.1015e+00 2.8926e+00 2.4298e+02 7.0689e+00 2.4075e+02 6.2616e+00 9.1502e+00
4.5427e+00 3.1274e+00 3.7931e+00 2.4924e+02 3.4250e+00 4.4324e+00 -2.0240e+00 2.7825e+00 2.4026e+02 6.8119e+00 2.3810e+02 6.0284e+00 8.7928e+00
4.6487e+00 3.0085e+00 3.6525e+00 2.4620e+02 3.2963e+00 4.2616e+00 -1.9491e+00 2.6764e+00 2.3754e+02 6.5634e+00 2.3546e+02 5.8030e+00 8.4483e+00
4.7572e+00 2.8929e+00 3.5160e+00 2.4317e+02 3.1716e+00 4.0962e+00 -1.8766e+00 2.5735e+00 2.3484e+02 6.3228e+00 2.3283e+02 5.5852e+00 8.1163e+00
4.8683e+00 2.7810e+00 3.3840e+00 2.4018e+02 3.0509e+00 3.9364e+00 -1.8066e+00 2.4742e+00 2.3215e+02 6.0902e+00 2.3021e+02 5.3748e+00 7.7964e+00
4.9819e+00 2.6733e+00 3.2566e+00 2.3720e+02 2.9346e+00 3.7826e+00 -1.7389e+00 2.3785e+00 2.2948e+02 5.8652e+00 2.2761e+02 5.1716e+00 7.4881e+00
5.0982e+00 2.5696e+00 3.1336e+00 2.3425e+02 2.8223e+00 3.6344e+00 -1.6735e+00 2.2863e+00 2.2681e+02 5.6477e+00 2.2501e+02 4.9753e+00 7.1911e+00
5.2172e+00 2.4699e+00 3.0150e+00 2.3131e+02 2.7142e+00 3.4917e+00 -1.6102e+00 2.1974e+00 2.2416e+02 5.4374e+00 2.2242e+02 4.7859e+00 6.9051e+00
5.3389e+00 2.3739e+00 2.9004e+00 2.2841e+02 2.6098e+00 3.3544e+00 -1.5492e+00 2.1119e+00 2.2153e+02 5.2341e+00 2.1984e+02 4.6029e+00 6.6297e+00
5.4636e+00 2.2812e+00 2.7899e+00 2.2552e+02 2.5091e+00 3.2219e+00 -1.4902e+00 2.0294e+00 2.1891e+02 5.0377e+00 2.1728e+02 4.4264e+00 6.3645e+00
5.5911e+00 2.1911e+00 2.6827e+00 2.2266e+02 2.4116e+00 3.0938e+00 -1.4333e+00 1.9495e+00 2.1630e+02 4.8480e+00 2.1473e+02 4.2560e+00 6.1091e+00
5.7216e+00 2.1045e+00 2.5794e+00 2.1982e+02 2.3177e+00 2.9705e+00 -1.3783e+00 1.8726e+00 2.1370e+02 4.6647e+00 2.1219e+02 4.0917e+00 5.8633e+00
5.8551e+00 2.0212e+00 2.4799e+00 2.1700e+02 2.2272e+00 2.8519e+00 -1.3253e+00 1.7987e+00 2.1112e+02 4.4878e+00 2.0966e+02 3.9332e+00 5.6268e+00
5.9918e+00 1.9412e+00 2.3839e+00 2.1420e+02 2.1400e+00 2.7378e+00 -1.2741e+00 1.7275e+00 2.0855e+02 4.3169e+00 2.0714e+02 3.7803e+00 5.3991e+00
6.1316e+00 1.8642e+00 2.2914e+00 2.1143e+02 2.0561e+00 2.6281e+00 -1.2247e+00 1.6590e+00 2.0599e+02 4.1519e+00 2.0463e+02 3.6329e+00 5.1801e+00
6.2747e+00 1.7903e+00 2.2023e+00 2.0867e+02 1.9752e+00 2.5226e+00 -1.1771e+00 1.5931e+00 2.0344e+02 3.9927e+00 2.0214e+02 3.4908e+00 4.9694e+00
6.4212e+00 1.7182e+00 2.1159e+00 2.0594e+02 1.8969e+00 2.4204e+00 -1.1312e+00 1.5293e+00 2.0091e+02 3.8391e+00 1.9965e+02 3.3537e+00 4.7667e+00
6.5711e+00 1.6490e+00 2.0328e+00 2.0322e+02 1.8216e+00 2.3222e+00 -1.0869e+00 1.4679e+00 1.9839e+02 3.6908e+00 1.9718e+02 3.2217e+00 4.5718e+00
6.7244e+00 1.5825e+00 1.9527e+00 2.0053e+02 1.7490e+00 2.2278e+00 -1.0441e+00 1.4088e+00 1.9589e+02 3.5478e+00 1.9472e+02 3.0944e+00 4.3843e+00
6.8814e+00 1.5186e+00 1.8756e+00 1.9785e+02 1.6793e+00 2.1371e+00 -1.0030e+00 1.3521e+00 1.9340e+02 3.4099e+00 1.9227e+02 2.9718e+00 4.2041e+00
7.0420e+00 1.4573e+00 1.8014e+00 1.9520e+02 1.6121e+00 2.0500e+00 -9.6332e-01 1.2976e+00 1.9092e+02 3.2769e+00 1.8984e+02 2.8537e+00 4.0308e+00
7.2064e+00 1.3984e+00 1.7299e+00 1.9256e+02 1.5475e+00 1.9662e+00 -9.2509e-01 1.2451e+00 1.8846e+02 3.1486e+00 1.8741e+02 2.7399e+00 3.8643e+00
7.3745e+00 1.3414e+00 1.6609e+00 1.8995e+02 1.4852e+00 1.8854e+00 -8.8827e-01 1.1945e+00 1.8600e+02 3.0251e+00 1.8500e+02 2.6304e+00 3.7042e+00
7.5467e+00 1.2864e+00 1.5944e+00 1.8735e+02 1.4251e+00 1.8076e+00 -8.5280e-01 1.1457e+00 1.8356e+02 2.9059e+00 1.8260e+02 2.5250e+00 3.5503e+00
7.7228e+00 1.2336e+00 1.5303e+00 1.8478e+02 1.3673e+00 1.7329e+00 -8.1864e-01 1.0989e+00 1.8114e+02 2.7911e+00 1.8021e+02 2.4234e+00 3.4025e+00
7.9031e+00 1.1829e+00 1.4688e+00 1.8222e+02 1.3117e+00 1.6612e+00 -7.8575e-01 1.0539e+00 1.7873e+02 2.6805e+00 1.7784e+02 2.3256e+00 3.2605e+00
8.0875e+00 1.1343e+00 1.4096e+00 1.7968e+02 1.2584e+00 1.5923e+00 -7.5408e-01 1.0107e+00 1.7633e+02 2.5739e+00 1.7547e+02 2.2316e+00 3.1241e+00
8.2763e+00 1.0877e+00 1.3526e+00 1.7716e+02 1.2071e+00 1.5262e+00 -7.2360e-01 9.6918e-01 1.7395e+02 2.4713e+00 1.7312e+02 2.1411e+00 2.9931e+00
8.4695e+00 1.0427e+00 1.2978e+00 1.7466e+02 1.1577e+00 1.4626e+00 -6.9426e-01 9.2922e-01 1.7157e+02 2.3724e+00 1.7078e+02 2.0540e+00 2.8673e+00
8.6671e+00 9.9926e-01 1.2448e+00 1.7218e+02 1.1100e+00 1.4013e+00 -6.6603e-01 8.9070e-01 1.6922e+02 2.2773e+00 1.6845e+02 1.9702e+00 2.7465e+00
8.8694e+00 9.5757e-01 1.1940e+00 1.6971e+02 1.0643e+00 1.3425e+00 -6.3887e-01 8.5371e-01 1.6687e+02 2.1857e+00 1.6614e+02 1.8896e+00 2.6305e+00
9.0764e+00 9.1761e-01 1.1451e+00 1.6726e+02 1.0203e+00 1.2861e+00 -6.1275e-01 8.1821e-01 1.6454e+02 2.0975e+00 1.6383e+02 1.8122e+00 2.5191e+00
9.2883e+00 8.7929e-01 1.0982e+00 1.6483e+02 9.7809e-01 1.2319e+00 -5.8762e-01 7.8414e-01 1.6222e+02 2.0126e+00 1.6154e+02 1.7376e+00 2.4123e+00
9.5051e+00 8.4256e-01 1.0530e+00 1.6242e+02 9.3756e-01 1.1800e+00 -5.6345e-01 7.5145e-01 1.5991e+02 1.9309e+00 1.5926e+02 1.6660e+00 2.3097e+00
9.7269e+00 8.0733e-01 1.0097e+00 1.6002e+02 8.9863e-01 1.1302e+00 -5.4021e-01 7.2007e-01 1.5762e+02 1.8523e+00 1.5699e+02 1.5971e+00 2.2112e+00
9.9540e+00 7.7314e-01 9.6783e-01 1.5764e+02 8.6106e-01 1.0821e+00 -5.1788e-01 6.8977e-01 1.5534e+02 1.7767e+00 1.5474e+02 1.5309e+00 2.1168e+00
1.0186e+01 7.4039e-01 9.2763e-01 1.5528e+02 8.2499e-01 1.0361e+00 -4.9640e-01 6.6070e-01 1.5308e+02 1.7040e+00 1.5250e+02 1.4673e+00 2.0262e+00
1.0424e+01 7.0901e-01 8.8908e-01 1.5294e+02 7.9043e-01 9.9187e-01 -4.7577e-01 6.3283e-01 1.5082e+02 1.6342e+00 1.5027e+02 1.4063e+00 1.9392e+00
1.0667e+01 6.7895e-01 8.5201e-01 1.5060e+02 7.5721e-01 9.4952e-01 -4.5593e-01 6.0609e-01 1.4858e+02 1.5669e+00 1.4804e+02 1.3475e+00 1.8558e+00
1.0916e+01 6.5017e-01 8.1644e-01 1.4831e+02 7.2534e-01 9.0893e-01 -4.3688e-01 5.8046e-01 1.4637e+02 1.5023e+00 1.4585e+02 1.2911e+00 1.7759e+00
1.1171e+01 6.2259e-01 7.8226e-01 1.4600e+02 6.9473e-01 8.7002e-01 -4.1857e-01 5.5588e-01 1.4414e+02 1.4401e+00 1.4365e+02 1.2368e+00 1.6992e+00
1.1432e+01 5.9593e-01 7.4943e-01 1.4374e+02 6.6535e-01 8.3257e-01 -4.0100e-01 5.3220e-01 1.4195e+02 1.3804e+00 1.4148e+02 1.1849e+00 1.6257e+00
1.1699e+01 5.7032e-01 7.1780e-01 1.4148e+02 6.3704e-01 7.9663e-01 -3.8411e-01 5.0947e-01 1.3977e+02 1.3230e+00 1.3931e+02 1.1349e+00 1.5552e+00
1.1972e+01 5.4580e-01 6.8749e-01 1.3922e+02 6.0994e-01 7.6220e-01 -3.6789e-01 4.8767e-01 1.3759e+02 1.2679e+00 1.3715e+02 1.0869e+00 1.4876e+00
1.2251e+01 5.2233e-01 6.5841e-01 1.3700e+02 5.8394e-01 7.2922e-01 -3.5232e-01 4.6679e-01 1.3543e+02 1.2149e+00 1.3501e+02 1.0409e+00 1.4228e+00
1.2537e+01 4.9987e-01 6.3049e-01 1.3479e+02 5.5899e-01 6.9763e-01 -3.3738e-01 4.4678e-01 1.3329e+02 1.1640e+00 1.3289e+02 9.9664e-01 1.3607e+00
1.2830e+01 4.7836e-01 6.0378e-01 1.3260e+02 5.3514e-01 6.6737e-01 -3.2304e-01 4.2761e-01 1.3116e+02 1.1152e+00 1.3078e+02 9.5429e-01 1.3013e+00
1.3129e+01 4.5768e-01 5.7810e-01 1.3042e+02 5.1221e-01 6.3831e-01 -3.0927e-01 4.0919e-01 1.2905e+02 1.0683e+00 1.2868e+02 9.1363e-01 1.2442e+00
1.3436e+01 4.3773e-01 5.5336e-01 1.2824e+02 4.9014e-01 6.1040e-01 -2.9605e-01 3.9147e-01 1.2693e+02 1.0232e+00 1.2657e+02 8.7455e-01 1.1896e+00
1.3749e+01 4.1866e-01 5.2965e-01 1.2611e+02 4.6899e-01 5.8368e-01 -2.8337e-01 3.7451e-01 1.2485e+02 9.7990e-01 1.2451e+02 8.3706e-01 1.1373e+00
1.4070e+01 4.0041e-01 5.0688e-01 1.2398e+02 4.4867e-01 5.5810e-01 -2.7121e-01 3.5826e-01 1.2278e+02 9.3828e-01 1.2245e+02 8.0104e-01 1.0872e+00
1.4398e+01 3.8296e-01 4.8518e-01 1.2187e+02 4.2934e-01 5.3362e-01 -2.5954e-01 3.4271e-01 1.2072e+02 8.9852e-01 1.2040e+02 7.6667e-01 1.0392e+00
1.4735e+01 3.6626e-01 4.6429e-01 1.1977e+02 4.1072e-01 5.1018e-01 -2.4835e-01 3.2781e-01 1.1867e+02 8.6022e-01 1.1837e+02 7.3357e-01 9.9321e-01
1.5078e+01 3.5028e-01 4.4424e-01 1.1769e+02 3.9287e-01 4.8773e-01 -2.3761e-01 3.1354e-01 1.1663e+02 8.2345e-01 1.1635e+02 7.0181e-01 9.4919e-01
1.5430e+01 3.3482e-01 4.2499e-01 1.1563e+02 3.7572e-01 4.6615e-01 -2.2732e-01 2.9980e-01 1.1462e+02 7.8822e-01 1.1435e+02 6.7141e-01 9.0704e-01
1.5791e+01 3.2004e-01 4.0656e-01 1.1359e+02 3.5933e-01 4.4549e-01 -2.1746e-01 2.8665e-01 1.1262e+02 7.5446e-01 1.1236e+02 6.4230e-01 8.6669e-01
1.6159e+01 3.0591e-01 3.8889e-01 1.1155e+02 3.4361e-01 4.2573e-01 -2.0800e-01 2.7406e-01 1.1063e+02 7.2204e-01 1.1038e+02 6.1437e-01 8.2805e-01
1.6536e+01 2.9241e-01 3.7196e-01 1.0955e+02 3.2855e-01 4.0683e-01 -1.9893e-01 2.6201e-01 1.0866e+02 6.9093e-01 1.0842e+02 5.8758e-01 7.9108e-01
1.6922e+01 2.7950e-01 3.5575e-01 1.0755e+02 3.1413e-01 3.8875e-01 -1.9024e-01 2.5048e-01 1.0671e+02 6.6110e-01 1.0648e+02 5.6190e-01 7.5569e-01
1.7317e+01 2.6717e-01 3.4021e-01 1.0558e+02 3.0033e-01 3.7146e-01 -1.8191e-01 2.3945e-01 1.0477e+02 6.3249e-01 1.0455e+02 5.3730e-01 7.2182e-01
1.7721e+01 2.5526e-01 3.2529e-01 1.0361e+02 2.8707e-01 3.5484e-01 -1.7393e-01 2.2885e-01 1.0284e+02 6.0506e-01 1.0263e+02 5.1372e-01 6.8941e-01
1.8135e+01 2.4386e-01 3.1101e-01 1.0168e+02 2.7440e-01 3.3894e-01 -1.6629e-01 2.1869e-01 1.0094e+02 5.7881e-01 1.0073e+02 4.9118e-01 6.5839e-01
1.8558e+01 2.3296e-01 2.9730e-01 9.9752e+01 2.6222e-01 3.2373e-01 -1.5896e-01 2.0898e-01 9.9046e+01 5.5358e-01 9.8850e+01 4.6952e-01 6.2873e-01
1.8991e+01 2.2256e-01 2.8422e-01 9.7848e+01 2.5062e-01 3.0920e-01 -1.5195e-01 1.9968e-01 9.7174e+01 5.2946e-01 9.6987e+01 4.4883e-01 6.0034e-01
1.9435e+01 2.1261e-01 2.7169e-01 9.5961e+01 2.3950e-01 2.9530e-01 -1.4523e-01 1.9080e-01 9.5317e+01 5.0633e-01 9.5137e+01 4.2901e-01 5.7319e-01
1.9888e+01 2.0312e-01 2.5968e-01 9.4096e+01 2.2885e-01 2.8202e-01 -1.3879e-01 1.8230e-01 9.3480e+01 4.8414e-01 9.3308e+01 4.0999e-01 5.4723e-01
2.0352e+01 1.9399e-01 2.4818e-01 9.2241e+01 2.1865e-01 2.6929e-01 -1.3263e-01 1.7415e-01 9.1652e+01 4.6290e-01 9.1488e+01 3.9181e-01 5.2239e-01
2.0828e+01 1.8523e-01 2.3713e-01 9.0413e+01 2.0886e-01 2.5708e-01 -1.2673e-01 1.6633e-01 8.9851e+01 4.4253e-01 8.9693e+01 3.7438e-01 4.9865e-01
2.1314e+01 1.7686e-01 2.2657e-01 8.8603e+01 1.9951e-01 2.4543e-01 -1.2108e-01 1.5886e-01 8.8066e+01 4.2304e-01 8.7915e+01 3.5771e-01 4.7594e-01
2.1811e+01 1.6886e-01 2.1647e-01 8.6814e+01 1.9056e-01 2.3428e-01 -1.1567e-01 1.5172e-01 8.6301e+01 4.0436e-01 8.6157e+01 3.4174e-01 4.5423e-01
2.2320e+01 1.6123e-01 2.0681e-01 8.5046e+01 1.8201e-01 2.2364e-01 -1.1050e-01 1.4489e-01 8.4556e+01 3.8647e-01 8.4417e+01 3.2647e-01 4.3348e-01
2.2841e+01 1.5395e-01 1.9757e-01 8.3293e+01 1.7384e-01 2.1347e-01 -1.0554e-01 1.3836e-01 8.2825e+01 3.6935e-01 8.2692e+01 3.1185e-01 4.1363e-01
2.3374e+01 1.4698e-01 1.8872e-01 8.1567e+01 1.6601e-01 2.0375e-01 -1.0080e-01 1.3212e-01 8.1120e+01 3.5294e-01 8.0994e+01 2.9785e-01 3.9467e-01
2.3920e+01 1.4027e-01 1.8024e-01 7.9855e+01 1.5851e-01 1.9442e-01 -9.6268e-02 1.2613e-01 7.9428e+01 3.3725e-01 7.9307e+01 2.8447e-01 3.7655e-01
2.4478e+01 1.3386e-01 1.7211e-01 7.8174e+01 1.5132e-01 1.8551e-01 -9.1929e-02 1.2040e-01 7.7766e+01 3.2220e-01 7.7650e+01 2.7164e-01 3.5922e-01
2.5049e+01 1.2774e-01 1.6436e-01 7.6509e+01 1.4447e-01 1.7700e-01 -8.7778e-02 1.1493e-01 7.6120e+01 3.0782e-01 7.6009e+01 2.5940e-01 3.4267e-01
2.5634e+01 1.2191e-01 1.5695e-01 7.4866e+01 1.3792e-01 1.6888e-01 -8.3807e-02 1.0970e-01 7.4494e+01 2.9406e-01 7.4388e+01 2.4769e-01 3.2686e-01
2.6232e+01 1.1634e-01 1.4985e-01 7.3244e+01 1.3164e-01 1.6112e-01 -8.0009e-02 1.0471e-01 7.2889e+01 2.8086e-01 7.2788e+01 2.3646e-01 3.1175e-01
2.6845e+01 1.1103e-01 1.4308e-01 7.1645e+01 1.2566e-01 1.5371e-01 -7.6377e-02 9.9938e-02 7.1307e+01 2.6826e-01 7.1210e+01 2.2574e-01 2.9731e-01
2.7471e+01 1.0591e-01 1.3656e-01 7.0073e+01 1.1991e-01 1.4661e-01 -7.2904e-02 9.5361e-02 6.9750e+01 2.5617e-01 6.9658e+01 2.1547e-01 2.8352e-01
2.8112e+01 1.0102e-01 1.3037e-01 6.8523e+01 1.1445e-01 1.3982e-01 -6.9583e-02 9.0986e-02 6.8214e+01 2.4466e-01 6.8126e+01 2.0570e-01 2.7035e-01
2.8769e+01 9.6354e-02 1.2441e-01 6.6992e+01 1.0919e-01 1.3335e-01 -6.6408e-02 8.6808e-02 6.6697e+01 2.3360e-01 6.6613e+01 1.9630e-01 2.5778e-01
2.9440e+01 9.1906e-02 1.1875e-01 6.5483e+01 1.0420e-01 1.2716e-01 -6.3372e-02 8.2819e-02 6.5203e+01 2.2305e-01 6.5122e+01 1.8736e-01 2.4576e-01
3.0127e+01 8.7664e-02 1.1333e-01 6.4001e+01 9.9415e-02 1.2126e-01 -6.0470e-02 7.9010e-02 6.3733e+01 2.1294e-01 6.3655e+01 1.7879e-01 2.3429e-01
3.0830e+01 8.3618e-02 1.0815e-01 6.2540e+01 9.4847e-02 1.1563e-01 -5.7696e-02 7.5375e-02 6.2285e+01 2.0327e-01 6.2211e+01 1.7059e-01 2.2334e-01
3.1550e+01 7.9737e-02 1.0319e-01 6.1104e+01 9.0475e-02 1.1025e-01 -5.5045e-02 7.1893e-02 6.0860e+01 1.9403e-01 6.0790e+01 1.6276e-01 2.1288e-01
3.2286e+01 7.6018e-02 9.8442e-02 5.9693e+01 8.6295e-02 1.0509e-01 -5.2512e-02 6.8562e-02 5.9461e+01 1.8520e-01 5.9393e+01 1.5528e-01 2.0289e-01
3.3040e+01 7.2472e-02 9.3910e-02 5.8306e+01 8.2303e-02 1.0018e-01 -5.0092e-02 6.5382e-02 5.8085e+01 1.7675e-01 5.8020e+01 1.4813e-01 1.9336e-01
3.3811e+01 6.9092e-02 8.9591e-02 5.6941e+01 7.8500e-02 9.5488e-02 -4.7779e-02 6.2347e-02 5.6730e+01 1.6868e-01 5.6668e+01 1.4131e-01 1.8427e-01
3.4600e+01 6.5871e-02 8.5455e-02 5.5602e+01 7.4858e-02 9.1014e-02 -4.5569e-02 5.9452e-02 5.5400e+01 1.6096e-01 5.5341e+01 1.3478e-01 1.7558e-01
3.5408e+01 6.2800e-02 8.1509e-02 5.4285e+01 7.1386e-02 8.6748e-02 -4.3459e-02 5.6688e-02 5.4092e+01 1.5358e-01 5.4036e+01 1.2854e-01 1.6730e-01
3.6234e+01 5.9866e-02 7.7745e-02 5.2991e+01 6.8074e-02 8.2673e-02 -4.1442e-02 5.4049e-02 5.2807e+01 1.4653e-01 5.2754e+01 1.2259e-01 1.5939e-01
3.7080e+01 5.7045e-02 7.4130e-02 5.1723e+01 6.4893e-02 7.8772e-02 -3.9517e-02 5.1519e-02 5.1548e+01 1.3979e-01 5.1497e+01 1.1690e-01 1.5184e-01
3.7945e+01 5.4358e-02 7.0690e-02 5.0477e+01 6.1869e-02 7.5052e-02 -3.7677e-02 4.9106e-02 5.0310e+01 1.3336e-01 5.0261e+01 1.1148e-01 1.4464e-01
3.8831e+01 5.1797e-02 6.7399e-02 4.9252e+01 5.8975e-02 7.1505e-02 -3.5921e-02 4.6804e-02 4.9093e+01 1.2720e-01 4.9047e+01 1.0628e-01 1.3777e-01
3.9737e+01 4.9358e-02 6.4262e-02 4.8052e+01 5.6218e-02 6.8123e-02 -3.4244e-02 4.4609e-02 4.7901e+01 1.2132e-01 4.7856e+01 1.0133e-01 1.3122e-01
4.0665e+01 4.7034e-02 6.1267e-02 4.6872e+01 5.3586e-02 6.4899e-02 -3.2642e-02 4.2515e-02 4.6728e+01 1.1571e-01 4.6685e+01 9.6598e-02 1.2496e-01
4.1614e+01 4.4819e-02 5.8410e-02 4.5716e+01 5.1076e-02 6.1825e-02 -3.1113e-02 4.0518e-02 4.5578e+01 1.1034e-01 4.5537e+01 9.2081e-02 1.1900e-01
4.2585e+01 4.2689e-02 5.5672e-02 4.4582e+01 4.8671e-02 5.8881e-02 -2.9654e-02 3.8604e-02 4.4450e+01 1.0522e-01 4.4412e+01 8.7768e-02 1.1331e-01
4.3579e+01 4.0658e-02 5.3057e-02 4.3467e+01 4.6375e-02 5.6074e-02 -2.8260e-02 3.6778e-02 4.3342e+01 1.0032e-01 4.3305e+01 8.3648e-02 1.0789e-01
4.4596e+01 3.8724e-02 5.0566e-02 4.2375e+01 4.4188e-02 5.3399e-02 -2.6931e-02 3.5037e-02 4.2256e+01 9.5652e-02 4.2221e+01 7.9719e-02 1.0271e-01
4.5637e+01 3.6882e-02 4.8191e-02 4.1301e+01 4.2103e-02 5.0849e-02 -2.5661e-02 3.3377e-02 4.1188e+01 9.1192e-02 4.1154e+01 7.5972e-02 9.7782e-02
4.6702e+01 3.5128e-02 4.5925e-02 4.0248e+01 4.0115e-02 4.8420e-02 -2.4450e-02 3.1795e-02 4.0140e+01 8.6933e-02 4.0107e+01 7.2393e-02 9.3079e-02
4.7792e+01 3.3458e-02 4.3761e-02 3.9212e+01 3.8217e-02 4.6104e-02 -2.3294e-02 3.0287e-02 3.9109e+01 8.2863e-02 3.9078e+01 6.8974e-02 8.8594e-02
4.8908e+01 3.1857e-02 4.1695e-02 3.8196e+01 3.6405e-02 4.3892e-02 -2.2191e-02 2.8844e-02 3.8098e+01 7.8981e-02 3.8069e+01 6.5716e-02 8.4319e-02
5.0049e+01 3.0326e-02 3.9718e-02 3.7198e+01 3.4672e-02 4.1779e-02 -2.1139e-02 2.7466e-02 3.7104e+01 7.5272e-02 3.7076e+01 6.2603e-02 8.0244e-02
5.1218e+01 2.8869e-02 3.7835e-02 3.6216e+01 3.3021e-02 3.9767e-02 -2.0135e-02 2.6153e-02 3.6127e+01 7.1733e-02 3.6101e+01 5.9635e-02 7.6359e-02
5.2413e+01 2.7482e-02 3.6040e-02 3.5252e+01 3.1447e-02 3.7850e-02 -1.9177e-02 2.4902e-02 3.5168e+01 6.8356e-02 3.5142e+01 5.6804e-02 7.2656e-02
5.3636e+01 2.6162e-02 3.4328e-02 3.4304e+01 2.9948e-02 3.6024e-02 -1.8263e-02 2.3710e-02 3.4224e+01 6.5132e-02 3.4199e+01 5.4103e-02 6.9127e-02
5.4888e+01 2.4905e-02 3.2700e-02 3.3372e+01 2.8521e-02 3.4285e-02 -1.7392e-02 2.2574e-02 3.3295e+01 6.2061e-02 3.3272e+01 5.1531e-02 6.5764e-02
5.6169e+01 2.3706e-02 3.1140e-02 3.2455e+01 2.7155e-02 3.2626e-02 -1.6561e-02 2.1490e-02 3.2382e+01 5.9121e-02 3.2359e+01 4.9069e-02 6.2560e-02
5.7480e+01 2.2555e-02 2.9651e-02 3.1553e+01 2.5851e-02 3.1040e-02 -1.5768e-02 2.0453e-02 3.1483e+01 5.6321e-02 3.1462e+01 4.6726e-02 5.9506e-02
5.8822e+01 2.1461e-02 2.8231e-02 3.0666e+01 2.4608e-02 2.9530e-02 -1.5013e-02 1.9465e-02 3.0600e+01 5.3648e-02 3.0580e+01 4.4490e-02 5.6597e-02
6.0195e+01 2.0419e-02 2.6879e-02 2.9794e+01 2.3425e-02 2.8093e-02 -1.4292e-02 1.8524e-02 2.9731e+01 5.1099e-02 2.9712e+01 4.2358e-02 5.3825e-02
6.1600e+01 1.9428e-02 2.5592e-02 2.8936e+01 2.2298e-02 2.6724e-02 -1.3605e-02 1.7628e-02 2.8876e+01 4.8669e-02 2.8858e+01 4.0328e-02 5.1184e-02
6.3038e+01 1.8485e-02 2.4363e-02 2.8094e+01 2.1224e-02 2.5421e-02 -1.2950e-02 1.6774e-02 2.8037e+01 4.6349e-02 2.8020e+01 3.8389e-02 4.8669e-02
6.4509e+01 1.7588e-02 2.3193e-02 2.7265e+01 2.0200e-02 2.4180e-02 -1.2325e-02 1.5961e-02 2.7210e+01 4.4136e-02 2.7194e+01 3.6541e-02 4.6273e-02
6.6014e+01 1.6726e-02 2.2074e-02 2.6451e+01 1.9222e-02 2.2993e-02 -1.1730e-02 1.5183e-02 2.6399e+01 4.2027e-02 2.6384e+01 3.4780e-02 4.3991e-02
6.7555e+01 1.5906e-02 2.1007e-02 2.5652e+01 1.8289e-02 2.1863e-02 -1.1162e-02 1.4442e-02 2.5603e+01 4.0015e-02 2.5588e+01 3.3101e-02 4.1818e-02
6.9132e+01 1.5125e-02 1.9991e-02 2.4869e+01 1.7401e-02 2.0788e-02 -1.0621e-02 1.3737e-02 2.4822e+01 3.8096e-02 2.4807e+01 3.1500e-02 3.9748e-02
7.0746e+01 1.4383e-02 1.9024e-02 2.4100e+01 1.6556e-02 1.9764e-02 -1.0106e-02 1.3065e-02 2.4056e+01 3.6268e-02 2.4042e+01 2.9976e-02 3.7778e-02
7.2397e+01 1.3678e-02 1.8102e-02 2.3349e+01 1.5750e-02 1.8790e-02 -9.6147e-03 1.2425e-02 2.3306e+01 3.4522e-02 2.3293e+01 2.8521e-02 3.5901e-02
7.4087e+01 1.3007e-02 1.7226e-02 2.2614e+01 1.4985e-02 1.7863e-02 -9.1466e-03 1.1817e-02 2.2574e+01 3.2862e-02 2.2561e+01 2.7138e-02 3.4115e-02
7.5816e+01 1.2364e-02 1.6387e-02 2.1896e+01 1.4252e-02 1.6978e-02 -8.7005e-03 1.1235e-02 2.1858e+01 3.1276e-02 2.1846e+01 2.5817e-02 3.2414e-02
7.7585e+01 1.1751e-02 1.5587e-02 2.1196e+01 1.3553e-02 1.6135e-02 -8.2756e-03 1.0681e-02 2.1160e+01 2.9763e-02 2.1149e+01 2.4558e-02 3.0795e-02
7.9396e+01 1.1168e-02 1.4826e-02 2.0514e+01 1.2890e-02 1.5333e-02 -7.8707e-03 1.0153e-02 2.0480e+01 2.8324e-02 2.0469e+01 2.3361e-02 2.9254e-02
8.1249e+01 1.0614e-02 1.4102e-02 1.9851e+01 1.2257e-02 1.4569e-02 -7.4849e-03 9.6506e-03 1.9818e+01 2.6952e-02 1.9808e+01 2.2219e-02 2.7787e-02
8.3146e+01 1.0088e-02 1.3412e-02 1.9207e+01 1.1655e-02 1.3843e-02 -7.1175e-03 9.1726e-03 1.9176e+01 2.5643e-02 1.9166e+01 2.1131e-02 2.6391e-02
8.5086e+01 9.5871e-03 1.2755e-02 1.8583e+01 1.1082e-02 1.3153e-02 -6.7675e-03 8.7179e-03 1.8553e+01 2.4396e-02 1.8543e+01 2.0095e-02 2.5063e-02
8.7072e+01 9.1096e-03 1.2129e-02 1.7977e+01 1.0536e-02 1.2495e-02 -6.4342e-03 8.2845e-03 1.7949e+01 2.3209e-02 1.7940e+01 1.9109e-02 2.3799e-02
8.9105e+01 8.6525e-03 1.1532e-02 1.7391e+01 1.0015e-02 1.1867e-02 -6.1167e-03 7.8706e-03 1.7364e+01 2.2077e-02 1.7356e+01 1.8169e-02 2.2596e-02
9.1184e+01 8.2182e-03 1.0963e-02 1.6823e+01 9.5190e-03 1.1270e-02 -5.8143e-03 7.4769e-03 1.6798e+01 2.0999e-02 1.6790e+01 1.7274e-02 2.1452e-02
9.3313e+01 7.8056e-03 1.0421e-02 1.6274e+01 9.0465e-03 1.0702e-02 -5.5264e-03 7.1025e-03 1.6250e+01 1.9971e-02 1.6243e+01 1.6421e-02 2.0363e-02
9.5490e+01 7.4135e-03 9.9065e-03 1.5743e+01 8.5981e-03 1.0162e-02 -5.2522e-03 6.7463e-03 1.5720e+01 1.8993e-02 1.5713e+01 1.5610e-02 1.9327e-02
9.7719e+01 7.0410e-03 9.4160e-03 1.5228e+01 8.1707e-03 9.6489e-03 -4.9912e-03 6.4076e-03 1.5206e+01 1.8060e-02 1.5200e+01 1.4836e-02 1.8342e-02
1.0000e+02 6.6870e-03 8.9497e-03 1.4730e+01 7.7644e-03 9.1610e-03 -4.7427e-03 6.0854e-03 1.4709e+01 1.7173e-02 1.4702e+01 1.4101e-02 1.7405e-02
