1.0000e-03 3.7552e-03 -5.3195e-04 6.4049e-04 9.1339e-04 5.2343e-01 6.9787e-01 4.1959e-01 1.6753e-04 -1.7088e-01 1.7171e-01 7.6082e-02 7.0099e+02
1.0233e-03 4.1044e-03 -5.7938e-04 7.0098e-04 9.9922e-04 5.4954e-01 7.3246e-01 4.4050e-01 1.8427e-04 -1.7938e-01 1.8029e-01 8.0345e-02 7.1498e+02
1.0472e-03 4.4857e-03 -6.3094e-04 7.6715e-04 1.0930e-03 5.7688e-01 7.6868e-01 4.6241e-01 2.0270e-04 -1.8828e-01 1.8928e-01 8.4739e-02 7.2909e+02
1.0717e-03 4.9020e-03 -6.8698e-04 8.3953e-04 1.1956e-03 6.0553e-01 8.0660e-01 4.8536e-01 2.2299e-04 -1.9760e-01 1.9870e-01 8.9279e-02 7.4341e+02
1.0967e-03 5.3566e-03 -7.4787e-04 9.1870e-04 1.3077e-03 6.3556e-01 8.4633e-01 5.0941e-01 2.4533e-04 -2.0737e-01 2.0857e-01 9.3982e-02 7.5804e+02
1.1223e-03 5.8528e-03 -8.1401e-04 1.0053e-03 1.4302e-03 6.6705e-01 8.8795e-01 5.3463e-01 2.6992e-04 -2.1761e-01 2.1892e-01 9.8875e-02 7.7307e+02
1.1485e-03 6.3945e-03 -8.8585e-04 1.1000e-03 1.5641e-03 7.0006e-01 9.3156e-01 5.6106e-01 2.9699e-04 -2.2834e-01 2.2978e-01 1.0399e-01 7.8855e+02
1.1753e-03 6.9858e-03 -9.6387e-04 1.2036e-03 1.7104e-03 7.3467e-01 9.7726e-01 5.8878e-01 3.2678e-04 -2.3958e-01 2.4116e-01 1.0936e-01 8.0451e+02
1.2027e-03 7.6311e-03 -1.0486e-03 1.3168e-03 1.8703e-03 7.7095e-01 1.0251e+00 6.1784e-01 3.5958e-04 -2.5137e-01 2.5310e-01 1.1504e-01 8.2095e+02
1.2308e-03 8.3353e-03 -1.1405e-03 1.4407e-03 2.0450e-03 8.0899e-01 1.0753e+00 6.4829e-01 3.9568e-04 -2.6372e-01 2.6561e-01 1.2106e-01 8.3780e+02
1.2595e-03 9.1037e-03 -1.2402e-03 1.5761e-03 2.2358e-03 8.4884e-01 1.1278e+00 6.8020e-01 4.3542e-04 -2.7666e-01 2.7873e-01 1.2748e-01 8.5496e+02
1.2889e-03 9.9421e-03 -1.3484e-03 1.7242e-03 2.4443e-03 8.9058e-01 1.1827e+00 7.1362e-01 4.7916e-04 -2.9020e-01 2.9247e-01 1.3432e-01 8.7229e+02
1.3190e-03 1.0857e-02 -1.4658e-03 1.8861e-03 2.6721e-03 9.3428e-01 1.2402e+00 7.4860e-01 5.2731e-04 -3.0438e-01 3.0686e-01 1.4162e-01 8.8962e+02
1.3498e-03 1.1854e-02 -1.5930e-03 2.0632e-03 2.9208e-03 9.8001e-01 1.3003e+00 7.8521e-01 5.8032e-04 -3.1921e-01 3.2192e-01 1.4939e-01 9.0677e+02
1.3813e-03 1.2942e-02 -1.7309e-03 2.2567e-03 3.1925e-03 1.0279e+00 1.3631e+00 8.2351e-01 6.3867e-04 -3.3471e-01 3.3769e-01 1.5762e-01 9.2357e+02
1.4135e-03 1.4129e-02 -1.8803e-03 2.4682e-03 3.4892e-03 1.0779e+00 1.4288e+00 8.6355e-01 7.0292e-04 -3.5092e-01 3.5418e-01 1.6630e-01 9.3988e+02
1.4465e-03 1.5423e-02 -2.0422e-03 2.6995e-03 3.8132e-03 1.1302e+00 1.4973e+00 9.0542e-01 7.7366e-04 -3.6786e-01 3.7142e-01 1.7542e-01 9.5561e+02
1.4803e-03 1.6833e-02 -2.2176e-03 2.9522e-03 4.1669e-03 1.1849e+00 1.5689e+00 9.4920e-01 8.5155e-04 -3.8556e-01 3.8947e-01 1.8494e-01 9.7072e+02
1.5148e-03 1.8371e-02 -2.4074e-03 3.2285e-03 4.5531e-03 1.2421e+00 1.6437e+00 9.9498e-01 9.3732e-04 -4.0407e-01 4.0834e-01 1.9484e-01 9.8524e+02
1.5502e-03 2.0047e-02 -2.6128e-03 3.5304e-03 4.9746e-03 1.3020e+00 1.7219e+00 1.0429e+00 1.0318e-03 -4.2341e-01 4.2809e-01 2.0511e-01 9.9925e+02
1.5864e-03 2.1874e-02 -2.8351e-03 3.8604e-03 5.4347e-03 1.3646e+00 1.8036e+00 1.0929e+00 1.1358e-03 -4.4364e-01 4.4876e-01 2.1573e-01 1.0129e+03
1.6234e-03 2.3864e-02 -3.0756e-03 4.2209e-03 5.9368e-03 1.4301e+00 1.8889e+00 1.1453e+00 1.2503e-03 -4.6479e-01 4.7039e-01 2.2672e-01 1.0263e+03
1.6613e-03 2.6033e-02 -3.3356e-03 4.6149e-03 6.4847e-03 1.4987e+00 1.9782e+00 1.2002e+00 1.3764e-03 -4.8691e-01 4.9305e-01 2.3811e-01 1.0397e+03
1.7000e-03 2.8396e-02 -3.6166e-03 5.0454e-03 7.0826e-03 1.5705e+00 2.0715e+00 1.2576e+00 1.5153e-03 -5.1006e-01 5.1678e-01 2.4995e-01 1.0533e+03
1.7397e-03 3.0970e-02 -3.9202e-03 5.5158e-03 7.7349e-03 1.6457e+00 2.1691e+00 1.3177e+00 1.6683e-03 -5.3429e-01 5.4164e-01 2.6231e-01 1.0670e+03
1.7803e-03 3.3773e-02 -4.2482e-03 6.0296e-03 8.4466e-03 1.7244e+00 2.2711e+00 1.3806e+00 1.8367e-03 -5.5963e-01 5.6767e-01 2.7525e-01 1.0810e+03
1.8219e-03 3.6826e-02 -4.6023e-03 6.5910e-03 9.2228e-03 1.8068e+00 2.3778e+00 1.4465e+00 2.0221e-03 -5.8615e-01 5.9495e-01 2.8886e-01 1.0953e+03
1.8644e-03 4.0150e-02 -4.9844e-03 7.2042e-03 1.0069e-02 1.8931e+00 2.4893e+00 1.5155e+00 2.2263e-03 -6.1389e-01 6.2352e-01 3.0322e-01 1.1098e+03
1.9079e-03 4.3768e-02 -5.3967e-03 7.8740e-03 1.0993e-02 1.9834e+00 2.6058e+00 1.5876e+00 2.4512e-03 -6.4290e-01 6.5344e-01 3.1839e-01 1.1242e+03
1.9525e-03 4.7706e-02 -5.8413e-03 8.6055e-03 1.2000e-02 2.0780e+00 2.7276e+00 1.6632e+00 2.6988e-03 -6.7323e-01 6.8477e-01 3.3443e-01 1.1386e+03
1.9980e-03 5.1992e-02 -6.3205e-03 9.4044e-03 1.3097e-02 2.1769e+00 2.8547e+00 1.7421e+00 2.9714e-03 -7.0494e-01 7.1756e-01 3.5134e-01 1.1525e+03
2.0447e-03 5.6656e-02 -6.8369e-03 1.0277e-02 1.4294e-02 2.2803e+00 2.9875e+00 1.8247e+00 3.2716e-03 -7.3808e-01 7.5188e-01 3.6909e-01 1.1659e+03
2.0924e-03 6.1730e-02 -7.3929e-03 1.1230e-02 1.5598e-02 2.3885e+00 3.1261e+00 1.9111e+00 3.6021e-03 -7.7270e-01 7.8780e-01 3.8767e-01 1.1788e+03
2.1412e-03 6.7249e-02 -7.9915e-03 1.2270e-02 1.7020e-02 2.5017e+00 3.2709e+00 2.0015e+00 3.9661e-03 -8.0888e-01 8.2540e-01 4.0707e-01 1.1912e+03
2.1912e-03 7.3252e-02 -8.6355e-03 1.3406e-02 1.8569e-02 2.6201e+00 3.4220e+00 2.0960e+00 4.3668e-03 -8.4669e-01 8.6476e-01 4.2728e-01 1.2031e+03
2.2423e-03 7.9779e-02 -9.3280e-03 1.4646e-02 2.0257e-02 2.7440e+00 3.5797e+00 2.1948e+00 4.8081e-03 -8.8621e-01 9.0597e-01 4.4832e-01 1.2147e+03
2.2947e-03 8.6875e-02 -1.0072e-02 1.5999e-02 2.2095e-02 2.8736e+00 3.7444e+00 2.2983e+00 5.2939e-03 -9.2750e-01 9.4911e-01 4.7026e-01 1.2263e+03
2.3482e-03 9.4588e-02 -1.0872e-02 1.7477e-02 2.4098e-02 3.0092e+00 3.9164e+00 2.4064e+00 5.8289e-03 -9.7066e-01 9.9430e-01 4.9317e-01 1.2378e+03
2.4030e-03 1.0297e-01 -1.1730e-02 1.9090e-02 2.6279e-02 3.1511e+00 4.0960e+00 2.5196e+00 6.4178e-03 -1.0158e+00 1.0416e+00 5.1716e-01 1.2494e+03
2.4591e-03 1.1208e-01 -1.2651e-02 2.0850e-02 2.8655e-02 3.2996e+00 4.2834e+00 2.6380e+00 7.0662e-03 -1.0629e+00 1.0912e+00 5.4234e-01 1.2610e+03
2.5165e-03 1.2198e-01 -1.3639e-02 2.2771e-02 3.1241e-02 3.4550e+00 4.4790e+00 2.7619e+00 7.7800e-03 -1.1122e+00 1.1431e+00 5.6882e-01 1.2726e+03
2.5753e-03 1.3272e-01 -1.4697e-02 2.4867e-02 3.4056e-02 3.6175e+00 4.6831e+00 2.8914e+00 8.5658e-03 -1.1636e+00 1.1974e+00 5.9666e-01 1.2840e+03
2.6354e-03 1.4440e-01 -1.5831e-02 2.7154e-02 3.7120e-02 3.7876e+00 4.8961e+00 3.0268e+00 9.4307e-03 -1.2173e+00 1.2543e+00 6.2590e-01 1.2951e+03
2.6969e-03 1.5707e-01 -1.7044e-02 2.9649e-02 4.0454e-02 3.9654e+00 5.1182e+00 3.1685e+00 1.0383e-02 -1.2734e+00 1.3138e+00 6.5655e-01 1.3059e+03
2.7598e-03 1.7083e-01 -1.8341e-02 3.2371e-02 4.4082e-02 4.1514e+00 5.3498e+00 3.3166e+00 1.1431e-02 -1.3320e+00 1.3762e+00 6.8864e-01 1.3162e+03
2.8242e-03 1.8575e-01 -1.9728e-02 3.5341e-02 4.8029e-02 4.3459e+00 5.5914e+00 3.4714e+00 1.2584e-02 -1.3932e+00 1.4415e+00 7.2218e-01 1.3261e+03
2.8902e-03 2.0195e-01 -2.1209e-02 3.8580e-02 5.2323e-02 4.5493e+00 5.8432e+00 3.6333e+00 1.3854e-02 -1.4571e+00 1.5098e+00 7.5725e-01 1.3359e+03
2.9576e-03 2.1953e-01 -2.2788e-02 4.2113e-02 5.6991e-02 4.7621e+00 6.1058e+00 3.8026e+00 1.5251e-02 -1.5238e+00 1.5814e+00 7.9393e-01 1.3455e+03
3.0266e-03 2.3859e-01 -2.4473e-02 4.5965e-02 6.2068e-02 4.9847e+00 6.3795e+00 3.9795e+00 1.6789e-02 -1.5934e+00 1.6563e+00 8.3234e-01 1.3550e+03
3.0973e-03 2.5925e-01 -2.6267e-02 5.0166e-02 6.7586e-02 5.2174e+00 6.6648e+00 4.1646e+00 1.8480e-02 -1.6660e+00 1.7348e+00 8.7262e-01 1.3644e+03
3.1696e-03 2.8165e-01 -2.8176e-02 5.4747e-02 7.3585e-02 5.4608e+00 6.9621e+00 4.3580e+00 2.0342e-02 -1.7418e+00 1.8170e+00 9.1489e-01 1.3737e+03
3.2436e-03 3.0593e-01 -3.0207e-02 5.9741e-02 8.0103e-02 5.7153e+00 7.2718e+00 4.5602e+00 2.2390e-02 -1.8209e+00 1.9030e+00 9.5924e-01 1.3827e+03
3.3193e-03 3.3224e-01 -3.2363e-02 6.5186e-02 8.7185e-02 5.9814e+00 7.5944e+00 4.7715e+00 2.4643e-02 -1.9034e+00 1.9931e+00 1.0057e+00 1.3915e+03
3.3967e-03 3.6074e-01 -3.4651e-02 7.1121e-02 9.4878e-02 6.2596e+00 7.9304e+00 4.9923e+00 2.7122e-02 -1.9895e+00 2.0874e+00 1.0545e+00 1.4000e+03
3.4760e-03 3.9160e-01 -3.7076e-02 7.7589e-02 1.0323e-01 6.5505e+00 8.2802e+00 5.2231e+00 2.9848e-02 -2.0793e+00 2.1862e+00 1.1055e+00 1.4083e+03
3.5572e-03 4.2502e-01 -3.9643e-02 8.4638e-02 1.1231e-01 6.8546e+00 8.6444e+00 5.4643e+00 3.2846e-02 -2.1729e+00 2.2896e+00 1.1589e+00 1.4163e+03
3.6402e-03 4.6118e-01 -4.2357e-02 9.2320e-02 1.2215e-01 7.1724e+00 9.0234e+00 5.7163e+00 3.6144e-02 -2.2704e+00 2.3979e+00 1.2149e+00 1.4242e+03
3.7251e-03 5.0032e-01 -4.5223e-02 1.0069e-01 1.3284e-01 7.5047e+00 9.4178e+00 5.9795e+00 3.9770e-02 -2.3721e+00 2.5113e+00 1.2736e+00 1.4319e+03
3.8121e-03 5.4267e-01 -4.8245e-02 1.0981e-01 1.4444e-01 7.8519e+00 9.8281e+00 6.2546e+00 4.3757e-02 -2.4781e+00 2.6301e+00 1.3351e+00 1.4395e+03
3.9011e-03 5.8846e-01 -5.1427e-02 1.1974e-01 1.5703e-01 8.2149e+00 1.0255e+01 6.5420e+00 4.8140e-02 -2.5886e+00 2.7544e+00 1.3996e+00 1.4468e+03
3.9921e-03 6.3798e-01 -5.4772e-02 1.3056e-01 1.7068e-01 8.5942e+00 1.0699e+01 6.8421e+00 5.2958e-02 -2.7036e+00 2.8846e+00 1.4673e+00 1.4540e+03
4.0853e-03 6.9150e-01 -5.8282e-02 1.4235e-01 1.8548e-01 8.9905e+00 1.1160e+01 7.1555e+00 5.8253e-02 -2.8234e+00 3.0209e+00 1.5382e+00 1.4609e+03
4.1806e-03 7.4933e-01 -6.1960e-02 1.5518e-01 2.0152e-01 9.4046e+00 1.1639e+01 7.4829e+00 6.4073e-02 -2.9482e+00 3.1637e+00 1.6125e+00 1.4677e+03
4.2782e-03 8.1180e-01 -6.5805e-02 1.6916e-01 2.1891e-01 9.8372e+00 1.2138e+01 7.8247e+00 7.0468e-02 -3.0781e+00 3.3132e+00 1.6904e+00 1.4742e+03
4.3781e-03 8.7927e-01 -6.9817e-02 1.8437e-01 2.3776e-01 1.0289e+01 1.2655e+01 8.1816e+00 7.7493e-02 -3.2133e+00 3.4697e+00 1.7721e+00 1.4806e+03
4.4803e-03 9.5211e-01 -7.3994e-02 2.0094e-01 2.5817e-01 1.0761e+01 1.3192e+01 8.5542e+00 8.5212e-02 -3.3539e+00 3.6336e+00 1.8578e+00 1.4869e+03
4.5848e-03 1.0307e+00 -7.8332e-02 2.1897e-01 2.8028e-01 1.1254e+01 1.3750e+01 8.9431e+00 9.3689e-02 -3.5002e+00 3.8052e+00 1.9476e+00 1.4929e+03
4.6918e-03 1.1155e+00 -8.2825e-02 2.3859e-01 3.0422e-01 1.1769e+01 1.4329e+01 9.3490e+00 1.0300e-01 -3.6524e+00 3.9849e+00 2.0417e+00 1.4988e+03
4.8013e-03 1.2070e+00 -8.7465e-02 2.5994e-01 3.3014e-01 1.2307e+01 1.4930e+01 9.7726e+00 1.1322e-01 -3.8106e+00 4.1731e+00 2.1405e+00 1.5045e+03
4.9134e-03 1.3056e+00 -9.2241e-02 2.8317e-01 3.5818e-01 1.2869e+01 1.5552e+01 1.0215e+01 1.2444e-01 -3.9750e+00 4.3702e+00 2.2440e+00 1.5100e+03
5.0281e-03 1.4119e+00 -9.7140e-02 3.0844e-01 3.8851e-01 1.3455e+01 1.6198e+01 1.0676e+01 1.3676e-01 -4.1458e+00 4.5765e+00 2.3526e+00 1.5154e+03
5.1454e-03 1.5264e+00 -1.0215e-01 3.3594e-01 4.2132e-01 1.4067e+01 1.6868e+01 1.1157e+01 1.5028e-01 -4.3232e+00 4.7926e+00 2.4665e+00 1.5206e+03
5.2655e-03 1.6497e+00 -1.0724e-01 3.6584e-01 4.5680e-01 1.4706e+01 1.7561e+01 1.1659e+01 1.6511e-01 -4.5074e+00 5.0188e+00 2.5859e+00 1.5256e+03
5.3884e-03 1.7825e+00 -1.1239e-01 3.9836e-01 4.9514e-01 1.5372e+01 1.8279e+01 1.2182e+01 1.8139e-01 -4.6986e+00 5.2557e+00 2.7111e+00 1.5305e+03
5.5142e-03 1.9254e+00 -1.1757e-01 4.3371e-01 5.3657e-01 1.6068e+01 1.9023e+01 1.2728e+01 1.9923e-01 -4.8970e+00 5.5038e+00 2.8425e+00 1.5353e+03
5.6429e-03 2.0791e+00 -1.2275e-01 4.7215e-01 5.8133e-01 1.6794e+01 1.9792e+01 1.3296e+01 2.1881e-01 -5.1028e+00 5.7636e+00 2.9802e+00 1.5398e+03
5.7746e-03 2.2444e+00 -1.2788e-01 5.1393e-01 6.2966e-01 1.7551e+01 2.0588e+01 1.3889e+01 2.4026e-01 -5.3161e+00 6.0356e+00 3.1247e+00 1.5443e+03
5.9094e-03 2.4221e+00 -1.3292e-01 5.5933e-01 6.8183e-01 1.8340e+01 2.1411e+01 1.4507e+01 2.6379e-01 -5.5372e+00 6.3204e+00 3.2762e+00 1.5486e+03
6.0473e-03 2.6130e+00 -1.3782e-01 6.0867e-01 7.3813e-01 1.9164e+01 2.2262e+01 1.5151e+01 2.8956e-01 -5.7662e+00 6.6186e+00 3.4352e+00 1.5527e+03
6.1885e-03 2.8180e+00 -1.4250e-01 6.6228e-01 7.9887e-01 2.0023e+01 2.3141e+01 1.5822e+01 3.1780e-01 -6.0033e+00 6.9309e+00 3.6019e+00 1.5567e+03
6.3329e-03 3.0382e+00 -1.4690e-01 7.2051e-01 8.6437e-01 2.0918e+01 2.4048e+01 1.6521e+01 3.4874e-01 -6.2486e+00 7.2579e+00 3.7768e+00 1.5606e+03
6.4807e-03 3.2744e+00 -1.5094e-01 7.8375e-01 9.3498e-01 2.1851e+01 2.4985e+01 1.7248e+01 3.8261e-01 -6.5024e+00 7.6003e+00 3.9603e+00 1.5644e+03
6.6320e-03 3.5278e+00 -1.5452e-01 8.5242e-01 1.0111e+00 2.2824e+01 2.5951e+01 1.8006e+01 4.1970e-01 -6.7648e+00 7.9589e+00 4.1527e+00 1.5680e+03
6.7868e-03 3.7995e+00 -1.5754e-01 9.2698e-01 1.0930e+00 2.3837e+01 2.6948e+01 1.8795e+01 4.6029e-01 -7.0360e+00 8.3343e+00 4.3546e+00 1.5715e+03
6.9452e-03 4.0906e+00 -1.5987e-01 1.0079e+00 1.1813e+00 2.4893e+01 2.7974e+01 1.9615e+01 5.0471e-01 -7.3160e+00 8.7274e+00 4.5664e+00 1.5749e+03
7.1073e-03 4.4025e+00 -1.6139e-01 1.0957e+00 1.2763e+00 2.5992e+01 2.9032e+01 2.0469e+01 5.5330e-01 -7.6049e+00 9.1390e+00 4.7885e+00 1.5781e+03
7.2732e-03 4.7364e+00 -1.6194e-01 1.1911e+00 1.3786e+00 2.7138e+01 3.0121e+01 2.1358e+01 6.0643e-01 -7.9030e+00 9.5700e+00 5.0215e+00 1.5812e+03
7.4429e-03 5.0936e+00 -1.6137e-01 1.2945e+00 1.4885e+00 2.8330e+01 3.1241e+01 2.2282e+01 6.6452e-01 -8.2102e+00 1.0021e+01 5.2660e+00 1.5842e+03
7.6166e-03 5.4758e+00 -1.5948e-01 1.4066e+00 1.6067e+00 2.9571e+01 3.2393e+01 2.3243e+01 7.2802e-01 -8.5267e+00 1.0494e+01 5.5224e+00 1.5871e+03
7.7944e-03 5.8843e+00 -1.5606e-01 1.5282e+00 1.7338e+00 3.0863e+01 3.3576e+01 2.4241e+01 7.9739e-01 -8.8525e+00 1.0988e+01 5.7914e+00 1.5899e+03
7.9763e-03 6.3208e+00 -1.5089e-01 1.6601e+00 1.8703e+00 3.2206e+01 3.4792e+01 2.5279e+01 8.7316e-01 -9.1876e+00 1.1506e+01 6.0735e+00 1.5926e+03
8.1625e-03 6.7869e+00 -1.4372e-01 1.8030e+00 2.0168e+00 3.3604e+01 3.6039e+01 2.6357e+01 9.5589e-01 -9.5320e+00 1.2049e+01 6.3694e+00 1.5952e+03
8.3530e-03 7.2844e+00 -1.3426e-01 1.9578e+00 2.1741e+00 3.5058e+01 3.7319e+01 2.7477e+01 1.0462e+00 -9.8857e+00 1.2617e+01 6.6798e+00 1.5976e+03
8.5480e-03 7.8151e+00 -1.2221e-01 2.1256e+00 2.3428e+00 3.6570e+01 3.8631e+01 2.8640e+01 1.1447e+00 -1.0249e+01 1.3211e+01 7.0054e+00 1.6000e+03
8.7475e-03 8.3809e+00 -1.0723e-01 2.3074e+00 2.5237e+00 3.8141e+01 3.9974e+01 2.9848e+01 1.2522e+00 -1.0621e+01 1.3833e+01 7.3469e+00 1.6023e+03
8.9517e-03 8.9837e+00 -8.8946e-02 2.5042e+00 2.7176e+00 3.9773e+01 4.1349e+01 3.1101e+01 1.3694e+00 -1.1002e+01 1.4485e+01 7.7050e+00 1.6044e+03
9.1606e-03 9.6256e+00 -6.6959e-02 2.7172e+00 2.9252e+00 4.1470e+01 4.2755e+01 3.2400e+01 1.4971e+00 -1.1392e+01 1.5167e+01 8.0806e+00 1.6065e+03
9.3744e-03 1.0309e+01 -4.0822e-02 2.9478e+00 3.1476e+00 4.3231e+01 4.4192e+01 3.3748e+01 1.6362e+00 -1.1790e+01 1.5881e+01 8.4744e+00 1.6085e+03
9.5932e-03 1.1035e+01 -1.0054e-02 3.1973e+00 3.3856e+00 4.5060e+01 4.5660e+01 3.5146e+01 1.7877e+00 -1.2197e+01 1.6629e+01 8.8874e+00 1.6104e+03
9.8171e-03 1.1808e+01 2.5874e-02 3.4672e+00 3.6401e+00 4.6958e+01 4.7157e+01 3.6594e+01 1.9526e+00 -1.2612e+01 1.7411e+01 9.3204e+00 1.6122e+03
1.0046e-02 1.2628e+01 6.7529e-02 3.7591e+00 3.9122e+00 4.8928e+01 4.8684e+01 3.8095e+01 2.1321e+00 -1.3034e+01 1.8230e+01 9.7743e+00 1.6139e+03
1.0281e-02 1.3499e+01 1.1553e-01 4.0746e+00 4.2029e+00 5.0971e+01 5.0239e+01 3.9649e+01 2.3273e+00 -1.3464e+01 1.9087e+01 1.0250e+01 1.6155e+03
1.0521e-02 1.4423e+01 1.7054e-01 4.4156e+00 4.5133e+00 5.3090e+01 5.1821e+01 4.1258e+01 2.5395e+00 -1.3901e+01 1.9984e+01 1.0749e+01 1.6171e+03
1.0766e-02 1.5402e+01 2.3329e-01 4.7840e+00 4.8445e+00 5.5286e+01 5.3431e+01 4.2924e+01 2.7701e+00 -1.4344e+01 2.0923e+01 1.1272e+01 1.6185e+03
1.1018e-02 1.6440e+01 3.0456e-01 5.1819e+00 5.1979e+00 5.7562e+01 5.5065e+01 4.4646e+01 3.0205e+00 -1.4792e+01 2.1906e+01 1.1820e+01 1.6199e+03
1.1275e-02 1.7538e+01 3.8516e-01 5.6115e+00 5.5745e+00 5.9919e+01 5.6725e+01 4.6428e+01 3.2924e+00 -1.5246e+01 2.2935e+01 1.2394e+01 1.6212e+03
1.1538e-02 1.8700e+01 4.7602e-01 6.0751e+00 5.9757e+00 6.2360e+01 5.8407e+01 4.8269e+01 3.5873e+00 -1.5704e+01 2.4011e+01 1.2995e+01 1.6225e+03
1.1807e-02 1.9928e+01 5.7807e-01 6.5753e+00 6.4029e+00 6.4886e+01 6.0111e+01 5.0172e+01 3.9072e+00 -1.6165e+01 2.5136e+01 1.3625e+01 1.6236e+03
1.2083e-02 2.1225e+01 6.9234e-01 7.1148e+00 6.8574e+00 6.7501e+01 6.1835e+01 5.2137e+01 4.2539e+00 -1.6629e+01 2.6314e+01 1.4285e+01 1.6247e+03
1.2365e-02 2.2595e+01 8.1994e-01 7.6964e+00 7.3406e+00 7.0204e+01 6.3578e+01 5.4166e+01 4.6295e+00 -1.7094e+01 2.7547e+01 1.4975e+01 1.6257e+03
1.2653e-02 2.4039e+01 9.6200e-01 8.3231e+00 7.8541e+00 7.2999e+01 6.5337e+01 5.6259e+01 5.0361e+00 -1.7559e+01 2.8836e+01 1.5699e+01 1.6267e+03
1.2949e-02 2.5561e+01 1.1198e+00 8.9983e+00 8.3993e+00 7.5888e+01 6.7112e+01 5.8419e+01 5.4761e+00 -1.8024e+01 3.0184e+01 1.6455e+01 1.6275e+03
1.3251e-02 2.7163e+01 1.2946e+00 9.7252e+00 8.9778e+00 7.8872e+01 6.8900e+01 6.0645e+01 5.9520e+00 -1.8487e+01 3.1594e+01 1.7247e+01 1.6283e+03
1.3560e-02 2.8849e+01 1.4877e+00 1.0507e+01 9.5913e+00 8.1952e+01 7.0699e+01 6.2938e+01 6.4662e+00 -1.8946e+01 3.3069e+01 1.8076e+01 1.6290e+03
1.3877e-02 3.0622e+01 1.7007e+00 1.1349e+01 1.0241e+01 8.5131e+01 7.2507e+01 6.5301e+01 7.0216e+00 -1.9401e+01 3.4610e+01 1.8943e+01 1.6297e+03
1.4201e-02 3.2483e+01 1.9350e+00 1.2254e+01 1.0929e+01 8.8411e+01 7.4322e+01 6.7733e+01 7.6211e+00 -1.9849e+01 3.6222e+01 1.9849e+01 1.6303e+03
1.4532e-02 3.4437e+01 2.1923e+00 1.3226e+01 1.1657e+01 9.1793e+01 7.6142e+01 7.0235e+01 8.2677e+00 -2.0289e+01 3.7907e+01 2.0796e+01 1.6308e+03
1.4871e-02 3.6485e+01 2.4742e+00 1.4271e+01 1.2427e+01 9.5277e+01 7.7964e+01 7.2808e+01 8.9647e+00 -2.0720e+01 3.9668e+01 2.1785e+01 1.6313e+03
1.5218e-02 3.8631e+01 2.7824e+00 1.5392e+01 1.3240e+01 9.8867e+01 7.9786e+01 7.5453e+01 9.7155e+00 -2.1138e+01 4.1508e+01 2.2819e+01 1.6317e+03
1.5573e-02 4.0877e+01 3.1187e+00 1.6596e+01 1.4098e+01 1.0256e+02 8.1606e+01 7.8170e+01 1.0524e+01 -2.1543e+01 4.3430e+01 2.3899e+01 1.6320e+03
1.5937e-02 4.3225e+01 3.4850e+00 1.7886e+01 1.5003e+01 1.0636e+02 8.3421e+01 8.0959e+01 1.1393e+01 -2.1933e+01 4.5438e+01 2.5026e+01 1.6323e+03
1.6309e-02 4.5678e+01 3.8832e+00 1.9269e+01 1.5957e+01 1.1028e+02 8.5229e+01 8.3821e+01 1.2327e+01 -2.2305e+01 4.7536e+01 2.6202e+01 1.6325e+03
1.6690e-02 4.8237e+01 4.3152e+00 2.0751e+01 1.6961e+01 1.1430e+02 8.7027e+01 8.6756e+01 1.3331e+01 -2.2656e+01 4.9726e+01 2.7428e+01 1.6326e+03
1.7079e-02 5.0906e+01 4.7831e+00 2.2338e+01 1.8016e+01 1.1843e+02 8.8813e+01 8.9765e+01 1.4408e+01 -2.2986e+01 5.2012e+01 2.8707e+01 1.6327e+03
1.7478e-02 5.3686e+01 5.2887e+00 2.4036e+01 1.9126e+01 1.2267e+02 9.0584e+01 9.2846e+01 1.5563e+01 -2.3291e+01 5.4399e+01 3.0039e+01 1.6327e+03
1.7886e-02 5.6579e+01 5.8342e+00 2.5852e+01 2.0291e+01 1.2702e+02 9.2339e+01 9.6001e+01 1.6800e+01 -2.3568e+01 5.6890e+01 3.1427e+01 1.6327e+03
1.8303e-02 5.9586e+01 6.4215e+00 2.7793e+01 2.1512e+01 1.3148e+02 9.4074e+01 9.9228e+01 1.8125e+01 -2.3817e+01 5.9488e+01 3.2871e+01 1.6326e+03
1.8730e-02 6.2708e+01 7.0526e+00 2.9866e+01 2.2792e+01 1.3605e+02 9.5788e+01 1.0253e+02 1.9543e+01 -2.4033e+01 6.2198e+01 3.4375e+01 1.6324e+03
1.9167e-02 6.5948e+01 7.7295e+00 3.2078e+01 2.4131e+01 1.4074e+02 9.7479e+01 1.0590e+02 2.1057e+01 -2.4215e+01 6.5024e+01 3.5938e+01 1.6321e+03
1.9615e-02 6.9305e+01 8.4542e+00 3.4437e+01 2.5532e+01 1.4554e+02 9.9143e+01 1.0935e+02 2.2675e+01 -2.4359e+01 6.7969e+01 3.7562e+01 1.6318e+03
2.0073e-02 7.2780e+01 9.2284e+00 3.6950e+01 2.6995e+01 1.5045e+02 1.0078e+02 1.1286e+02 2.4399e+01 -2.4464e+01 7.1039e+01 3.9250e+01 1.6315e+03
2.0541e-02 7.6375e+01 1.0054e+01 3.9627e+01 2.8521e+01 1.5547e+02 1.0239e+02 1.1645e+02 2.6238e+01 -2.4527e+01 7.4236e+01 4.1001e+01 1.6310e+03
2.1021e-02 8.0088e+01 1.0933e+01 4.2475e+01 3.0111e+01 1.6060e+02 1.0396e+02 1.2010e+02 2.8195e+01 -2.4545e+01 7.7565e+01 4.2818e+01 1.6305e+03
2.1511e-02 8.3921e+01 1.1866e+01 4.5502e+01 3.1767e+01 1.6584e+02 1.0551e+02 1.2382e+02 3.0276e+01 -2.4516e+01 8.1030e+01 4.4701e+01 1.6299e+03
2.2013e-02 8.7873e+01 1.2856e+01 4.8717e+01 3.3488e+01 1.7118e+02 1.0701e+02 1.2761e+02 3.2486e+01 -2.4438e+01 8.4636e+01 4.6652e+01 1.6293e+03
2.2527e-02 9.1944e+01 1.3903e+01 5.2128e+01 3.5276e+01 1.7664e+02 1.0848e+02 1.3147e+02 3.4832e+01 -2.4308e+01 8.8385e+01 4.8671e+01 1.6286e+03
2.3053e-02 9.6133e+01 1.5009e+01 5.5743e+01 3.7131e+01 1.8220e+02 1.0992e+02 1.3539e+02 3.7318e+01 -2.4124e+01 9.2283e+01 5.0760e+01 1.6278e+03
2.3591e-02 1.0044e+02 1.6175e+01 5.9571e+01 3.9052e+01 1.8787e+02 1.1131e+02 1.3938e+02 3.9950e+01 -2.3883e+01 9.6333e+01 5.2919e+01 1.6270e+03
2.4142e-02 1.0486e+02 1.7401e+01 6.3621e+01 4.1041e+01 1.9364e+02 1.1267e+02 1.4343e+02 4.2733e+01 -2.3585e+01 1.0054e+02 5.5149e+01 1.6261e+03
2.4705e-02 1.0940e+02 1.8688e+01 6.7900e+01 4.3097e+01 1.9951e+02 1.1398e+02 1.4754e+02 4.5673e+01 -2.3226e+01 1.0490e+02 5.7450e+01 1.6251e+03
2.5282e-02 1.1405e+02 2.0036e+01 7.2418e+01 4.5220e+01 2.0548e+02 1.1525e+02 1.5171e+02 4.8775e+01 -2.2806e+01 1.0943e+02 5.9822e+01 1.6240e+03
2.5872e-02 1.1881e+02 2.1447e+01 7.7182e+01 4.7409e+01 2.1154e+02 1.1648e+02 1.5594e+02 5.2043e+01 -2.2323e+01 1.1413e+02 6.2266e+01 1.6229e+03
2.6476e-02 1.2369e+02 2.2919e+01 8.2201e+01 4.9663e+01 2.1771e+02 1.1767e+02 1.6022e+02 5.5484e+01 -2.1776e+01 1.1900e+02 6.4783e+01 1.6216e+03
2.7094e-02 1.2867e+02 2.4452e+01 8.7482e+01 5.1982e+01 2.2396e+02 1.1881e+02 1.6456e+02 5.9102e+01 -2.1163e+01 1.2404e+02 6.7370e+01 1.6203e+03
2.7726e-02 1.3376e+02 2.6046e+01 9.3035e+01 5.4366e+01 2.3031e+02 1.1990e+02 1.6896e+02 6.2901e+01 -2.0484e+01 1.2926e+02 7.0030e+01 1.6190e+03
2.8373e-02 1.3895e+02 2.7700e+01 9.8866e+01 5.6811e+01 2.3674e+02 1.2095e+02 1.7340e+02 6.6886e+01 -1.9739e+01 1.3467e+02 7.2760e+01 1.6175e+03
2.9035e-02 1.4426e+02 2.9412e+01 1.0498e+02 5.9318e+01 2.4327e+02 1.2195e+02 1.7790e+02 7.1061e+01 -1.8926e+01 1.4026e+02 7.5560e+01 1.6159e+03
2.9713e-02 1.4966e+02 3.1181e+01 1.1139e+02 6.1885e+01 2.4987e+02 1.2290e+02 1.8244e+02 7.5430e+01 -1.8047e+01 1.4603e+02 7.8430e+01 1.6143e+03
3.0406e-02 1.5517e+02 3.3005e+01 1.1809e+02 6.4510e+01 2.5656e+02 1.2380e+02 1.8703e+02 7.9996e+01 -1.7100e+01 1.5200e+02 8.1369e+01 1.6126e+03
3.1116e-02 1.6078e+02 3.4883e+01 1.2510e+02 6.7191e+01 2.6332e+02 1.2464e+02 1.9167e+02 8.4763e+01 -1.6087e+01 1.5816e+02 8.4375e+01 1.6108e+03
3.1842e-02 1.6649e+02 3.6813e+01 1.3242e+02 6.9927e+01 2.7016e+02 1.2543e+02 1.9635e+02 8.9732e+01 -1.5007e+01 1.6452e+02 8.7448e+01 1.6089e+03
3.2586e-02 1.7229e+02 3.8792e+01 1.4005e+02 7.2716e+01 2.7707e+02 1.2616e+02 2.0108e+02 9.4907e+01 -1.3862e+01 1.7107e+02 9.0587e+01 1.6068e+03
3.3346e-02 1.7821e+02 4.0819e+01 1.4799e+02 7.5556e+01 2.8406e+02 1.2683e+02 2.0584e+02 1.0029e+02 -1.2652e+01 1.7782e+02 9.3790e+01 1.6047e+03
3.4124e-02 1.8422e+02 4.2890e+01 1.5625e+02 7.8446e+01 2.9111e+02 1.2743e+02 2.1065e+02 1.0588e+02 -1.1376e+01 1.8477e+02 9.7057e+01 1.6025e+03
3.4921e-02 1.9033e+02 4.5006e+01 1.6482e+02 8.1384e+01 2.9823e+02 1.2796e+02 2.1549e+02 1.1168e+02 -1.0037e+01 1.9193e+02 1.0039e+02 1.6002e+03
3.5736e-02 1.9654e+02 4.7163e+01 1.7372e+02 8.4370e+01 3.0541e+02 1.2841e+02 2.2038e+02 1.1770e+02 -8.6328e+00 1.9929e+02 1.0378e+02 1.5978e+03
3.6570e-02 2.0286e+02 4.9361e+01 1.8295e+02 8.7403e+01 3.1265e+02 1.2878e+02 2.2529e+02 1.2393e+02 -7.1646e+00 2.0685e+02 1.0723e+02 1.5953e+03
3.7424e-02 2.0929e+02 5.1598e+01 1.9249e+02 9.0482e+01 3.1994e+02 1.2906e+02 2.3025e+02 1.3038e+02 -5.6316e+00 2.1462e+02 1.1074e+02 1.5926e+03
3.8297e-02 2.1582e+02 5.3873e+01 2.0236e+02 9.3607e+01 3.2729e+02 1.2924e+02 2.3523e+02 1.3704e+02 -4.0328e+00 2.2260e+02 1.1431e+02 1.5899e+03
3.9191e-02 2.2246e+02 5.6187e+01 2.1255e+02 9.6778e+01 3.3469e+02 1.2932e+02 2.4024e+02 1.4393e+02 -2.3668e+00 2.3079e+02 1.1793e+02 1.5870e+03
4.0106e-02 2.2922e+02 5.8540e+01 2.2307e+02 9.9996e+01 3.4214e+02 1.2928e+02 2.4529e+02 1.5104e+02 -6.3110e-01 2.3919e+02 1.2162e+02 1.5840e+03
4.1042e-02 2.3608e+02 6.0933e+01 2.3392e+02 1.0326e+02 3.4963e+02 1.2912e+02 2.5036e+02 1.5839e+02 1.1772e+00 2.4781e+02 1.2537e+02 1.5809e+03
4.2000e-02 2.4307e+02 6.3369e+01 2.4509e+02 1.0658e+02 3.5717e+02 1.2883e+02 2.5545e+02 1.6596e+02 3.0622e+00 2.5664e+02 1.2918e+02 1.5776e+03
4.2980e-02 2.5017e+02 6.5850e+01 2.5659e+02 1.0995e+02 3.6473e+02 1.2839e+02 2.6056e+02 1.7377e+02 5.0288e+00 2.6568e+02 1.3305e+02 1.5742e+03
4.3983e-02 2.5739e+02 6.8381e+01 2.6842e+02 1.1338e+02 3.7233e+02 1.2780e+02 2.6569e+02 1.8182e+02 7.0832e+00 2.7494e+02 1.3698e+02 1.5707e+03
4.5010e-02 2.6473e+02 7.0967e+01 2.8058e+02 1.1686e+02 3.7996e+02 1.2705e+02 2.7084e+02 1.9012e+02 9.2330e+00 2.8443e+02 1.4099e+02 1.5671e+03
4.6060e-02 2.7220e+02 7.3615e+01 2.9307e+02 1.2041e+02 3.8761e+02 1.2612e+02 2.7599e+02 1.9868e+02 1.1487e+01 2.9413e+02 1.4506e+02 1.5633e+03
4.7135e-02 2.7978e+02 7.6332e+01 3.0591e+02 1.2403e+02 3.9527e+02 1.2501e+02 2.8114e+02 2.0750e+02 1.3854e+01 3.0406e+02 1.4920e+02 1.5593e+03
4.8235e-02 2.8749e+02 7.9127e+01 3.1910e+02 1.2773e+02 4.0294e+02 1.2371e+02 2.8630e+02 2.1660e+02 1.6346e+01 3.1422e+02 1.5342e+02 1.5553e+03
4.9361e-02 2.9531e+02 8.2009e+01 3.3264e+02 1.3151e+02 4.1061e+02 1.2221e+02 2.9144e+02 2.2599e+02 1.8975e+01 3.2461e+02 1.5771e+02 1.5510e+03
5.0513e-02 3.0324e+02 8.4988e+01 3.4655e+02 1.3537e+02 4.1828e+02 1.2051e+02 2.9657e+02 2.3567e+02 2.1753e+01 3.3524e+02 1.6210e+02 1.5466e+03
5.1692e-02 3.1128e+02 8.8075e+01 3.6084e+02 1.3933e+02 4.2593e+02 1.1860e+02 3.0167e+02 2.4568e+02 2.4694e+01 3.4611e+02 1.6656e+02 1.5421e+03
5.2899e-02 3.1942e+02 9.1281e+01 3.7553e+02 1.4339e+02 4.3355e+02 1.1647e+02 3.0673e+02 2.5601e+02 2.7813e+01 3.5722e+02 1.7113e+02 1.5373e+03
5.4134e-02 3.2765e+02 9.4617e+01 3.9064e+02 1.4756e+02 4.4113e+02 1.1414e+02 3.1176e+02 2.6669e+02 3.1122e+01 3.6858e+02 1.7578e+02 1.5324e+03
5.5397e-02 3.3594e+02 9.8093e+01 4.0617e+02 1.5183e+02 4.4867e+02 1.1160e+02 3.1672e+02 2.7772e+02 3.4635e+01 3.8020e+02 1.8053e+02 1.5274e+03
5.6690e-02 3.4430e+02 1.0172e+02 4.2216e+02 1.5622e+02 4.5614e+02 1.0887e+02 3.2162e+02 2.8914e+02 3.8365e+01 3.9206e+02 1.8539e+02 1.5222e+03
5.8013e-02 3.5269e+02 1.0550e+02 4.3861e+02 1.6073e+02 4.6354e+02 1.0594e+02 3.2644e+02 3.0094e+02 4.2323e+01 4.0419e+02 1.9034e+02 1.5167e+03
5.9367e-02 3.6111e+02 1.0945e+02 4.5556e+02 1.6535e+02 4.7085e+02 1.0283e+02 3.3117e+02 3.1314e+02 4.6517e+01 4.1657e+02 1.9540e+02 1.5111e+03
6.0753e-02 3.6952e+02 1.1357e+02 4.7301e+02 1.7008e+02 4.7805e+02 9.9553e+01 3.3579e+02 3.2575e+02 5.0953e+01 4.2921e+02 2.0055e+02 1.5054e+03
6.2171e-02 3.7791e+02 1.1785e+02 4.9099e+02 1.7492e+02 4.8513e+02 9.6134e+01 3.4029e+02 3.3877e+02 5.5634e+01 4.4210e+02 2.0579e+02 1.4994e+03
6.3622e-02 3.8624e+02 1.2231e+02 5.0950e+02 1.7986e+02 4.9207e+02 9.2590e+01 3.4466e+02 3.5221e+02 6.0558e+01 4.5524e+02 2.1112e+02 1.4932e+03
6.5107e-02 3.9450e+02 1.2692e+02 5.2856e+02 1.8489e+02 4.9887e+02 8.8944e+01 3.4889e+02 3.6608e+02 6.5720e+01 4.6862e+02 2.1652e+02 1.4868e+03
6.6627e-02 4.0264e+02 1.3169e+02 5.4817e+02 1.9000e+02 5.0549e+02 8.5221e+01 3.5296e+02 3.8035e+02 7.1107e+01 4.8224e+02 2.2199e+02 1.4802e+03
6.8182e-02 4.1065e+02 1.3659e+02 5.6833e+02 1.9516e+02 5.1192e+02 8.1448e+01 3.5685e+02 3.9501e+02 7.6704e+01 4.9608e+02 2.2750e+02 1.4735e+03
6.9773e-02 4.1849e+02 1.4161e+02 5.8902e+02 2.0035e+02 5.1816e+02 7.7651e+01 3.6057e+02 4.1004e+02 8.2486e+01 5.1012e+02 2.3305e+02 1.4665e+03
7.1402e-02 4.2614e+02 1.4671e+02 6.1021e+02 2.0555e+02 5.2417e+02 7.3856e+01 3.6410e+02 4.2542e+02 8.8427e+01 5.2433e+02 2.3860e+02 1.4593e+03
7.3068e-02 4.3356e+02 1.5189e+02 6.3189e+02 2.1073e+02 5.2996e+02 7.0089e+01 3.6743e+02 4.4110e+02 9.4493e+01 5.3871e+02 2.4413e+02 1.4518e+03
7.4773e-02 4.4074e+02 1.5709e+02 6.5402e+02 2.1586e+02 5.3551e+02 6.6371e+01 3.7056e+02 4.5707e+02 1.0064e+02 5.5322e+02 2.4961e+02 1.4442e+03
7.6519e-02 4.4766e+02 1.6229e+02 6.7656e+02 2.2091e+02 5.4081e+02 6.2723e+01 3.7349e+02 4.7327e+02 1.0684e+02 5.6786e+02 2.5503e+02 1.4364e+03
7.8305e-02 4.5429e+02 1.6743e+02 6.9945e+02 2.2583e+02 5.4584e+02 5.9158e+01 3.7621e+02 4.8966e+02 1.1302e+02 5.8259e+02 2.6034e+02 1.4283e+03
8.0132e-02 4.6062e+02 1.7249e+02 7.2259e+02 2.3058e+02 5.5061e+02 5.5685e+01 3.7873e+02 5.0617e+02 1.1915e+02 5.9737e+02 2.6552e+02 1.4200e+03
8.2003e-02 4.6665e+02 1.7741e+02 7.4591e+02 2.3515e+02 5.5511e+02 5.2305e+01 3.8105e+02 5.2273e+02 1.2518e+02 6.1216e+02 2.7053e+02 1.4115e+03
8.3917e-02 4.7238e+02 1.8216e+02 7.6931e+02 2.3949e+02 5.5933e+02 4.9015e+01 3.8318e+02 5.3930e+02 1.3107e+02 6.2692e+02 2.7536e+02 1.4028e+03
8.5875e-02 4.7780e+02 1.8670e+02 7.9270e+02 2.4358e+02 5.6329e+02 4.5803e+01 3.8514e+02 5.5581e+02 1.3678e+02 6.4162e+02 2.7999e+02 1.3938e+03
8.7880e-02 4.8293e+02 1.9101e+02 8.1597e+02 2.4740e+02 5.6698e+02 4.2650e+01 3.8692e+02 5.7222e+02 1.4227e+02 6.5625e+02 2.8439e+02 1.3847e+03
8.9931e-02 4.8778e+02 1.9508e+02 8.3905e+02 2.5094e+02 5.7040e+02 3.9535e+01 3.8855e+02 5.8849e+02 1.4753e+02 6.7076e+02 2.8856e+02 1.3753e+03
9.2030e-02 4.9236e+02 1.9888e+02 8.6185e+02 2.5421e+02 5.7357e+02 3.6431e+01 3.9004e+02 6.0459e+02 1.5256e+02 6.8515e+02 2.9251e+02 1.3657e+03
9.4178e-02 4.9669e+02 2.0243e+02 8.8432e+02 2.5720e+02 5.7648e+02 3.3306e+01 3.9139e+02 6.2051e+02 1.5736e+02 6.9942e+02 2.9623e+02 1.3559e+03
9.6376e-02 5.0079e+02 2.0573e+02 9.0640e+02 2.5995e+02 5.7915e+02 3.0132e+01 3.9262e+02 6.3626e+02 1.6195e+02 7.1355e+02 2.9975e+02 1.3460e+03
9.8625e-02 5.0467e+02 2.0882e+02 9.2810e+02 2.6248e+02 5.8158e+02 2.6880e+01 3.9373e+02 6.5185e+02 1.6637e+02 7.2756e+02 3.0310e+02 1.3358e+03
1.0093e-01 5.0836e+02 2.1173e+02 9.4941e+02 2.6484e+02 5.8378e+02 2.3524e+01 3.9474e+02 6.6734e+02 1.7067e+02 7.4147e+02 3.0629e+02 1.3254e+03
1.0328e-01 5.1187e+02 2.1451e+02 9.7039e+02 2.6706e+02 5.8574e+02 2.0048e+01 3.9564e+02 6.8276e+02 1.7490e+02 7.5531e+02 3.0938e+02 1.3149e+03
1.0569e-01 5.1521e+02 2.1721e+02 9.9108e+02 2.6920e+02 5.8747e+02 1.6442e+01 3.9642e+02 6.9818e+02 1.7912e+02 7.6911e+02 3.1241e+02 1.3042e+03
1.0816e-01 5.1837e+02 2.1989e+02 1.0116e+03 2.7131e+02 5.8897e+02 1.2705e+01 3.9709e+02 7.1368e+02 1.8341e+02 7.8290e+02 3.1540e+02 1.2932e+03
1.1068e-01 5.2135e+02 2.2259e+02 1.0320e+03 2.7343e+02 5.9023e+02 8.8499e+00 3.9763e+02 7.2933e+02 1.8782e+02 7.9673e+02 3.1840e+02 1.2822e+03
1.1327e-01 5.2414e+02 2.2537e+02 1.0524e+03 2.7562e+02 5.9125e+02 4.8991e+00 3.9803e+02 7.4517e+02 1.9240e+02 8.1062e+02 3.2144e+02 1.2709e+03
1.1591e-01 5.2673e+02 2.2826e+02 1.0730e+03 2.7788e+02 5.9202e+02 8.8555e-01 3.9826e+02 7.6127e+02 1.9719e+02 8.2460e+02 3.2454e+02 1.2594e+03
1.1862e-01 5.2908e+02 2.3128e+02 1.0938e+03 2.8024e+02 5.9252e+02 -3.1485e+00 3.9832e+02 7.7763e+02 2.0220e+02 8.3866e+02 3.2769e+02 1.2478e+03
1.2139e-01 5.3119e+02 2.3443e+02 1.1148e+03 2.8269e+02 5.9274e+02 -7.1551e+00 3.9817e+02 7.9427e+02 2.0741e+02 8.5281e+02 3.3089e+02 1.2359e+03
1.2422e-01 5.3301e+02 2.3770e+02 1.1362e+03 2.8521e+02 5.9269e+02 -1.1084e+01 3.9781e+02 8.1113e+02 2.1280e+02 8.6702e+02 3.3410e+02 1.2239e+03
1.2712e-01 5.3453e+02 2.4103e+02 1.1578e+03 2.8773e+02 5.9234e+02 -1.4887e+01 3.9722e+02 8.2817e+02 2.1829e+02 8.8124e+02 3.3727e+02 1.2117e+03
1.3009e-01 5.3574e+02 2.4436e+02 1.1796e+03 2.9021e+02 5.9169e+02 -1.8523e+01 3.9639e+02 8.4527e+02 2.2381e+02 8.9541e+02 3.4034e+02 1.1994e+03
1.3312e-01 5.3660e+02 2.4763e+02 1.2016e+03 2.9256e+02 5.9074e+02 -2.1959e+01 3.9532e+02 8.6230e+02 2.2924e+02 9.0943e+02 3.4325e+02 1.1868e+03
1.3623e-01 5.3713e+02 2.5073e+02 1.2234e+03 2.9470e+02 5.8950e+02 -2.5178e+01 3.9402e+02 8.7913e+02 2.3448e+02 9.2323e+02 3.4592e+02 1.1741e+03
1.3941e-01 5.3733e+02 2.5359e+02 1.2449e+03 2.9655e+02 5.8797e+02 -2.8178e+01 3.9250e+02 8.9561e+02 2.3942e+02 9.3670e+02 3.4828e+02 1.1612e+03
1.4266e-01 5.3721e+02 2.5614e+02 1.2659e+03 2.9806e+02 5.8616e+02 -3.0974e+01 3.9077e+02 9.1161e+02 2.4398e+02 9.4978e+02 3.5027e+02 1.1481e+03
1.4599e-01 5.3679e+02 2.5832e+02 1.2863e+03 2.9916e+02 5.8409e+02 -3.3593e+01 3.8887e+02 9.2704e+02 2.4810e+02 9.6238e+02 3.5186e+02 1.1349e+03
1.4940e-01 5.3611e+02 2.6010e+02 1.3057e+03 2.9986e+02 5.8177e+02 -3.6075e+01 3.8682e+02 9.4184e+02 2.5175e+02 9.7449e+02 3.5304e+02 1.1216e+03
1.5289e-01 5.3519e+02 2.6148e+02 1.3242e+03 3.0016e+02 5.7923e+02 -3.8468e+01 3.8464e+02 9.5599e+02 2.5495e+02 9.8609e+02 3.5383e+02 1.1081e+03
1.5645e-01 5.3407e+02 2.6251e+02 1.3417e+03 3.0012e+02 5.7648e+02 -4.0818e+01 3.8236e+02 9.6955e+02 2.5775e+02 9.9721e+02 3.5427e+02 1.0946e+03
1.6011e-01 5.3276e+02 2.6326e+02 1.3583e+03 2.9981e+02 5.7352e+02 -4.3164e+01 3.7999e+02 9.8261e+02 2.6023e+02 1.0079e+03 3.5445e+02 1.0809e+03
1.6384e-01 5.3128e+02 2.6382e+02 1.3740e+03 2.9933e+02 5.7038e+02 -4.5533e+01 3.7753e+02 9.9529e+02 2.6252e+02 1.0183e+03 3.5445e+02 1.0671e+03
1.6767e-01 5.2962e+02 2.6429e+02 1.3890e+03 2.9877e+02 5.6704e+02 -4.7935e+01 3.7500e+02 1.0078e+03 2.6471e+02 1.0285e+03 3.5435e+02 1.0533e+03
1.7158e-01 5.2777e+02 2.6476e+02 1.4037e+03 2.9824e+02 5.6350e+02 -5.0362e+01 3.7237e+02 1.0202e+03 2.6693e+02 1.0386e+03 3.5424e+02 1.0393e+03
1.7559e-01 5.2571e+02 2.6530e+02 1.4180e+03 2.9779e+02 5.5977e+02 -5.2787e+01 3.6963e+02 1.0326e+03 2.6924e+02 1.0487e+03 3.5417e+02 1.0253e+03
1.7968e-01 5.2340e+02 2.6595e+02 1.4322e+03 2.9744e+02 5.5581e+02 -5.5169e+01 3.6676e+02 1.0451e+03 2.7166e+02 1.0587e+03 3.5416e+02 1.0112e+03
1.8388e-01 5.2080e+02 2.6669e+02 1.4464e+03 2.9717e+02 5.5162e+02 -5.7462e+01 3.6374e+02 1.0577e+03 2.7417e+02 1.0687e+03 3.5418e+02 9.9705e+02
1.8817e-01 5.1790e+02 2.6747e+02 1.4604e+03 2.9693e+02 5.4720e+02 -5.9619e+01 3.6055e+02 1.0701e+03 2.7671e+02 1.0786e+03 3.5417e+02 9.8280e+02
1.9256e-01 5.1466e+02 2.6819e+02 1.4744e+03 2.9662e+02 5.4254e+02 -6.1601e+01 3.5719e+02 1.0824e+03 2.7916e+02 1.0884e+03 3.5406e+02 9.6848e+02
1.9706e-01 5.1111e+02 2.6874e+02 1.4879e+03 2.9611e+02 5.3765e+02 -6.3390e+01 3.5367e+02 1.0944e+03 2.8141e+02 1.0977e+03 3.5374e+02 9.5409e+02
2.0166e-01 5.0724e+02 2.6900e+02 1.5009e+03 2.9531e+02 5.3254e+02 -6.4984e+01 3.4998e+02 1.1057e+03 2.8334e+02 1.1066e+03 3.5311e+02 9.3966e+02
2.0636e-01 5.0310e+02 2.6889e+02 1.5131e+03 2.9414e+02 5.2723e+02 -6.6403e+01 3.4617e+02 1.1164e+03 2.8486e+02 1.1149e+03 3.5212e+02 9.2518e+02
2.1118e-01 4.9874e+02 2.6840e+02 1.5243e+03 2.9258e+02 5.2175e+02 -6.7681e+01 3.4226e+02 1.1263e+03 2.8595e+02 1.1225e+03 3.5075e+02 9.1068e+02
2.1611e-01 4.9421e+02 2.6753e+02 1.5345e+03 2.9067e+02 5.1612e+02 -6.8860e+01 3.3827e+02 1.1354e+03 2.8664e+02 1.1295e+03 3.4904e+02 8.9617e+02
2.2115e-01 4.8956e+02 2.6638e+02 1.5437e+03 2.8849e+02 5.1037e+02 -6.9979e+01 3.3423e+02 1.1440e+03 2.8700e+02 1.1361e+03 3.4705e+02 8.8166e+02
2.2631e-01 4.8481e+02 2.6505e+02 1.5521e+03 2.8617e+02 5.0451e+02 -7.1065e+01 3.3016e+02 1.1521e+03 2.8714e+02 1.1422e+03 3.4489e+02 8.6715e+02
2.3160e-01 4.7999e+02 2.6366e+02 1.5598e+03 2.8382e+02 4.9855e+02 -7.2128e+01 3.2605e+02 1.1599e+03 2.8718e+02 1.1481e+03 3.4266e+02 8.5265e+02
2.3700e-01 4.7509e+02 2.6232e+02 1.5670e+03 2.8154e+02 4.9249e+02 -7.3158e+01 3.2190e+02 1.1675e+03 2.8720e+02 1.1538e+03 3.4044e+02 8.3817e+02
2.4253e-01 4.7008e+02 2.6107e+02 1.5739e+03 2.7937e+02 4.8633e+02 -7.4132e+01 3.1769e+02 1.1751e+03 2.8723e+02 1.1595e+03 3.3825e+02 8.2370e+02
2.4819e-01 4.6494e+02 2.5990e+02 1.5804e+03 2.7729e+02 4.8007e+02 -7.5016e+01 3.1342e+02 1.1825e+03 2.8725e+02 1.1651e+03 3.3607e+02 8.0925e+02
2.5399e-01 4.5964e+02 2.5872e+02 1.5866e+03 2.7522e+02 4.7368e+02 -7.5782e+01 3.0906e+02 1.1896e+03 2.8719e+02 1.1704e+03 3.3383e+02 7.9483e+02
2.5991e-01 4.5417e+02 2.5743e+02 1.5922e+03 2.7303e+02 4.6719e+02 -7.6413e+01 3.0461e+02 1.1963e+03 2.8695e+02 1.1754e+03 3.3145e+02 7.8044e+02
2.6598e-01 4.4852e+02 2.5592e+02 1.5971e+03 2.7063e+02 4.6058e+02 -7.6909e+01 3.0010e+02 1.2025e+03 2.8646e+02 1.1798e+03 3.2884e+02 7.6609e+02
2.7219e-01 4.4272e+02 2.5413e+02 1.6012e+03 2.6796e+02 4.5388e+02 -7.7288e+01 2.9552e+02 1.2079e+03 2.8565e+02 1.1837e+03 3.2597e+02 7.5180e+02
2.7854e-01 4.3678e+02 2.5205e+02 1.6045e+03 2.6503e+02 4.4710e+02 -7.7576e+01 2.9091e+02 1.2127e+03 2.8456e+02 1.1870e+03 3.2285e+02 7.3758e+02
2.8504e-01 4.3074e+02 2.4976e+02 1.6070e+03 2.6191e+02 4.4025e+02 -7.7800e+01 2.8628e+02 1.2170e+03 2.8322e+02 1.1898e+03 3.1954e+02 7.2343e+02
2.9170e-01 4.2461e+02 2.4735e+02 1.6089e+03 2.5869e+02 4.3335e+02 -7.7976e+01 2.8163e+02 1.2208e+03 2.8173e+02 1.1923e+03 3.1612e+02 7.0936e+02
2.9850e-01 4.1842e+02 2.4491e+02 1.6101e+03 2.5548e+02 4.2640e+02 -7.8109e+01 2.7698e+02 1.2244e+03 2.8016e+02 1.1946e+03 3.1268e+02 6.9537e+02
3.0547e-01 4.1217e+02 2.4251e+02 1.6109e+03 2.5233e+02 4.1942e+02 -7.8190e+01 2.7231e+02 1.2278e+03 2.7854e+02 1.1968e+03 3.0924e+02 6.8147e+02
3.1260e-01 4.0585e+02 2.4013e+02 1.6113e+03 2.4923e+02 4.1239e+02 -7.8200e+01 2.6763e+02 1.2309e+03 2.7686e+02 1.1987e+03 3.0580e+02 6.6765e+02
3.1990e-01 3.9947e+02 2.3774e+02 1.6111e+03 2.4613e+02 4.0533e+02 -7.8124e+01 2.6292e+02 1.2337e+03 2.7508e+02 1.2004e+03 3.0230e+02 6.5392e+02
3.2736e-01 3.9304e+02 2.3524e+02 1.6104e+03 2.4293e+02 3.9825e+02 -7.7958e+01 2.5820e+02 1.2360e+03 2.7314e+02 1.2017e+03 2.9868e+02 6.4030e+02
3.3500e-01 3.8656e+02 2.3258e+02 1.6090e+03 2.3960e+02 3.9114e+02 -7.7711e+01 2.5346e+02 1.2378e+03 2.7101e+02 1.2025e+03 2.9491e+02 6.2679e+02
3.4282e-01 3.8004e+02 2.2976e+02 1.6069e+03 2.3612e+02 3.8404e+02 -7.7396e+01 2.4873e+02 1.2390e+03 2.6869e+02 1.2028e+03 2.9099e+02 6.1340e+02
3.5082e-01 3.7351e+02 2.2682e+02 1.6042e+03 2.3255e+02 3.7693e+02 -7.7027e+01 2.4402e+02 1.2398e+03 2.6621e+02 1.2028e+03 2.8696e+02 6.0013e+02
3.5901e-01 3.6697e+02 2.2383e+02 1.6010e+03 2.2895e+02 3.6983e+02 -7.6614e+01 2.3932e+02 1.2403e+03 2.6363e+02 1.2025e+03 2.8289e+02 5.8699e+02
3.6739e-01 3.6040e+02 2.2084e+02 1.5973e+03 2.2538e+02 3.6273e+02 -7.6157e+01 2.3463e+02 1.2405e+03 2.6098e+02 1.2020e+03 2.7881e+02 5.7397e+02
3.7597e-01 3.5381e+02 2.1785e+02 1.5932e+03 2.2184e+02 3.5564e+02 -7.5650e+01 2.2996e+02 1.2404e+03 2.5827e+02 1.2012e+03 2.7472e+02 5.6108e+02
3.8474e-01 3.4719e+02 2.1485e+02 1.5887e+03 2.1829e+02 3.4857e+02 -7.5086e+01 2.2530e+02 1.2400e+03 2.5548e+02 1.2003e+03 2.7060e+02 5.4833e+02
3.9372e-01 3.4057e+02 2.1177e+02 1.5836e+03 2.1470e+02 3.4152e+02 -7.4464e+01 2.2066e+02 1.2392e+03 2.5259e+02 1.1989e+03 2.6641e+02 5.3573e+02
4.0291e-01 3.3395e+02 2.0860e+02 1.5780e+03 2.1103e+02 3.3449e+02 -7.3787e+01 2.1604e+02 1.2380e+03 2.4957e+02 1.1972e+03 2.6215e+02 5.2327e+02
4.1232e-01 3.2734e+02 2.0536e+02 1.5719e+03 2.0731e+02 3.2750e+02 -7.3067e+01 2.1145e+02 1.2363e+03 2.4645e+02 1.1952e+03 2.5782e+02 5.1096e+02
4.2194e-01 3.2077e+02 2.0209e+02 1.5654e+03 2.0358e+02 3.2056e+02 -7.2312e+01 2.0690e+02 1.2344e+03 2.4324e+02 1.1929e+03 2.5347e+02 4.9880e+02
4.3179e-01 3.1422e+02 1.9881e+02 1.5586e+03 1.9987e+02 3.1366e+02 -7.1524e+01 2.0238e+02 1.2322e+03 2.3998e+02 1.1904e+03 2.4911e+02 4.8681e+02
4.4187e-01 3.0770e+02 1.9554e+02 1.5513e+03 1.9618e+02 3.0681e+02 -7.0701e+01 1.9790e+02 1.2297e+03 2.3667e+02 1.1876e+03 2.4475e+02 4.7497e+02
4.5218e-01 3.0122e+02 1.9225e+02 1.5437e+03 1.9250e+02 3.0001e+02 -6.9838e+01 1.9346e+02 1.2269e+03 2.3331e+02 1.1847e+03 2.4038e+02 4.6329e+02
4.6273e-01 2.9476e+02 1.8893e+02 1.5357e+03 1.8880e+02 2.9327e+02 -6.8940e+01 1.8906e+02 1.2238e+03 2.2988e+02 1.1814e+03 2.3598e+02 4.5178e+02
4.7353e-01 2.8834e+02 1.8557e+02 1.5273e+03 1.8509e+02 2.8658e+02 -6.8011e+01 1.8470e+02 1.2203e+03 2.2639e+02 1.1779e+03 2.3156e+02 4.4044e+02
4.8459e-01 2.8197e+02 1.8219e+02 1.5187e+03 1.8138e+02 2.7996e+02 -6.7057e+01 1.8039e+02 1.2166e+03 2.2284e+02 1.1741e+03 2.2714e+02 4.2927e+02
4.9590e-01 2.7564e+02 1.7882e+02 1.5097e+03 1.7768e+02 2.7341e+02 -6.6082e+01 1.7612e+02 1.2126e+03 2.1926e+02 1.1701e+03 2.2272e+02 4.1827e+02
5.0747e-01 2.6938e+02 1.7545e+02 1.5004e+03 1.7402e+02 2.6692e+02 -6.5085e+01 1.7191e+02 1.2084e+03 2.1565e+02 1.1659e+03 2.1832e+02 4.0745e+02
5.1931e-01 2.6317e+02 1.7209e+02 1.4909e+03 1.7037e+02 2.6051e+02 -6.4067e+01 1.6774e+02 1.2039e+03 2.1202e+02 1.1615e+03 2.1394e+02 3.9681e+02
5.3144e-01 2.5702e+02 1.6872e+02 1.4811e+03 1.6674e+02 2.5418e+02 -6.3030e+01 1.6363e+02 1.1992e+03 2.0836e+02 1.1569e+03 2.0956e+02 3.8634e+02
5.4384e-01 2.5093e+02 1.6535e+02 1.4710e+03 1.6312e+02 2.4793e+02 -6.1977e+01 1.5958e+02 1.1942e+03 2.0467e+02 1.1520e+03 2.0519e+02 3.7606e+02
5.5653e-01 2.4491e+02 1.6198e+02 1.4607e+03 1.5952e+02 2.4176e+02 -6.0913e+01 1.5558e+02 1.1890e+03 2.0096e+02 1.1470e+03 2.0084e+02 3.6596e+02
5.6952e-01 2.3897e+02 1.5864e+02 1.4502e+03 1.5596e+02 2.3567e+02 -5.9839e+01 1.5163e+02 1.1836e+03 1.9724e+02 1.1418e+03 1.9652e+02 3.5603e+02
5.8282e-01 2.3309e+02 1.5531e+02 1.4395e+03 1.5243e+02 2.2967e+02 -5.8757e+01 1.4775e+02 1.1780e+03 1.9352e+02 1.1365e+03 1.9224e+02 3.4630e+02
5.9642e-01 2.2729e+02 1.5199e+02 1.4286e+03 1.4893e+02 2.2375e+02 -5.7667e+01 1.4392e+02 1.1721e+03 1.8980e+02 1.1309e+03 1.8798e+02 3.3675e+02
6.1034e-01 2.2156e+02 1.4869e+02 1.4175e+03 1.4545e+02 2.1792e+02 -5.6574e+01 1.4015e+02 1.1661e+03 1.8608e+02 1.1252e+03 1.8375e+02 3.2738e+02
6.2458e-01 2.1592e+02 1.4541e+02 1.4062e+03 1.4201e+02 2.1219e+02 -5.5478e+01 1.3645e+02 1.1599e+03 1.8235e+02 1.1193e+03 1.7956e+02 3.1819e+02
6.3916e-01 2.1036e+02 1.4216e+02 1.3948e+03 1.3862e+02 2.0655e+02 -5.4382e+01 1.3281e+02 1.1535e+03 1.7864e+02 1.1133e+03 1.7542e+02 3.0919e+02
6.5408e-01 2.0488e+02 1.3893e+02 1.3832e+03 1.3526e+02 2.0100e+02 -5.3286e+01 1.2922e+02 1.1469e+03 1.7495e+02 1.1072e+03 1.7131e+02 3.0037e+02
6.6935e-01 1.9948e+02 1.3574e+02 1.3715e+03 1.3194e+02 1.9555e+02 -5.2191e+01 1.2571e+02 1.1402e+03 1.7127e+02 1.1009e+03 1.6725e+02 2.9174e+02
6.8497e-01 1.9417e+02 1.3257e+02 1.3597e+03 1.2867e+02 1.9019e+02 -5.1098e+01 1.2225e+02 1.1334e+03 1.6761e+02 1.0944e+03 1.6324e+02 2.8328e+02
7.0096e-01 1.8895e+02 1.2944e+02 1.3477e+03 1.2544e+02 1.8492e+02 -5.0009e+01 1.1886e+02 1.1263e+03 1.6396e+02 1.0879e+03 1.5927e+02 2.7501e+02
7.1732e-01 1.8382e+02 1.2634e+02 1.3356e+03 1.2225e+02 1.7976e+02 -4.8923e+01 1.1553e+02 1.1191e+03 1.6034e+02 1.0812e+03 1.5536e+02 2.6691e+02
7.3406e-01 1.7877e+02 1.2327e+02 1.3233e+03 1.1911e+02 1.7469e+02 -4.7841e+01 1.1226e+02 1.1118e+03 1.5675e+02 1.0743e+03 1.5149e+02 2.5899e+02
7.5119e-01 1.7381e+02 1.2024e+02 1.3110e+03 1.1602e+02 1.6971e+02 -4.6764e+01 1.0906e+02 1.1043e+03 1.5318e+02 1.0673e+03 1.4767e+02 2.5125e+02
7.6873e-01 1.6895e+02 1.1725e+02 1.2985e+03 1.1297e+02 1.6484e+02 -4.5693e+01 1.0593e+02 1.0967e+03 1.4963e+02 1.0603e+03 1.4390e+02 2.4368e+02
7.8667e-01 1.6417e+02 1.1429e+02 1.2859e+03 1.0996e+02 1.6006e+02 -4.4627e+01 1.0285e+02 1.0890e+03 1.4612e+02 1.0531e+03 1.4018e+02 2.3627e+02
8.0503e-01 1.5949e+02 1.1137e+02 1.2733e+03 1.0701e+02 1.5538e+02 -4.3567e+01 9.9842e+01 1.0811e+03 1.4263e+02 1.0457e+03 1.3651e+02 2.2904e+02
8.2382e-01 1.5490e+02 1.0850e+02 1.2606e+03 1.0410e+02 1.5080e+02 -4.2514e+01 9.6896e+01 1.0731e+03 1.3918e+02 1.0383e+03 1.3290e+02 2.2198e+02
8.4305e-01 1.5040e+02 1.0566e+02 1.2478e+03 1.0125e+02 1.4631e+02 -4.1469e+01 9.4014e+01 1.0650e+03 1.3576e+02 1.0308e+03 1.2934e+02 2.1508e+02
8.6272e-01 1.4599e+02 1.0287e+02 1.2350e+03 9.8440e+01 1.4193e+02 -4.0434e+01 9.1195e+01 1.0569e+03 1.3238e+02 1.0233e+03 1.2583e+02 2.0835e+02
8.8286e-01 1.4167e+02 1.0012e+02 1.2222e+03 9.5684e+01 1.3764e+02 -3.9407e+01 8.8439e+01 1.0486e+03 1.2904e+02 1.0156e+03 1.2238e+02 2.0178e+02
9.0347e-01 1.3745e+02 9.7413e+01 1.2093e+03 9.2978e+01 1.3344e+02 -3.8389e+01 8.5746e+01 1.0403e+03 1.2573e+02 1.0079e+03 1.1899e+02 1.9538e+02
9.2455e-01 1.3332e+02 9.4753e+01 1.1965e+03 9.0324e+01 1.2934e+02 -3.7384e+01 8.3116e+01 1.0319e+03 1.2248e+02 1.0001e+03 1.1566e+02 1.8913e+02
9.4613e-01 1.2928e+02 9.2138e+01 1.1836e+03 8.7722e+01 1.2534e+02 -3.6391e+01 8.0547e+01 1.0234e+03 1.1926e+02 9.9223e+02 1.1239e+02 1.8304e+02
9.6822e-01 1.2533e+02 8.9570e+01 1.1708e+03 8.5171e+01 1.2143e+02 -3.5413e+01 7.8040e+01 1.0149e+03 1.1610e+02 9.8434e+02 1.0918e+02 1.7711e+02
9.9081e-01 1.2147e+02 8.7050e+01 1.1580e+03 8.2674e+01 1.1762e+02 -3.4448e+01 7.5593e+01 1.0064e+03 1.1298e+02 9.7639e+02 1.0603e+02 1.7133e+02
1.0139e+00 1.1770e+02 8.4576e+01 1.1453e+03 8.0228e+01 1.1390e+02 -3.3500e+01 7.3206e+01 9.9775e+02 1.0991e+02 9.6839e+02 1.0295e+02 1.6571e+02
1.0376e+00 1.1402e+02 8.2150e+01 1.1326e+03 7.7834e+01 1.1027e+02 -3.2568e+01 7.0879e+01 9.8910e+02 1.0690e+02 9.6036e+02 9.9928e+01 1.6024e+02
1.0618e+00 1.1043e+02 7.9772e+01 1.1199e+03 7.5493e+01 1.0673e+02 -3.1653e+01 6.8610e+01 9.8042e+02 1.0394e+02 9.5230e+02 9.6973e+01 1.5492e+02
1.0866e+00 1.0693e+02 7.7443e+01 1.1072e+03 7.3204e+01 1.0328e+02 -3.0756e+01 6.6400e+01 9.7170e+02 1.0104e+02 9.4420e+02 9.4083e+01 1.4974e+02
1.1120e+00 1.0352e+02 7.5161e+01 1.0947e+03 7.0967e+01 9.9922e+01 -2.9878e+01 6.4246e+01 9.6296e+02 9.8184e+01 9.3607e+02 9.1256e+01 1.4471e+02
1.1379e+00 1.0019e+02 7.2927e+01 1.0821e+03 6.8781e+01 9.6650e+01 -2.9017e+01 6.2149e+01 9.5419e+02 9.5387e+01 9.2791e+02 8.8494e+01 1.3982e+02
1.1645e+00 9.6940e+01 7.0742e+01 1.0696e+03 6.6646e+01 9.3464e+01 -2.8173e+01 6.0107e+01 9.4541e+02 9.2644e+01 9.1973e+02 8.5793e+01 1.3507e+02
1.1917e+00 9.3779e+01 6.8604e+01 1.0572e+03 6.4562e+01 9.0363e+01 -2.7346e+01 5.8119e+01 9.3660e+02 8.9955e+01 9.1153e+02 8.3153e+01 1.3046e+02
1.2195e+00 9.0700e+01 6.6514e+01 1.0448e+03 6.2527e+01 8.7346e+01 -2.6535e+01 5.6186e+01 9.2778e+02 8.7319e+01 9.0331e+02 8.0575e+01 1.2597e+02
1.2479e+00 8.7702e+01 6.4471e+01 1.0324e+03 6.0543e+01 8.4411e+01 -2.5741e+01 5.4305e+01 9.1895e+02 8.4736e+01 8.9508e+02 7.8056e+01 1.2162e+02
1.2771e+00 8.4785e+01 6.2475e+01 1.0201e+03 5.8607e+01 8.1558e+01 -2.4962e+01 5.2476e+01 9.1011e+02 8.2205e+01 8.8682e+02 7.5595e+01 1.1739e+02
1.3069e+00 8.1947e+01 6.0526e+01 1.0079e+03 5.6720e+01 7.8783e+01 -2.4198e+01 5.0699e+01 9.0126e+02 7.9727e+01 8.7856e+02 7.3193e+01 1.1328e+02
1.3374e+00 7.9187e+01 5.8624e+01 9.9577e+02 5.4882e+01 7.6087e+01 -2.3449e+01 4.8971e+01 8.9241e+02 7.7302e+01 8.7029e+02 7.0849e+01 1.0930e+02
1.3686e+00 7.6502e+01 5.6767e+01 9.8370e+02 5.3090e+01 7.3468e+01 -2.2716e+01 4.7293e+01 8.8356e+02 7.4928e+01 8.6200e+02 6.8561e+01 1.0543e+02
1.4005e+00 7.3894e+01 5.4956e+01 9.7171e+02 5.1345e+01 7.0924e+01 -2.1998e+01 4.5663e+01 8.7471e+02 7.2608e+01 8.5371e+02 6.6330e+01 1.0168e+02
1.4332e+00 7.1359e+01 5.3189e+01 9.5980e+02 4.9645e+01 6.8454e+01 -2.1297e+01 4.4080e+01 8.6587e+02 7.0340e+01 8.4543e+02 6.4156e+01 9.8041e+01
1.4667e+00 6.8896e+01 5.1468e+01 9.4800e+02 4.7992e+01 6.6057e+01 -2.0613e+01 4.2544e+01 8.5705e+02 6.8127e+01 8.3716e+02 6.2040e+01 9.4516e+01
1.5009e+00 6.6505e+01 4.9791e+01 9.3628e+02 4.6384e+01 6.3730e+01 -1.9946e+01 4.1053e+01 8.4825e+02 6.5968e+01 8.2890e+02 5.9981e+01 9.1101e+01
1.5359e+00 6.4183e+01 4.8157e+01 9.2465e+02 4.4820e+01 6.1473e+01 -1.9296e+01 3.9607e+01 8.3945e+02 6.3862e+01 8.2063e+02 5.7977e+01 8.7795e+01
1.5718e+00 6.1930e+01 4.6566e+01 9.1310e+02 4.3299e+01 5.9285e+01 -1.8664e+01 3.8204e+01 8.3067e+02 6.1809e+01 8.1237e+02 5.6029e+01 8.4593e+01
1.6085e+00 5.9744e+01 4.5017e+01 9.0164e+02 4.1820e+01 5.7163e+01 -1.8049e+01 3.6844e+01 8.2191e+02 5.9807e+01 8.0413e+02 5.4135e+01 8.1495e+01
1.6460e+00 5.7623e+01 4.3510e+01 8.9028e+02 4.0383e+01 5.5106e+01 -1.7451e+01 3.5525e+01 8.1318e+02 5.7857e+01 7.9591e+02 5.2293e+01 7.8496e+01
1.6844e+00 5.5567e+01 4.2044e+01 8.7903e+02 3.8987e+01 5.3114e+01 -1.6868e+01 3.4247e+01 8.0449e+02 5.5957e+01 7.8771e+02 5.0503e+01 7.5593e+01
1.7237e+00 5.3574e+01 4.0618e+01 8.6786e+02 3.7632e+01 5.1183e+01 -1.6301e+01 3.3009e+01 7.9582e+02 5.4106e+01 7.7953e+02 4.8764e+01 7.2785e+01
1.7640e+00 5.1642e+01 3.9233e+01 8.5678e+02 3.6317e+01 4.9313e+01 -1.5748e+01 3.1810e+01 7.8718e+02 5.2303e+01 7.7137e+02 4.7073e+01 7.0067e+01
1.8051e+00 4.9770e+01 3.7886e+01 8.4579e+02 3.5040e+01 4.7503e+01 -1.5209e+01 3.0649e+01 7.7856e+02 5.0547e+01 7.6322e+02 4.5430e+01 6.7438e+01
1.8473e+00 4.7957e+01 3.6578e+01 8.3491e+02 3.3801e+01 4.5750e+01 -1.4684e+01 2.9525e+01 7.6998e+02 4.8838e+01 7.5510e+02 4.3835e+01 6.4894e+01
1.8904e+00 4.6201e+01 3.5307e+01 8.2411e+02 3.2599e+01 4.4054e+01 -1.4173e+01 2.8437e+01 7.6143e+02 4.7175e+01 7.4700e+02 4.2285e+01 6.2436e+01
1.9345e+00 4.4501e+01 3.4072e+01 8.1344e+02 3.1433e+01 4.2413e+01 -1.3677e+01 2.7384e+01 7.5292e+02 4.5558e+01 7.3893e+02 4.0781e+01 6.0060e+01
1.9797e+00 4.2855e+01 3.2875e+01 8.0287e+02 3.0304e+01 4.0826e+01 -1.3195e+01 2.6366e+01 7.4447e+02 4.3987e+01 7.3091e+02 3.9323e+01 5.7764e+01
2.0259e+00 4.1263e+01 3.1713e+01 7.9240e+02 2.9209e+01 3.9291e+01 -1.2729e+01 2.5381e+01 7.3604e+02 4.2462e+01 7.2290e+02 3.7911e+01 5.5548e+01
2.0732e+00 3.9723e+01 3.0586e+01 7.8203e+02 2.8148e+01 3.7807e+01 -1.2277e+01 2.4428e+01 7.2766e+02 4.0981e+01 7.1493e+02 3.6543e+01 5.3409e+01
2.1216e+00 3.8234e+01 2.9493e+01 7.7176e+02 2.7121e+01 3.6373e+01 -1.1839e+01 2.3507e+01 7.1933e+02 3.9544e+01 7.0701e+02 3.5218e+01 5.1345e+01
2.1711e+00 3.6793e+01 2.8434e+01 7.6160e+02 2.6126e+01 3.4987e+01 -1.1414e+01 2.2617e+01 7.1104e+02 3.8150e+01 6.9911e+02 3.3934e+01 4.9351e+01
2.2217e+00 3.5401e+01 2.7407e+01 7.5153e+02 2.5164e+01 3.3648e+01 -1.1002e+01 2.1757e+01 7.0279e+02 3.6796e+01 6.9125e+02 3.2690e+01 4.7427e+01
2.2736e+00 3.4055e+01 2.6412e+01 7.4156e+02 2.4231e+01 3.2355e+01 -1.0601e+01 2.0927e+01 6.9459e+02 3.5482e+01 6.8342e+02 3.1485e+01 4.5569e+01
2.3267e+00 3.2755e+01 2.5448e+01 7.3170e+02 2.3329e+01 3.1106e+01 -1.0212e+01 2.0124e+01 6.8644e+02 3.4207e+01 6.7563e+02 3.0317e+01 4.3776e+01
2.3810e+00 3.1499e+01 2.4514e+01 7.2193e+02 2.2457e+01 2.9900e+01 -9.8347e+00 1.9350e+01 6.7833e+02 3.2970e+01 6.6788e+02 2.9187e+01 4.2047e+01
2.4365e+00 3.0286e+01 2.3611e+01 7.1227e+02 2.1613e+01 2.8737e+01 -9.4699e+00 1.8602e+01 6.7027e+02 3.1773e+01 6.6017e+02 2.8094e+01 4.0380e+01
2.4934e+00 2.9115e+01 2.2736e+01 7.0272e+02 2.0798e+01 2.7614e+01 -9.1177e+00 1.7880e+01 6.6227e+02 3.0613e+01 6.5250e+02 2.7038e+01 3.8774e+01
2.5516e+00 2.7985e+01 2.1890e+01 6.9325e+02 2.0009e+01 2.6530e+01 -8.7775e+00 1.7183e+01 6.5431e+02 2.9491e+01 6.4487e+02 2.6017e+01 3.7226e+01
2.6112e+00 2.6894e+01 2.1072e+01 6.8389e+02 1.9248e+01 2.5485e+01 -8.4482e+00 1.6511e+01 6.4640e+02 2.8404e+01 6.3728e+02 2.5031e+01 3.5735e+01
2.6721e+00 2.5841e+01 2.0280e+01 6.7462e+02 1.8511e+01 2.4477e+01 -8.1290e+00 1.5862e+01 6.3854e+02 2.7351e+01 6.2974e+02 2.4076e+01 3.4297e+01
2.7345e+00 2.4825e+01 1.9514e+01 6.6545e+02 1.7800e+01 2.3506e+01 -7.8197e+00 1.5237e+01 6.3073e+02 2.6331e+01 6.2223e+02 2.3153e+01 3.2912e+01
2.7983e+00 2.3845e+01 1.8774e+01 6.5638e+02 1.7113e+01 2.2569e+01 -7.5206e+00 1.4634e+01 6.2299e+02 2.5344e+01 6.1478e+02 2.2261e+01 3.1577e+01
2.8636e+00 2.2901e+01 1.8059e+01 6.4740e+02 1.6450e+01 2.1666e+01 -7.2319e+00 1.4053e+01 6.1528e+02 2.4390e+01 6.0736e+02 2.1401e+01 3.0293e+01
2.9304e+00 2.1990e+01 1.7368e+01 6.3853e+02 1.5810e+01 2.0796e+01 -6.9533e+00 1.3492e+01 6.0764e+02 2.3468e+01 6.0000e+02 2.0570e+01 2.9056e+01
2.9988e+00 2.1112e+01 1.6700e+01 6.2975e+02 1.5193e+01 1.9958e+01 -6.6843e+00 1.2952e+01 6.0005e+02 2.2577e+01 5.9267e+02 1.9768e+01 2.7867e+01
3.0688e+00 2.0266e+01 1.6056e+01 6.2106e+02 1.4597e+01 1.9151e+01 -6.4244e+00 1.2432e+01 5.9251e+02 2.1715e+01 5.8540e+02 1.8995e+01 2.6721e+01
3.1405e+00 1.9451e+01 1.5433e+01 6.1247e+02 1.4022e+01 1.8373e+01 -6.1732e+00 1.1931e+01 5.8503e+02 2.0882e+01 5.7817e+02 1.8247e+01 2.5619e+01
3.2138e+00 1.8666e+01 1.4832e+01 6.0397e+02 1.3467e+01 1.7625e+01 -5.9307e+00 1.1449e+01 5.7760e+02 2.0077e+01 5.7099e+02 1.7527e+01 2.4559e+01
3.2888e+00 1.7910e+01 1.4253e+01 5.9556e+02 1.2933e+01 1.6904e+01 -5.6967e+00 1.0984e+01 5.7023e+02 1.9300e+01 5.6386e+02 1.6832e+01 2.3539e+01
3.3655e+00 1.7182e+01 1.3694e+01 5.8724e+02 1.2418e+01 1.6211e+01 -5.4711e+00 1.0537e+01 5.6291e+02 1.8550e+01 5.5677e+02 1.6162e+01 2.2558e+01
3.4441e+00 1.6481e+01 1.3154e+01 5.7901e+02 1.1921e+01 1.5544e+01 -5.2536e+00 1.0106e+01 5.5564e+02 1.7826e+01 5.4972e+02 1.5516e+01 2.1615e+01
3.5245e+00 1.5806e+01 1.2633e+01 5.7087e+02 1.1442e+01 1.4902e+01 -5.0437e+00 9.6920e+00 5.4843e+02 1.7127e+01 5.4273e+02 1.4894e+01 2.0709e+01
3.6067e+00 1.5157e+01 1.2131e+01 5.6283e+02 1.0981e+01 1.4284e+01 -4.8414e+00 9.2933e+00 5.4128e+02 1.6452e+01 5.3579e+02 1.4294e+01 1.9838e+01
3.6909e+00 1.4532e+01 1.1648e+01 5.5487e+02 1.0537e+01 1.3690e+01 -4.6464e+00 8.9098e+00 5.3419e+02 1.5802e+01 5.2890e+02 1.3716e+01 1.9001e+01
3.7771e+00 1.3931e+01 1.1181e+01 5.4700e+02 1.0109e+01 1.3119e+01 -4.4585e+00 8.5410e+00 5.2715e+02 1.5174e+01 5.2207e+02 1.3159e+01 1.8197e+01
3.8652e+00 1.3353e+01 1.0732e+01 5.3922e+02 9.6972e+00 1.2570e+01 -4.2775e+00 8.1863e+00 5.2017e+02 1.4569e+01 5.1528e+02 1.2623e+01 1.7424e+01
3.9554e+00 1.2797e+01 1.0300e+01 5.3152e+02 9.3009e+00 1.2043e+01 -4.1032e+00 7.8452e+00 5.1325e+02 1.3986e+01 5.0853e+02 1.2107e+01 1.6682e+01
4.0478e+00 1.2263e+01 9.8826e+00 5.2390e+02 8.9194e+00 1.1536e+01 -3.9353e+00 7.5174e+00 5.0637e+02 1.3424e+01 5.0184e+02 1.1610e+01 1.5969e+01
4.1422e+00 1.1749e+01 9.4812e+00 5.1636e+02 8.5522e+00 1.1048e+01 -3.7737e+00 7.2022e+00 4.9955e+02 1.2883e+01 4.9519e+02 1.1132e+01 1.5285e+01
4.2389e+00 1.1255e+01 9.0947e+00 5.0891e+02 8.1991e+00 1.0580e+01 -3.6181e+00 6.8994e+00 4.9279e+02 1.2361e+01 4.8860e+02 1.0672e+01 1.4628e+01
4.3379e+00 1.0781e+01 8.7227e+00 5.0153e+02 7.8594e+00 1.0131e+01 -3.4684e+00 6.6084e+00 4.8608e+02 1.1859e+01 4.8205e+02 1.0230e+01 1.3998e+01
4.4391e+00 1.0325e+01 8.3645e+00 4.9424e+02 7.5325e+00 9.6988e+00 -3.3243e+00 6.3288e+00 4.7943e+02 1.1375e+01 4.7555e+02 9.8042e+00 1.3393e+01
4.5427e+00 9.8871e+00 8.0199e+00 4.8703e+02 7.2183e+00 9.2842e+00 -3.1858e+00 6.0603e+00 4.7283e+02 1.0909e+01 4.6911e+02 9.3949e+00 1.2812e+01
4.6487e+00 9.4665e+00 7.6885e+00 4.7990e+02 6.9163e+00 8.8861e+00 -3.0525e+00 5.8025e+00 4.6629e+02 1.0461e+01 4.6271e+02 9.0015e+00 1.2256e+01
4.7572e+00 9.0626e+00 7.3697e+00 4.7284e+02 6.6260e+00 8.5040e+00 -2.9244e+00 5.5548e+00 4.5980e+02 1.0029e+01 4.5636e+02 8.6233e+00 1.1721e+01
4.8683e+00 8.6747e+00 7.0629e+00 4.6586e+02 6.3469e+00 8.1373e+00 -2.8012e+00 5.3171e+00 4.5337e+02 9.6143e+00 4.5007e+02 8.2596e+00 1.1209e+01
4.9819e+00 8.3024e+00 6.7681e+00 4.5895e+02 6.0789e+00 7.7854e+00 -2.6828e+00 5.0889e+00 4.4699e+02 9.2150e+00 4.4381e+02 7.9103e+00 1.0718e+01
5.0982e+00 7.9451e+00 6.4846e+00 4.5212e+02 5.8212e+00 7.4478e+00 -2.5690e+00 4.8699e+00 4.4066e+02 8.8309e+00 4.3761e+02 7.5745e+00 1.0247e+01
5.2172e+00 7.6021e+00 6.2121e+00 4.4536e+02 5.5738e+00 7.1239e+00 -2.4597e+00 4.6598e+00 4.3439e+02 8.4615e+00 4.3146e+02 7.2521e+00 9.7953e+00
5.3389e+00 7.2731e+00 5.9502e+00 4.3867e+02 5.3362e+00 6.8133e+00 -2.3547e+00 4.4581e+00 4.2817e+02 8.1064e+00 4.2536e+02 6.9424e+00 9.3626e+00
5.4636e+00 6.9574e+00 5.6985e+00 4.3206e+02 5.1079e+00 6.5154e+00 -2.2538e+00 4.2647e+00 4.2200e+02 7.7650e+00 4.1931e+02 6.6449e+00 8.9479e+00
5.5911e+00 6.6546e+00 5.4568e+00 4.2552e+02 4.8889e+00 6.2298e+00 -2.1570e+00 4.0792e+00 4.1590e+02 7.4370e+00 4.1331e+02 6.3594e+00 8.5506e+00
5.7216e+00 6.3642e+00 5.2247e+00 4.1905e+02 4.6787e+00 5.9560e+00 -2.0640e+00 3.9013e+00 4.0984e+02 7.1219e+00 4.0736e+02 6.0855e+00 8.1699e+00
5.8551e+00 6.0857e+00 5.0018e+00 4.1265e+02 4.4769e+00 5.6935e+00 -1.9748e+00 3.7307e+00 4.0383e+02 6.8192e+00 4.0145e+02 5.8225e+00 7.8052e+00
5.9918e+00 5.8187e+00 4.7878e+00 4.0632e+02 4.2833e+00 5.4420e+00 -1.8892e+00 3.5671e+00 3.9788e+02 6.5284e+00 3.9560e+02 5.5701e+00 7.4560e+00
6.1316e+00 5.5627e+00 4.5823e+00 4.0004e+02 4.0975e+00 5.2009e+00 -1.8070e+00 3.4103e+00 3.9198e+02 6.2492e+00 3.8979e+02 5.3280e+00 7.1215e+00
6.2747e+00 5.3174e+00 4.3850e+00 3.9384e+02 3.9193e+00 4.9699e+00 -1.7282e+00 3.2600e+00 3.8612e+02 5.9810e+00 3.8402e+02 5.0958e+00 6.8013e+00
6.4212e+00 5.0823e+00 4.1957e+00 3.8771e+02 3.7484e+00 4.7487e+00 -1.6526e+00 3.1160e+00 3.8033e+02 5.7236e+00 3.7832e+02 4.8729e+00 6.4948e+00
6.5711e+00 4.8570e+00 4.0140e+00 3.8164e+02 3.5844e+00 4.5367e+00 -1.5800e+00 2.9780e+00 3.7458e+02 5.4765e+00 3.7265e+02 4.6593e+00 6.2013e+00
6.7244e+00 4.6412e+00 3.8398e+00 3.7563e+02 3.4273e+00 4.3338e+00 -1.5105e+00 2.8458e+00 3.6889e+02 5.2394e+00 3.6704e+02 4.4546e+00 5.9204e+00
6.8814e+00 4.4344e+00 3.6726e+00 3.6968e+02 3.2766e+00 4.1394e+00 -1.4438e+00 2.7191e+00 3.6324e+02 5.0119e+00 3.6146e+02 4.2582e+00 5.6517e+00
7.0420e+00 4.2364e+00 3.5123e+00 3.6380e+02 3.1322e+00 3.9533e+00 -1.3799e+00 2.5978e+00 3.5764e+02 4.7937e+00 3.5594e+02 4.0700e+00 5.3945e+00
7.2064e+00 4.0467e+00 3.3585e+00 3.5798e+02 2.9938e+00 3.7752e+00 -1.3187e+00 2.4816e+00 3.5209e+02 4.5843e+00 3.5046e+02 3.8896e+00 5.1485e+00
7.3745e+00 3.8651e+00 3.2111e+00 3.5222e+02 2.8612e+00 3.6047e+00 -1.2600e+00 2.3704e+00 3.4659e+02 4.3835e+00 3.4503e+02 3.7168e+00 4.9131e+00
7.5467e+00 3.6912e+00 3.0698e+00 3.4652e+02 2.7341e+00 3.4415e+00 -1.2038e+00 2.2639e+00 3.4114e+02 4.1910e+00 3.3965e+02 3.5513e+00 4.6880e+00
7.7228e+00 3.5248e+00 2.9343e+00 3.4088e+02 2.6123e+00 3.2853e+00 -1.1499e+00 2.1619e+00 3.3574e+02 4.0064e+00 3.3431e+02 3.3926e+00 4.4728e+00
7.9031e+00 3.3655e+00 2.8045e+00 3.3530e+02 2.4957e+00 3.1359e+00 -1.0983e+00 2.0644e+00 3.3039e+02 3.8295e+00 3.2902e+02 3.2407e+00 4.2669e+00
8.0875e+00 3.2131e+00 2.6802e+00 3.2977e+02 2.3840e+00 2.9929e+00 -1.0489e+00 1.9710e+00 3.2509e+02 3.6599e+00 3.2378e+02 3.0952e+00 4.0702e+00
8.2763e+00 3.0672e+00 2.5610e+00 3.2430e+02 2.2771e+00 2.8562e+00 -1.0016e+00 1.8816e+00 3.1983e+02 3.4974e+00 3.1858e+02 2.9559e+00 3.8820e+00
8.4695e+00 2.9276e+00 2.4468e+00 3.1890e+02 2.1747e+00 2.7254e+00 -9.5635e-01 1.7961e+00 3.1462e+02 3.3417e+00 3.1342e+02 2.8226e+00 3.7022e+00
8.6671e+00 2.7941e+00 2.3375e+00 3.1354e+02 2.0767e+00 2.6004e+00 -9.1300e-01 1.7143e+00 3.0946e+02 3.1926e+00 3.0832e+02 2.6949e+00 3.5304e+00
8.8694e+00 2.6664e+00 2.2328e+00 3.0825e+02 1.9829e+00 2.4808e+00 -8.7152e-01 1.6361e+00 3.0435e+02 3.0497e+00 3.0325e+02 2.5728e+00 3.3661e+00
9.0764e+00 2.5442e+00 2.1325e+00 3.0300e+02 1.8931e+00 2.3665e+00 -8.3183e-01 1.5613e+00 2.9929e+02 2.9129e+00 2.9824e+02 2.4559e+00 3.2092e+00
9.2883e+00 2.4275e+00 2.0365e+00 2.9781e+02 1.8071e+00 2.2572e+00 -7.9385e-01 1.4897e+00 2.9427e+02 2.7819e+00 2.9326e+02 2.3440e+00 3.0593e+00
9.5051e+00 2.3158e+00 1.9446e+00 2.9268e+02 1.7249e+00 2.1527e+00 -7.5751e-01 1.4213e+00 2.8930e+02 2.6565e+00 2.8834e+02 2.2370e+00 2.9161e+00
9.7269e+00 2.2090e+00 1.8567e+00 2.8760e+02 1.6463e+00 2.0529e+00 -7.2276e-01 1.3559e+00 2.8437e+02 2.5365e+00 2.8345e+02 2.1346e+00 2.7794e+00
9.9540e+00 2.1070e+00 1.7725e+00 2.8257e+02 1.5711e+00 1.9575e+00 -6.8952e-01 1.2933e+00 2.7949e+02 2.4216e+00 2.7861e+02 2.0367e+00 2.6487e+00
1.0186e+01 2.0094e+00 1.6920e+00 2.7760e+02 1.4991e+00 1.8663e+00 -6.5774e-01 1.2336e+00 2.7466e+02 2.3116e+00 2.7382e+02 1.9431e+00 2.5240e+00
1.0424e+01 1.9162e+00 1.6149e+00 2.7267e+02 1.4304e+00 1.7793e+00 -6.2735e-01 1.1764e+00 2.6987e+02 2.2064e+00 2.6907e+02 1.8536e+00 2.4049e+00
1.0667e+01 1.8271e+00 1.5413e+00 2.6779e+02 1.3646e+00 1.6961e+00 -5.9830e-01 1.1218e+00 2.6511e+02 2.1058e+00 2.6434e+02 1.7681e+00 2.2912e+00
1.0916e+01 1.7420e+00 1.4707e+00 2.6298e+02 1.3017e+00 1.6166e+00 -5.7054e-01 1.0697e+00 2.6043e+02 2.0094e+00 2.5970e+02 1.6862e+00 2.1827e+00
1.1171e+01 1.6607e+00 1.4032e+00 2.5819e+02 1.2415e+00 1.5407e+00 -5.4400e-01 1.0198e+00 2.5576e+02 1.9172e+00 2.5506e+02 1.6079e+00 2.0791e+00
1.1432e+01 1.5830e+00 1.3389e+00 2.5349e+02 1.1841e+00 1.4683e+00 -5.1864e-01 9.7223e-01 2.5117e+02 1.8292e+00 2.5050e+02 1.5333e+00 1.9803e+00
1.1699e+01 1.5088e+00 1.2772e+00 2.4882e+02 1.1292e+00 1.3991e+00 -4.9441e-01 9.2675e-01 2.4661e+02 1.7450e+00 2.4597e+02 1.4619e+00 1.8859e+00
1.1972e+01 1.4380e+00 1.2182e+00 2.4418e+02 1.0766e+00 1.3330e+00 -4.7127e-01 8.8332e-01 2.4208e+02 1.6644e+00 2.4147e+02 1.3936e+00 1.7959e+00
1.2251e+01 1.3703e+00 1.1620e+00 2.3961e+02 1.0266e+00 1.2700e+00 -4.4916e-01 8.4184e-01 2.3761e+02 1.5875e+00 2.3702e+02 1.3285e+00 1.7100e+00
1.2537e+01 1.3058e+00 1.1080e+00 2.3509e+02 9.7851e-01 1.2098e+00 -4.2804e-01 8.0224e-01 2.3318e+02 1.5137e+00 2.3262e+02 1.2661e+00 1.6281e+00
1.2830e+01 1.2441e+00 1.0567e+00 2.3062e+02 9.3291e-01 1.1523e+00 -4.0787e-01 7.6443e-01 2.2880e+02 1.4436e+00 2.2827e+02 1.2068e+00 1.5500e+00
1.3129e+01 1.1852e+00 1.0075e+00 2.2620e+02 8.8916e-01 1.0975e+00 -3.8862e-01 7.2833e-01 2.2446e+02 1.3764e+00 2.2395e+02 1.1500e+00 1.4755e+00
1.3436e+01 1.1290e+00 9.6054e-01 2.2180e+02 8.4747e-01 1.0452e+00 -3.7023e-01 6.9387e-01 2.2015e+02 1.3122e+00 2.1966e+02 1.0958e+00 1.4044e+00
1.3749e+01 1.0754e+00 9.1564e-01 2.1749e+02 8.0758e-01 9.9531e-01 -3.5268e-01 6.6099e-01 2.1591e+02 1.2508e+00 2.1545e+02 1.0440e+00 1.3366e+00
1.4070e+01 1.0243e+00 8.7267e-01 2.1321e+02 7.6942e-01 9.4771e-01 -3.3593e-01 6.2960e-01 2.1171e+02 1.1921e+00 2.1126e+02 9.9450e-01 1.2720e+00
1.4398e+01 9.7544e-01 8.3188e-01 2.0897e+02 7.3323e-01 9.0230e-01 -3.1994e-01 5.9965e-01 2.0755e+02 1.1363e+00 2.0712e+02 9.4751e-01 1.2104e+00
1.4735e+01 9.2886e-01 7.9274e-01 2.0479e+02 6.9850e-01 8.5899e-01 -3.0468e-01 5.7108e-01 2.0343e+02 1.0828e+00 2.0303e+02 9.0244e-01 1.1517e+00
1.5078e+01 8.8442e-01 7.5535e-01 2.0065e+02 6.6533e-01 8.1768e-01 -2.9012e-01 5.4381e-01 1.9935e+02 1.0317e+00 1.9897e+02 8.5940e-01 1.0957e+00
1.5430e+01 8.4204e-01 7.1972e-01 1.9656e+02 6.3375e-01 7.7830e-01 -2.7623e-01 5.1781e-01 1.9533e+02 9.8301e-01 1.9497e+02 8.1842e-01 1.0424e+00
1.5791e+01 8.0162e-01 6.8573e-01 1.9253e+02 6.0364e-01 7.4074e-01 -2.6299e-01 4.9300e-01 1.9135e+02 9.3654e-01 1.9100e+02 7.7936e-01 9.9158e-01
1.6159e+01 7.6307e-01 6.5326e-01 1.8852e+02 5.7487e-01 7.0494e-01 -2.5035e-01 4.6934e-01 1.8740e+02 8.9214e-01 1.8707e+02 7.4205e-01 9.4315e-01
1.6536e+01 7.2631e-01 6.2226e-01 1.8458e+02 5.4742e-01 6.7081e-01 -2.3829e-01 4.4678e-01 1.8351e+02 8.4975e-01 1.8320e+02 7.0645e-01 8.9701e-01
1.6922e+01 6.9126e-01 5.9265e-01 1.8068e+02 5.2121e-01 6.3827e-01 -2.2680e-01 4.2527e-01 1.7967e+02 8.0928e-01 1.7937e+02 6.7248e-01 8.5305e-01
1.7317e+01 6.5784e-01 5.6441e-01 1.7683e+02 4.9622e-01 6.0727e-01 -2.1584e-01 4.0475e-01 1.7587e+02 7.7068e-01 1.7558e+02 6.4009e-01 8.1118e-01
1.7721e+01 6.2599e-01 5.3747e-01 1.7302e+02 4.7239e-01 5.7771e-01 -2.0539e-01 3.8520e-01 1.7211e+02 7.3385e-01 1.7183e+02 6.0921e-01 7.7130e-01
1.8135e+01 5.9563e-01 5.1181e-01 1.6928e+02 4.4971e-01 5.4955e-01 -1.9543e-01 3.6655e-01 1.6840e+02 6.9876e-01 1.6814e+02 5.7983e-01 7.3331e-01
1.8558e+01 5.6669e-01 4.8727e-01 1.6557e+02 4.2801e-01 5.2272e-01 -1.8594e-01 3.4878e-01 1.6474e+02 6.6521e-01 1.6449e+02 5.5172e-01 6.9714e-01
1.8991e+01 5.3911e-01 4.6393e-01 1.6192e+02 4.0739e-01 4.9716e-01 -1.7689e-01 3.3185e-01 1.6113e+02 6.3330e-01 1.6089e+02 5.2502e-01 6.6270e-01
1.9435e+01 5.1283e-01 4.4165e-01 1.5831e+02 3.8772e-01 4.7281e-01 -1.6826e-01 3.1571e-01 1.5756e+02 6.0284e-01 1.5733e+02 4.9955e-01 6.2991e-01
1.9888e+01 4.8779e-01 4.2036e-01 1.5476e+02 3.6892e-01 4.4961e-01 -1.6004e-01 3.0032e-01 1.5404e+02 5.7375e-01 1.5383e+02 4.7521e-01 5.9869e-01
2.0352e+01 4.6393e-01 4.0010e-01 1.5124e+02 3.5104e-01 4.2752e-01 -1.5221e-01 2.8567e-01 1.5056e+02 5.4604e-01 1.5035e+02 4.5207e-01 5.6896e-01
2.0828e+01 4.4121e-01 3.8075e-01 1.4779e+02 3.3397e-01 4.0647e-01 -1.4475e-01 2.7170e-01 1.4714e+02 5.1961e-01 1.4694e+02 4.2998e-01 5.4068e-01
2.1314e+01 4.1956e-01 3.6234e-01 1.4438e+02 3.1772e-01 3.8644e-01 -1.3765e-01 2.5840e-01 1.4376e+02 4.9443e-01 1.4357e+02 4.0897e-01 5.1375e-01
2.1811e+01 3.9894e-01 3.4477e-01 1.4102e+02 3.0223e-01 3.6736e-01 -1.3088e-01 2.4573e-01 1.4044e+02 4.7042e-01 1.4026e+02 3.8894e-01 4.8813e-01
2.2320e+01 3.7931e-01 3.2803e-01 1.3772e+02 2.8748e-01 3.4919e-01 -1.2443e-01 2.3366e-01 1.3717e+02 4.4754e-01 1.3700e+02 3.6987e-01 4.6374e-01
2.2841e+01 3.6061e-01 3.1208e-01 1.3446e+02 2.7343e-01 3.3189e-01 -1.1829e-01 2.2217e-01 1.3393e+02 4.2574e-01 1.3377e+02 3.5170e-01 4.4054e-01
2.3374e+01 3.4280e-01 2.9686e-01 1.3126e+02 2.6002e-01 3.1543e-01 -1.1244e-01 2.1122e-01 1.3076e+02 4.0495e-01 1.3061e+02 3.3437e-01 4.1847e-01
2.3920e+01 3.2585e-01 2.8240e-01 1.2811e+02 2.4729e-01 2.9976e-01 -1.0688e-01 2.0080e-01 1.2763e+02 3.8519e-01 1.2748e+02 3.1793e-01 3.9747e-01
2.4478e+01 3.0971e-01 2.6855e-01 1.2501e+02 2.3510e-01 2.8484e-01 -1.0158e-01 1.9087e-01 1.2456e+02 3.6627e-01 1.2442e+02 3.0217e-01 3.7749e-01
2.5049e+01 2.9435e-01 2.5542e-01 1.2197e+02 2.2354e-01 2.7065e-01 -9.6534e-02 1.8143e-01 1.2154e+02 3.4832e-01 1.2140e+02 2.8725e-01 3.5849e-01
2.5634e+01 2.7972e-01 2.4291e-01 1.1897e+02 2.1254e-01 2.5714e-01 -9.1732e-02 1.7243e-01 1.1856e+02 3.3123e-01 1.1843e+02 2.7304e-01 3.4042e-01
2.6232e+01 2.6580e-01 2.3096e-01 1.1602e+02 2.0203e-01 2.4429e-01 -8.7162e-02 1.6387e-01 1.1563e+02 3.1491e-01 1.1551e+02 2.5948e-01 3.2323e-01
2.6845e+01 2.5256e-01 2.1961e-01 1.1313e+02 1.9205e-01 2.3206e-01 -8.2813e-02 1.5572e-01 1.1276e+02 2.9940e-01 1.1265e+02 2.4659e-01 3.0689e-01
2.7471e+01 2.3995e-01 2.0876e-01 1.1030e+02 1.8252e-01 2.2042e-01 -7.8675e-02 1.4797e-01 1.0995e+02 2.8459e-01 1.0984e+02 2.3429e-01 2.9135e-01
2.8112e+01 2.2796e-01 1.9849e-01 1.0751e+02 1.7349e-01 2.0936e-01 -7.4737e-02 1.4059e-01 1.0718e+02 2.7056e-01 1.0708e+02 2.2266e-01 2.7657e-01
2.8769e+01 2.1655e-01 1.8865e-01 1.0478e+02 1.6484e-01 1.9883e-01 -7.0990e-02 1.3356e-01 1.0446e+02 2.5712e-01 1.0436e+02 2.1150e-01 2.6253e-01
2.9440e+01 2.0569e-01 1.7933e-01 1.0209e+02 1.5666e-01 1.8882e-01 -6.7426e-02 1.2688e-01 1.0179e+02 2.4439e-01 1.0170e+02 2.0096e-01 2.4917e-01
3.0127e+01 1.9536e-01 1.7043e-01 9.9466e+01 1.4885e-01 1.7929e-01 -6.4036e-02 1.2052e-01 9.9181e+01 2.3224e-01 9.9092e+01 1.9089e-01 2.3648e-01
3.0830e+01 1.8554e-01 1.6196e-01 9.6882e+01 1.4142e-01 1.7024e-01 -6.0811e-02 1.1448e-01 9.6611e+01 2.2068e-01 9.6526e+01 1.8131e-01 2.2442e-01
3.1550e+01 1.7619e-01 1.5390e-01 9.4356e+01 1.3435e-01 1.6163e-01 -5.7744e-02 1.0872e-01 9.4099e+01 2.0968e-01 9.4019e+01 1.7221e-01 2.1295e-01
3.2286e+01 1.6731e-01 1.4625e-01 9.1885e+01 1.2763e-01 1.5344e-01 -5.4827e-02 1.0325e-01 9.1641e+01 1.9922e-01 9.1564e+01 1.6356e-01 2.0206e-01
3.3040e+01 1.5886e-01 1.3894e-01 8.9464e+01 1.2123e-01 1.4566e-01 -5.2054e-02 9.8047e-02 8.9232e+01 1.8926e-01 8.9159e+01 1.5531e-01 1.9171e-01
3.3811e+01 1.5082e-01 1.3201e-01 8.7090e+01 1.1516e-01 1.3826e-01 -4.9416e-02 9.3097e-02 8.6870e+01 1.7980e-01 8.6801e+01 1.4750e-01 1.8187e-01
3.4600e+01 1.4318e-01 1.2540e-01 8.4770e+01 1.0936e-01 1.3122e-01 -4.6909e-02 8.8391e-02 8.4561e+01 1.7077e-01 8.4495e+01 1.4003e-01 1.7252e-01
3.5408e+01 1.3592e-01 1.1911e-01 8.2498e+01 1.0385e-01 1.2454e-01 -4.4525e-02 8.3915e-02 8.2300e+01 1.6219e-01 8.2237e+01 1.3295e-01 1.6364e-01
3.6234e+01 1.2901e-01 1.1314e-01 8.0273e+01 9.8621e-02 1.1818e-01 -4.2260e-02 7.9660e-02 8.0085e+01 1.5405e-01 8.0026e+01 1.2622e-01 1.5521e-01
3.7080e+01 1.2245e-01 1.0744e-01 7.8101e+01 9.3632e-02 1.1214e-01 -4.0106e-02 7.5615e-02 7.7923e+01 1.4628e-01 7.7866e+01 1.1981e-01 1.4720e-01
3.7945e+01 1.1621e-01 1.0204e-01 7.5975e+01 8.8907e-02 1.0640e-01 -3.8059e-02 7.1770e-02 7.5806e+01 1.3891e-01 7.5752e+01 1.1373e-01 1.3959e-01
3.8831e+01 1.1028e-01 9.6897e-02 7.3893e+01 8.4403e-02 1.0095e-01 -3.6114e-02 6.8114e-02 7.3732e+01 1.3189e-01 7.3681e+01 1.0794e-01 1.3236e-01
3.9737e+01 1.0464e-01 9.2006e-02 7.1859e+01 8.0124e-02 9.5769e-02 -3.4266e-02 6.4640e-02 7.1707e+01 1.2522e-01 7.1658e+01 1.0245e-01 1.2550e-01
4.0665e+01 9.9287e-02 8.7351e-02 6.9867e+01 7.6052e-02 9.0846e-02 -3.2509e-02 6.1337e-02 6.9722e+01 1.1888e-01 6.9676e+01 9.7217e-02 1.1899e-01
4.1614e+01 9.4198e-02 8.2928e-02 6.7921e+01 7.2185e-02 8.6169e-02 -3.0840e-02 5.8199e-02 6.7784e+01 1.1285e-01 6.7740e+01 9.2251e-02 1.1280e-01
4.2585e+01 8.9363e-02 7.8724e-02 6.6019e+01 6.8509e-02 8.1727e-02 -2.9255e-02 5.5217e-02 6.5889e+01 1.0711e-01 6.5847e+01 8.7532e-02 1.0693e-01
4.3579e+01 8.4769e-02 7.4723e-02 6.4155e+01 6.5013e-02 7.7508e-02 -2.7749e-02 5.2384e-02 6.4031e+01 1.0166e-01 6.3992e+01 8.3045e-02 1.0135e-01
4.4596e+01 8.0405e-02 7.0920e-02 6.2336e+01 6.1690e-02 7.3501e-02 -2.6319e-02 4.9692e-02 6.2219e+01 9.6479e-02 6.2181e+01 7.8781e-02 9.6057e-02
4.5637e+01 7.6260e-02 6.7312e-02 6.0551e+01 5.8539e-02 6.9695e-02 -2.4960e-02 4.7134e-02 6.0441e+01 9.1562e-02 6.0405e+01 7.4739e-02 9.1032e-02
4.6702e+01 7.2322e-02 6.3880e-02 5.8807e+01 5.5541e-02 6.6081e-02 -2.3669e-02 4.4704e-02 5.8702e+01 8.6885e-02 5.8668e+01 7.0895e-02 8.6264e-02
4.7792e+01 6.8582e-02 6.0617e-02 5.7098e+01 5.2692e-02 6.2649e-02 -2.2444e-02 4.2396e-02 5.6998e+01 8.2440e-02 5.6966e+01 6.7243e-02 8.1738e-02
4.8908e+01 6.5029e-02 5.7515e-02 5.5424e+01 4.9984e-02 5.9390e-02 -2.1280e-02 4.0204e-02 5.5330e+01 7.8214e-02 5.5299e+01 6.3772e-02 7.7443e-02
5.0049e+01 6.1656e-02 5.4567e-02 5.3786e+01 4.7412e-02 5.6296e-02 -2.0175e-02 3.8122e-02 5.3697e+01 7.4200e-02 5.3668e+01 6.0477e-02 7.3368e-02
5.1218e+01 5.8453e-02 5.1765e-02 5.2180e+01 4.4967e-02 5.3359e-02 -1.9126e-02 3.6144e-02 5.2095e+01 7.0384e-02 5.2067e+01 5.7344e-02 6.9501e-02
5.2413e+01 5.5412e-02 4.9105e-02 5.0608e+01 4.2647e-02 5.0571e-02 -1.8130e-02 3.4267e-02 5.0528e+01 6.6762e-02 5.0502e+01 5.4373e-02 6.5832e-02
5.3636e+01 5.2525e-02 4.6581e-02 4.9067e+01 4.0447e-02 4.7925e-02 -1.7185e-02 3.2484e-02 4.8990e+01 6.3326e-02 4.8965e+01 5.1556e-02 6.2352e-02
5.4888e+01 4.9783e-02 4.4182e-02 4.7556e+01 3.8355e-02 4.5413e-02 -1.6287e-02 3.0791e-02 4.7484e+01 6.0060e-02 4.7460e+01 4.8880e-02 5.9050e-02
5.6169e+01 4.7181e-02 4.1898e-02 4.6074e+01 3.6364e-02 4.3029e-02 -1.5435e-02 2.9183e-02 4.6005e+01 5.6952e-02 4.5983e+01 4.6332e-02 5.5918e-02
5.7480e+01 4.4711e-02 3.9733e-02 4.4623e+01 3.4478e-02 4.0766e-02 -1.4627e-02 2.7658e-02 4.4558e+01 5.4005e-02 4.4537e+01 4.3919e-02 5.2947e-02
5.8822e+01 4.2366e-02 3.7677e-02 4.3200e+01 3.2686e-02 3.8620e-02 -1.3859e-02 2.6209e-02 4.3138e+01 5.1207e-02 4.3118e+01 4.1628e-02 5.0130e-02
6.0195e+01 4.0141e-02 3.5721e-02 4.1805e+01 3.0983e-02 3.6582e-02 -1.3131e-02 2.4834e-02 4.1747e+01 4.8547e-02 4.1728e+01 3.9450e-02 4.7458e-02
6.1600e+01 3.8029e-02 3.3868e-02 4.0440e+01 2.9369e-02 3.4649e-02 -1.2440e-02 2.3529e-02 4.0385e+01 4.6026e-02 4.0367e+01 3.7388e-02 4.4924e-02
6.3038e+01 3.6025e-02 3.2106e-02 3.9104e+01 2.7835e-02 3.2816e-02 -1.1785e-02 2.2291e-02 3.9052e+01 4.3628e-02 3.9035e+01 3.5427e-02 4.2522e-02
6.4509e+01 3.4124e-02 3.0432e-02 3.7797e+01 2.6378e-02 3.1076e-02 -1.1163e-02 2.1115e-02 3.7748e+01 4.1353e-02 3.7731e+01 3.3566e-02 4.0244e-02
6.6014e+01 3.2320e-02 2.8846e-02 3.6520e+01 2.4998e-02 2.9426e-02 -1.0573e-02 2.0000e-02 3.6473e+01 3.9196e-02 3.6458e+01 3.1804e-02 3.8085e-02
6.7555e+01 3.0608e-02 2.7340e-02 3.5272e+01 2.3688e-02 2.7861e-02 -1.0013e-02 1.8942e-02 3.5228e+01 3.7149e-02 3.5213e+01 3.0132e-02 3.6038e-02
6.9132e+01 2.8984e-02 2.5909e-02 3.4053e+01 2.2443e-02 2.6376e-02 -9.4819e-03 1.7938e-02 3.4011e+01 3.5203e-02 3.3997e+01 2.8543e-02 3.4097e-02
7.0746e+01 2.7444e-02 2.4554e-02 3.2867e+01 2.1266e-02 2.4969e-02 -8.9783e-03 1.6985e-02 3.2827e+01 3.3361e-02 3.2814e+01 2.7040e-02 3.2258e-02
7.2397e+01 2.5982e-02 2.3263e-02 3.1710e+01 2.0143e-02 2.3633e-02 -8.5006e-03 1.6082e-02 3.1672e+01 3.1606e-02 3.1660e+01 2.5607e-02 3.0515e-02
7.4087e+01 2.4597e-02 2.2039e-02 3.0587e+01 1.9079e-02 2.2367e-02 -8.0477e-03 1.5225e-02 3.0551e+01 2.9943e-02 3.0539e+01 2.4250e-02 2.8863e-02
7.5816e+01 2.3283e-02 2.0880e-02 2.9495e+01 1.8071e-02 2.1167e-02 -7.6182e-03 1.4412e-02 2.9461e+01 2.8368e-02 2.9450e+01 2.2966e-02 2.7298e-02
7.7585e+01 2.2037e-02 1.9777e-02 2.8437e+01 1.7113e-02 2.0029e-02 -7.2110e-03 1.3641e-02 2.8405e+01 2.6870e-02 2.8395e+01 2.1745e-02 2.5814e-02
7.9396e+01 2.0855e-02 1.8734e-02 2.7413e+01 1.6207e-02 1.8950e-02 -6.8249e-03 1.2910e-02 2.7383e+01 2.5453e-02 2.7373e+01 2.0591e-02 2.4409e-02
8.1249e+01 1.9734e-02 1.7743e-02 2.6423e+01 1.5346e-02 1.7928e-02 -6.4588e-03 1.2216e-02 2.6394e+01 2.4106e-02 2.6384e+01 1.9494e-02 2.3077e-02
8.3146e+01 1.8672e-02 1.6802e-02 2.5466e+01 1.4529e-02 1.6958e-02 -6.1117e-03 1.1559e-02 2.5439e+01 2.2828e-02 2.5430e+01 1.8453e-02 2.1816e-02
8.5086e+01 1.7665e-02 1.5910e-02 2.4543e+01 1.3755e-02 1.6040e-02 -5.7827e-03 1.0936e-02 2.4518e+01 2.1617e-02 2.4509e+01 1.7467e-02 2.0622e-02
8.7072e+01 1.6710e-02 1.5064e-02 2.3654e+01 1.3021e-02 1.5169e-02 -5.4710e-03 1.0345e-02 2.3630e+01 2.0469e-02 2.3622e+01 1.6533e-02 1.9490e-02
8.9105e+01 1.5806e-02 1.4262e-02 2.2796e+01 1.2325e-02 1.4344e-02 -5.1754e-03 9.7849e-03 2.2773e+01 1.9380e-02 2.2765e+01 1.5647e-02 1.8418e-02
9.1184e+01 1.4948e-02 1.3501e-02 2.1969e+01 1.1665e-02 1.3562e-02 -4.8953e-03 9.2541e-03 2.1947e+01 1.8347e-02 2.1940e+01 1.4807e-02 1.7404e-02
9.3313e+01 1.4135e-02 1.2778e-02 2.1172e+01 1.1038e-02 1.2821e-02 -4.6299e-03 8.7509e-03 2.1151e+01 1.7366e-02 2.1144e+01 1.4010e-02 1.6443e-02
9.5490e+01 1.3365e-02 1.2094e-02 2.0402e+01 1.0445e-02 1.2120e-02 -4.3784e-03 8.2741e-03 2.0383e+01 1.6438e-02 2.0377e+01 1.3256e-02 1.5533e-02
9.7719e+01 1.2635e-02 1.1445e-02 1.9660e+01 9.8825e-03 1.1455e-02 -4.1401e-03 7.8223e-03 1.9642e+01 1.5557e-02 1.9635e+01 1.2540e-02 1.4671e-02
1.0000e+02 1.1944e-02 1.0830e-02 1.8940e+01 9.3494e-03 1.0825e-02 -3.9143e-03 7.3942e-03 1.8923e+01 1.4722e-02 1.8917e+01 1.1863e-02 1.3856e-02
