1.0000e-03 3.5041e-03 -5.0378e-04 6.1036e-04 8.6026e-04 5.0117e-01 6.7224e-01 2.3784e-03 2.3724e-03
1.0233e-03 3.8300e-03 -5.4873e-04 6.6800e-04 9.4112e-04 5.2630e-01 7.0569e-01 2.5997e-03 2.5930e-03
1.0472e-03 4.1859e-03 -5.9760e-04 7.3107e-04 1.0295e-03 5.5264e-01 7.4072e-01 2.8415e-03 2.8339e-03
1.0717e-03 4.5744e-03 -6.5071e-04 8.0005e-04 1.1261e-03 5.8023e-01 7.7740e-01 3.1054e-03 3.0969e-03
1.0967e-03 4.9986e-03 -7.0841e-04 8.7550e-04 1.2317e-03 6.0916e-01 8.1584e-01 3.3937e-03 3.3841e-03
1.1223e-03 5.4618e-03 -7.7111e-04 9.5802e-04 1.3471e-03 6.3950e-01 8.5613e-01 3.7084e-03 3.6977e-03
1.1485e-03 5.9673e-03 -8.3920e-04 1.0483e-03 1.4732e-03 6.7131e-01 8.9835e-01 4.0520e-03 4.0399e-03
1.1753e-03 6.5192e-03 -9.1316e-04 1.1470e-03 1.6110e-03 7.0469e-01 9.4260e-01 4.4270e-03 4.4135e-03
1.2027e-03 7.1215e-03 -9.9346e-04 1.2549e-03 1.7616e-03 7.3971e-01 9.8898e-01 4.8364e-03 4.8212e-03
1.2308e-03 7.7787e-03 -1.0806e-03 1.3730e-03 1.9262e-03 7.7643e-01 1.0376e+00 5.2832e-03 5.2662e-03
1.2595e-03 8.4959e-03 -1.1752e-03 1.5021e-03 2.1060e-03 8.1491e-01 1.0885e+00 5.7707e-03 5.7517e-03
1.2889e-03 9.2783e-03 -1.2778e-03 1.6432e-03 2.3024e-03 8.5522e-01 1.1417e+00 6.3027e-03 6.2813e-03
1.3190e-03 1.0132e-02 -1.3891e-03 1.7975e-03 2.5169e-03 8.9742e-01 1.1974e+00 6.8831e-03 6.8592e-03
1.3498e-03 1.1063e-02 -1.5097e-03 1.9663e-03 2.7513e-03 9.4160e-01 1.2557e+00 7.5163e-03 7.4895e-03
1.3813e-03 1.2079e-02 -1.6405e-03 2.1507e-03 3.0072e-03 9.8784e-01 1.3166e+00 8.2070e-03 8.1770e-03
1.4135e-03 1.3186e-02 -1.7823e-03 2.3523e-03 3.2867e-03 1.0362e+00 1.3803e+00 8.9603e-03 8.9267e-03
1.4465e-03 1.4394e-02 -1.9359e-03 2.5727e-03 3.5919e-03 1.0868e+00 1.4468e+00 9.7818e-03 9.7441e-03
1.4803e-03 1.5710e-02 -2.1022e-03 2.8136e-03 3.9251e-03 1.1396e+00 1.5162e+00 1.0678e-02 1.0635e-02
1.5148e-03 1.7145e-02 -2.2823e-03 3.0769e-03 4.2889e-03 1.1949e+00 1.5888e+00 1.1654e-02 1.1607e-02
1.5502e-03 1.8710e-02 -2.4772e-03 3.3647e-03 4.6860e-03 1.2527e+00 1.6646e+00 1.2719e-02 1.2666e-02
1.5864e-03 2.0415e-02 -2.6882e-03 3.6792e-03 5.1194e-03 1.3133e+00 1.7438e+00 1.3879e-02 1.3820e-02
1.6234e-03 2.2273e-02 -2.9165e-03 4.0229e-03 5.5924e-03 1.3766e+00 1.8266e+00 1.5144e-02 1.5078e-02
1.6613e-03 2.4298e-02 -3.1632e-03 4.3984e-03 6.1086e-03 1.4429e+00 1.9132e+00 1.6522e-02 1.6449e-02
1.7000e-03 2.6503e-02 -3.4300e-03 4.8087e-03 6.6719e-03 1.5123e+00 2.0037e+00 1.8024e-02 1.7942e-02
1.7397e-03 2.8906e-02 -3.7183e-03 5.2570e-03 7.2864e-03 1.5850e+00 2.0984e+00 1.9660e-02 1.9568e-02
1.7803e-03 3.1522e-02 -4.0296e-03 5.7468e-03 7.9568e-03 1.6611e+00 2.1974e+00 2.1442e-02 2.1339e-02
1.8219e-03 3.4372e-02 -4.3659e-03 6.2819e-03 8.6881e-03 1.7409e+00 2.3010e+00 2.3383e-02 2.3268e-02
1.8644e-03 3.7475e-02 -4.7289e-03 6.8663e-03 9.4857e-03 1.8244e+00 2.4093e+00 2.5497e-02 2.5368e-02
1.9079e-03 4.0852e-02 -5.1206e-03 7.5048e-03 1.0356e-02 1.9118e+00 2.5224e+00 2.7798e-02 2.7654e-02
1.9525e-03 4.4529e-02 -5.5430e-03 8.2020e-03 1.1304e-02 2.0033e+00 2.6407e+00 3.0304e-02 3.0143e-02
1.9980e-03 4.8530e-02 -5.9983e-03 8.9636e-03 1.2338e-02 2.0990e+00 2.7642e+00 3.3031e-02 3.2851e-02
2.0447e-03 5.2883e-02 -6.4889e-03 9.7952e-03 1.3466e-02 2.1990e+00 2.8931e+00 3.5998e-02 3.5798e-02
2.0924e-03 5.7620e-02 -7.0175e-03 1.0703e-02 1.4694e-02 2.3037e+00 3.0278e+00 3.9228e-02 3.9004e-02
2.1412e-03 6.2772e-02 -7.5866e-03 1.1695e-02 1.6034e-02 2.4133e+00 3.1683e+00 4.2741e-02 4.2492e-02
2.1912e-03 6.8376e-02 -8.1989e-03 1.2778e-02 1.7493e-02 2.5279e+00 3.3151e+00 4.6563e-02 4.6285e-02
2.2423e-03 7.4470e-02 -8.8575e-03 1.3960e-02 1.9083e-02 2.6478e+00 3.4683e+00 5.0719e-02 5.0409e-02
2.2947e-03 8.1094e-02 -9.5654e-03 1.5250e-02 2.0815e-02 2.7732e+00 3.6283e+00 5.5239e-02 5.4893e-02
2.3482e-03 8.8295e-02 -1.0326e-02 1.6658e-02 2.2702e-02 2.9045e+00 3.7954e+00 6.0152e-02 5.9767e-02
2.4030e-03 9.6121e-02 -1.1143e-02 1.8196e-02 2.4757e-02 3.0418e+00 3.9699e+00 6.5493e-02 6.5065e-02
2.4591e-03 1.0463e-01 -1.2019e-02 1.9874e-02 2.6995e-02 3.1856e+00 4.1520e+00 7.1298e-02 7.0821e-02
2.5165e-03 1.1386e-01 -1.2960e-02 2.1705e-02 2.9431e-02 3.3361e+00 4.3421e+00 7.7606e-02 7.7074e-02
2.5753e-03 1.2390e-01 -1.3967e-02 2.3703e-02 3.2084e-02 3.4935e+00 4.5405e+00 8.4459e-02 8.3866e-02
2.6354e-03 1.3480e-01 -1.5047e-02 2.5883e-02 3.4970e-02 3.6581e+00 4.7475e+00 9.1902e-02 9.1242e-02
2.6969e-03 1.4663e-01 -1.6202e-02 2.8262e-02 3.8112e-02 3.8303e+00 4.9634e+00 9.9985e-02 9.9251e-02
2.7598e-03 1.5947e-01 -1.7439e-02 3.0857e-02 4.1530e-02 4.0103e+00 5.1886e+00 1.0876e-01 1.0794e-01
2.8242e-03 1.7341e-01 -1.8760e-02 3.3688e-02 4.5249e-02 4.1987e+00 5.4234e+00 1.1829e-01 1.1738e-01
2.8902e-03 1.8854e-01 -2.0172e-02 3.6775e-02 4.9294e-02 4.3957e+00 5.6683e+00 1.2863e-01 1.2762e-01
2.9576e-03 2.0495e-01 -2.1679e-02 4.0143e-02 5.3693e-02 4.6018e+00 5.9236e+00 1.3984e-01 1.3872e-01
3.0266e-03 2.2274e-01 -2.3286e-02 4.3816e-02 5.8476e-02 4.8173e+00 6.1897e+00 1.5201e-01 1.5076e-01
3.0973e-03 2.4204e-01 -2.4998e-02 4.7821e-02 6.3675e-02 5.0427e+00 6.4672e+00 1.6521e-01 1.6382e-01
3.1696e-03 2.6296e-01 -2.6821e-02 5.2188e-02 6.9327e-02 5.2784e+00 6.7563e+00 1.7953e-01 1.7798e-01
3.2436e-03 2.8563e-01 -2.8760e-02 5.6949e-02 7.5468e-02 5.5248e+00 7.0576e+00 1.9504e-01 1.9333e-01
3.3193e-03 3.1020e-01 -3.0821e-02 6.2140e-02 8.2141e-02 5.7826e+00 7.3715e+00 2.1186e-01 2.0995e-01
3.3967e-03 3.3681e-01 -3.3009e-02 6.7798e-02 8.9390e-02 6.0522e+00 7.6983e+00 2.3008e-01 2.2796e-01
3.4760e-03 3.6563e-01 -3.5328e-02 7.3965e-02 9.7262e-02 6.3339e+00 8.0387e+00 2.4981e-01 2.4747e-01
3.5572e-03 3.9684e-01 -3.7785e-02 8.0686e-02 1.0581e-01 6.6284e+00 8.3931e+00 2.7119e-01 2.6859e-01
3.6402e-03 4.3062e-01 -4.0383e-02 8.8010e-02 1.1509e-01 6.9362e+00 8.7619e+00 2.9433e-01 2.9144e-01
3.7251e-03 4.6717e-01 -4.3128e-02 9.5990e-02 1.2516e-01 7.2580e+00 9.1458e+00 3.1939e-01 3.1618e-01
3.8121e-03 5.0672e-01 -4.6026e-02 1.0468e-01 1.3609e-01 7.5945e+00 9.5453e+00 3.4650e-01 3.4294e-01
3.9011e-03 5.4949e-01 -4.9079e-02 1.1416e-01 1.4795e-01 7.9462e+00 9.9608e+00 3.7583e-01 3.7189e-01
3.9921e-03 5.9574e-01 -5.2290e-02 1.2447e-01 1.6081e-01 8.3136e+00 1.0393e+01 4.0755e-01 4.0318e-01
4.0853e-03 6.4573e-01 -5.5662e-02 1.3571e-01 1.7476e-01 8.6976e+00 1.0842e+01 4.4185e-01 4.3701e-01
4.1806e-03 6.9974e-01 -5.9198e-02 1.4795e-01 1.8988e-01 9.0988e+00 1.1309e+01 4.7892e-01 4.7356e-01
4.2782e-03 7.5809e-01 -6.2897e-02 1.6127e-01 2.0627e-01 9.5178e+00 1.1794e+01 5.1898e-01 5.1305e-01
4.3781e-03 8.2112e-01 -6.6764e-02 1.7578e-01 2.2402e-01 9.9559e+00 1.2299e+01 5.6226e-01 5.5569e-01
4.4803e-03 8.8916e-01 -7.0794e-02 1.9157e-01 2.4326e-01 1.0414e+01 1.2822e+01 6.0901e-01 6.0173e-01
4.5848e-03 9.6259e-01 -7.4983e-02 2.0876e-01 2.6410e-01 1.0891e+01 1.3366e+01 6.5947e-01 6.5142e-01
4.6918e-03 1.0418e+00 -7.9328e-02 2.2747e-01 2.8666e-01 1.1391e+01 1.3930e+01 7.1393e-01 7.0502e-01
4.8013e-03 1.1273e+00 -8.3820e-02 2.4783e-01 3.1108e-01 1.1912e+01 1.4516e+01 7.7268e-01 7.6284e-01
4.9134e-03 1.2194e+00 -8.8451e-02 2.6999e-01 3.3750e-01 1.2456e+01 1.5123e+01 8.3605e-01 8.2517e-01
5.0281e-03 1.3187e+00 -9.3212e-02 2.9409e-01 3.6609e-01 1.3024e+01 1.5753e+01 9.0438e-01 8.9235e-01
5.1454e-03 1.4257e+00 -9.8089e-02 3.2030e-01 3.9701e-01 1.3618e+01 1.6406e+01 9.7803e-01 9.6474e-01
5.2655e-03 1.5409e+00 -1.0306e-01 3.4882e-01 4.3044e-01 1.4237e+01 1.7083e+01 1.0574e+00 1.0427e+00
5.3884e-03 1.6650e+00 -1.0810e-01 3.7983e-01 4.6658e-01 1.4883e+01 1.7784e+01 1.1428e+00 1.1266e+00
5.5142e-03 1.7985e+00 -1.1319e-01 4.1354e-01 5.0563e-01 1.5558e+01 1.8510e+01 1.2348e+00 1.2170e+00
5.6429e-03 1.9421e+00 -1.1829e-01 4.5020e-01 5.4781e-01 1.6261e+01 1.9261e+01 1.3339e+00 1.3141e+00
5.7746e-03 2.0966e+00 -1.2337e-01 4.9004e-01 5.9336e-01 1.6995e+01 2.0039e+01 1.4404e+00 1.4186e+00
5.9094e-03 2.2627e+00 -1.2839e-01 5.3335e-01 6.4254e-01 1.7762e+01 2.0843e+01 1.5550e+00 1.5310e+00
6.0473e-03 2.4411e+00 -1.3330e-01 5.8040e-01 6.9561e-01 1.8561e+01 2.1674e+01 1.6781e+00 1.6517e+00
6.1885e-03 2.6328e+00 -1.3803e-01 6.3153e-01 7.5286e-01 1.9394e+01 2.2533e+01 1.8104e+00 1.7813e+00
6.3329e-03 2.8385e+00 -1.4252e-01 6.8706e-01 8.1460e-01 2.0262e+01 2.3421e+01 1.9526e+00 1.9205e+00
6.4807e-03 3.0593e+00 -1.4670e-01 7.4738e-01 8.8117e-01 2.1168e+01 2.4337e+01 2.1052e+00 2.0698e+00
6.6320e-03 3.2961e+00 -1.5047e-01 8.1288e-01 9.5290e-01 2.2111e+01 2.5283e+01 2.2689e+00 2.2300e+00
6.7868e-03 3.5501e+00 -1.5377e-01 8.8399e-01 1.0302e+00 2.3095e+01 2.6258e+01 2.4446e+00 2.4018e+00
6.9452e-03 3.8223e+00 -1.5646e-01 9.6119e-01 1.1134e+00 2.4120e+01 2.7264e+01 2.6330e+00 2.5859e+00
7.1073e-03 4.1139e+00 -1.5842e-01 1.0450e+00 1.2030e+00 2.5188e+01 2.8300e+01 2.8348e+00 2.7831e+00
7.2732e-03 4.4261e+00 -1.5952e-01 1.1359e+00 1.2994e+00 2.6300e+01 2.9367e+01 3.0511e+00 2.9942e+00
7.4429e-03 4.7601e+00 -1.5960e-01 1.2345e+00 1.4030e+00 2.7457e+01 3.0465e+01 3.2826e+00 3.2202e+00
7.6166e-03 5.1174e+00 -1.5848e-01 1.3415e+00 1.5145e+00 2.8662e+01 3.1595e+01 3.5303e+00 3.4618e+00
7.7944e-03 5.4995e+00 -1.5600e-01 1.4575e+00 1.6343e+00 2.9917e+01 3.2757e+01 3.7953e+00 3.7201e+00
7.9763e-03 5.9077e+00 -1.5194e-01 1.5833e+00 1.7630e+00 3.1223e+01 3.3950e+01 4.0787e+00 3.9962e+00
8.1625e-03 6.3437e+00 -1.4606e-01 1.7196e+00 1.9012e+00 3.2582e+01 3.5176e+01 4.3815e+00 4.2910e+00
8.3530e-03 6.8091e+00 -1.3809e-01 1.8674e+00 2.0495e+00 3.3995e+01 3.6434e+01 4.7048e+00 4.6056e+00
8.5480e-03 7.3055e+00 -1.2774e-01 2.0274e+00 2.2086e+00 3.5464e+01 3.7724e+01 5.0499e+00 4.9413e+00
8.7475e-03 7.8347e+00 -1.1472e-01 2.2008e+00 2.3792e+00 3.6992e+01 3.9046e+01 5.4181e+00 5.2991e+00
8.9517e-03 8.3987e+00 -9.8678e-02 2.3886e+00 2.5621e+00 3.8579e+01 4.0400e+01 5.8106e+00 5.6804e+00
9.1606e-03 8.9995e+00 -7.9276e-02 2.5919e+00 2.7580e+00 4.0230e+01 4.1786e+01 6.2290e+00 6.0865e+00
9.3744e-03 9.6388e+00 -5.6062e-02 2.8119e+00 2.9678e+00 4.1944e+01 4.3203e+01 6.6745e+00 6.5187e+00
9.5932e-03 1.0319e+01 -2.8588e-02 3.0500e+00 3.1923e+00 4.3724e+01 4.4651e+01 7.1486e+00 6.9783e+00
9.8171e-03 1.1042e+01 3.6366e-03 3.3075e+00 3.4324e+00 4.5572e+01 4.6130e+01 7.6529e+00 7.4669e+00
1.0046e-02 1.1810e+01 4.1142e-02 3.5860e+00 3.6891e+00 4.7489e+01 4.7639e+01 8.1890e+00 7.9859e+00
1.0281e-02 1.2625e+01 8.4504e-02 3.8872e+00 3.9634e+00 4.9479e+01 4.9177e+01 8.7586e+00 8.5369e+00
1.0521e-02 1.3490e+01 1.3426e-01 4.2126e+00 4.2563e+00 5.1544e+01 5.0744e+01 9.3633e+00 9.1215e+00
1.0766e-02 1.4407e+01 1.9115e-01 4.5642e+00 4.5690e+00 5.3685e+01 5.2339e+01 1.0005e+01 9.7412e+00
1.1018e-02 1.5379e+01 2.5591e-01 4.9439e+00 4.9025e+00 5.5903e+01 5.3961e+01 1.0685e+01 1.0398e+01
1.1275e-02 1.6408e+01 3.2931e-01 5.3540e+00 5.2581e+00 5.8202e+01 5.5609e+01 1.1406e+01 1.1093e+01
1.1538e-02 1.7496e+01 4.1219e-01 5.7965e+00 5.6369e+00 6.0583e+01 5.7282e+01 1.2169e+01 1.1828e+01
1.1807e-02 1.8647e+01 5.0546e-01 6.2740e+00 6.0402e+00 6.3048e+01 5.8978e+01 1.2976e+01 1.2606e+01
1.2083e-02 1.9862e+01 6.0996e-01 6.7890e+00 6.4694e+00 6.5600e+01 6.0696e+01 1.3829e+01 1.3427e+01
1.2365e-02 2.1146e+01 7.2675e-01 7.3442e+00 6.9258e+00 6.8242e+01 6.2436e+01 1.4731e+01 1.4294e+01
1.2653e-02 2.2500e+01 8.5697e-01 7.9426e+00 7.4108e+00 7.0973e+01 6.4194e+01 1.5683e+01 1.5208e+01
1.2949e-02 2.3927e+01 1.0018e+00 8.5871e+00 7.9259e+00 7.3797e+01 6.5971e+01 1.6687e+01 1.6172e+01
1.3251e-02 2.5430e+01 1.1623e+00 9.2812e+00 8.4725e+00 7.6714e+01 6.7763e+01 1.7746e+01 1.7187e+01
1.3560e-02 2.7011e+01 1.3400e+00 1.0028e+01 9.0522e+00 7.9728e+01 6.9569e+01 1.8860e+01 1.8254e+01
1.3877e-02 2.8674e+01 1.5360e+00 1.0832e+01 9.6665e+00 8.2839e+01 7.1388e+01 2.0033e+01 1.9377e+01
1.4201e-02 3.0422e+01 1.7517e+00 1.1696e+01 1.0317e+01 8.6052e+01 7.3217e+01 2.1267e+01 2.0556e+01
1.4532e-02 3.2256e+01 1.9888e+00 1.2625e+01 1.1006e+01 8.9367e+01 7.5055e+01 2.2563e+01 2.1794e+01
1.4871e-02 3.4179e+01 2.2487e+00 1.3623e+01 1.1734e+01 9.2784e+01 7.6899e+01 2.3923e+01 2.3092e+01
1.5218e-02 3.6194e+01 2.5332e+00 1.4694e+01 1.2503e+01 9.6305e+01 7.8747e+01 2.5349e+01 2.4451e+01
1.5573e-02 3.8304e+01 2.8438e+00 1.5843e+01 1.3315e+01 9.9932e+01 8.0597e+01 2.6844e+01 2.5875e+01
1.5937e-02 4.0510e+01 3.1825e+00 1.7076e+01 1.4171e+01 1.0367e+02 8.2447e+01 2.8408e+01 2.7363e+01
1.6309e-02 4.2817e+01 3.5505e+00 1.8398e+01 1.5074e+01 1.0751e+02 8.4295e+01 3.0045e+01 2.8918e+01
1.6690e-02 4.5225e+01 3.9501e+00 1.9814e+01 1.6024e+01 1.1147e+02 8.6138e+01 3.1755e+01 3.0542e+01
1.7079e-02 4.7736e+01 4.3832e+00 2.1330e+01 1.7025e+01 1.1553e+02 8.7974e+01 3.3541e+01 3.2235e+01
1.7478e-02 5.0353e+01 4.8515e+00 2.2953e+01 1.8076e+01 1.1971e+02 8.9802e+01 3.5403e+01 3.3998e+01
1.7886e-02 5.3076e+01 5.3571e+00 2.4689e+01 1.9180e+01 1.2400e+02 9.1618e+01 3.7343e+01 3.5834e+01
1.8303e-02 5.5908e+01 5.9018e+00 2.6544e+01 2.0338e+01 1.2840e+02 9.3422e+01 3.9363e+01 3.7742e+01
1.8730e-02 5.8852e+01 6.4872e+00 2.8526e+01 2.1552e+01 1.3292e+02 9.5210e+01 4.1464e+01 3.9724e+01
1.9167e-02 6.1908e+01 7.1154e+00 3.0641e+01 2.2824e+01 1.3756e+02 9.6981e+01 4.3647e+01 4.1782e+01
1.9615e-02 6.5077e+01 7.7883e+00 3.2897e+01 2.4153e+01 1.4231e+02 9.8733e+01 4.5913e+01 4.3915e+01
2.0073e-02 6.8358e+01 8.5077e+00 3.5301e+01 2.5543e+01 1.4717e+02 1.0046e+02 4.8262e+01 4.6123e+01
2.0541e-02 7.1754e+01 9.2754e+00 3.7862e+01 2.6993e+01 1.5215e+02 1.0217e+02 5.0696e+01 4.8408e+01
2.1021e-02 7.5264e+01 1.0093e+01 4.0586e+01 2.8505e+01 1.5724e+02 1.0386e+02 5.3214e+01 5.0769e+01
2.1511e-02 7.8890e+01 1.0962e+01 4.3483e+01 3.0081e+01 1.6245e+02 1.0552e+02 5.5818e+01 5.3207e+01
2.2013e-02 8.2634e+01 1.1883e+01 4.6560e+01 3.1720e+01 1.6778e+02 1.0715e+02 5.8509e+01 5.5724e+01
2.2527e-02 8.6494e+01 1.2859e+01 4.9825e+01 3.3424e+01 1.7322e+02 1.0875e+02 6.1285e+01 5.8316e+01
2.3053e-02 9.0468e+01 1.3890e+01 5.3286e+01 3.5192e+01 1.7877e+02 1.1033e+02 6.4146e+01 6.0985e+01
2.3591e-02 9.4556e+01 1.4977e+01 5.6952e+01 3.7025e+01 1.8443e+02 1.1187e+02 6.7094e+01 6.3729e+01
2.4142e-02 9.8757e+01 1.6121e+01 6.0831e+01 3.8924e+01 1.9020e+02 1.1338e+02 7.0126e+01 6.6548e+01
2.4705e-02 1.0307e+02 1.7323e+01 6.4931e+01 4.0888e+01 1.9609e+02 1.1486e+02 7.3242e+01 6.9442e+01
2.5282e-02 1.0751e+02 1.8584e+01 6.9259e+01 4.2920e+01 2.0209e+02 1.1631e+02 7.6447e+01 7.2414e+01
2.5872e-02 1.1205e+02 1.9903e+01 7.3826e+01 4.5016e+01 2.0819e+02 1.1772e+02 7.9736e+01 7.5459e+01
2.6476e-02 1.1671e+02 2.1281e+01 7.8637e+01 4.7178e+01 2.1441e+02 1.1910e+02 8.3108e+01 7.8576e+01
2.7094e-02 1.2147e+02 2.2717e+01 8.3703e+01 4.9404e+01 2.2073e+02 1.2044e+02 8.6563e+01 8.1765e+01
2.7726e-02 1.2635e+02 2.4211e+01 8.9029e+01 5.1693e+01 2.2715e+02 1.2174e+02 9.0099e+01 8.5024e+01
2.8373e-02 1.3133e+02 2.5763e+01 9.4624e+01 5.4045e+01 2.3367e+02 1.2301e+02 9.3718e+01 8.8353e+01
2.9035e-02 1.3643e+02 2.7371e+01 1.0049e+02 5.6461e+01 2.4030e+02 1.2424e+02 9.7421e+01 9.1757e+01
2.9713e-02 1.4164e+02 2.9034e+01 1.0665e+02 5.8939e+01 2.4703e+02 1.2542e+02 1.0121e+02 9.5232e+01
3.0406e-02 1.4695e+02 3.0752e+01 1.1309e+02 6.1477e+01 2.5386e+02 1.2657e+02 1.0507e+02 9.8775e+01
3.1116e-02 1.5237e+02 3.2521e+01 1.1982e+02 6.4073e+01 2.6079e+02 1.2767e+02 1.0902e+02 1.0239e+02
3.1842e-02 1.5790e+02 3.4341e+01 1.2686e+02 6.6725e+01 2.6780e+02 1.2872e+02 1.1305e+02 1.0607e+02
3.2586e-02 1.6354e+02 3.6210e+01 1.3419e+02 6.9433e+01 2.7491e+02 1.2973e+02 1.1716e+02 1.0981e+02
3.3346e-02 1.6929e+02 3.8126e+01 1.4183e+02 7.2199e+01 2.8212e+02 1.3068e+02 1.2135e+02 1.1363e+02
3.4124e-02 1.7516e+02 4.0090e+01 1.4978e+02 7.5022e+01 2.8943e+02 1.3157e+02 1.2563e+02 1.1753e+02
3.4921e-02 1.8115e+02 4.2098e+01 1.5804e+02 7.7898e+01 2.9682e+02 1.3240e+02 1.3000e+02 1.2149e+02
3.5736e-02 1.8725e+02 4.4148e+01 1.6662e+02 8.0827e+01 3.0430e+02 1.3317e+02 1.3445e+02 1.2553e+02
3.6570e-02 1.9346e+02 4.6240e+01 1.7551e+02 8.3808e+01 3.1187e+02 1.3386e+02 1.3899e+02 1.2964e+02
3.7424e-02 1.9979e+02 4.8373e+01 1.8472e+02 8.6841e+01 3.1951e+02 1.3447e+02 1.4361e+02 1.3382e+02
3.8297e-02 2.0625e+02 5.0547e+01 1.9424e+02 8.9927e+01 3.2724e+02 1.3499e+02 1.4833e+02 1.3808e+02
3.9191e-02 2.1286e+02 5.2767e+01 2.0409e+02 9.3077e+01 3.3507e+02 1.3542e+02 1.5315e+02 1.4244e+02
4.0106e-02 2.1961e+02 5.5029e+01 2.1426e+02 9.6282e+01 3.4298e+02 1.3575e+02 1.5807e+02 1.4687e+02
4.1042e-02 2.2648e+02 5.7335e+01 2.2475e+02 9.9545e+01 3.5096e+02 1.3596e+02 1.6308e+02 1.5139e+02
4.2000e-02 2.3349e+02 5.9688e+01 2.3556e+02 1.0287e+02 3.5901e+02 1.3604e+02 1.6819e+02 1.5598e+02
4.2980e-02 2.4063e+02 6.2090e+01 2.4670e+02 1.0625e+02 3.6713e+02 1.3600e+02 1.7341e+02 1.6066e+02
4.3983e-02 2.4792e+02 6.4547e+01 2.5817e+02 1.0970e+02 3.7532e+02 1.3581e+02 1.7873e+02 1.6543e+02
4.5010e-02 2.5539e+02 6.7073e+01 2.6997e+02 1.1324e+02 3.8359e+02 1.3546e+02 1.8417e+02 1.7031e+02
4.6060e-02 2.6304e+02 6.9669e+01 2.8211e+02 1.1686e+02 3.9194e+02 1.3495e+02 1.8973e+02 1.7529e+02
4.7135e-02 2.7082e+02 7.2341e+01 2.9459e+02 1.2056e+02 4.0034e+02 1.3427e+02 1.9539e+02 1.8035e+02
4.8235e-02 2.7876e+02 7.5099e+01 3.0742e+02 1.2435e+02 4.0878e+02 1.3341e+02 2.0116e+02 1.8551e+02
4.9361e-02 2.8684e+02 7.7953e+01 3.2061e+02 1.2823e+02 4.1727e+02 1.3235e+02 2.0704e+02 1.9075e+02
5.0513e-02 2.9507e+02 8.0913e+01 3.3417e+02 1.3222e+02 4.2580e+02 1.3110e+02 2.1303e+02 1.9608e+02
5.1692e-02 3.0348e+02 8.4000e+01 3.4812e+02 1.3634e+02 4.3437e+02 1.2965e+02 2.1913e+02 2.0151e+02
5.2899e-02 3.1208e+02 8.7228e+01 3.6248e+02 1.4058e+02 4.4299e+02 1.2799e+02 2.2535e+02 2.0705e+02
5.4134e-02 3.2081e+02 9.0601e+01 3.7725e+02 1.4495e+02 4.5163e+02 1.2613e+02 2.3166e+02 2.1266e+02
5.5397e-02 3.2966e+02 9.4129e+01 3.9247e+02 1.4946e+02 4.6026e+02 1.2407e+02 2.3806e+02 2.1833e+02
5.6690e-02 3.3862e+02 9.7824e+01 4.0814e+02 1.5410e+02 4.6889e+02 1.2182e+02 2.4453e+02 2.2407e+02
5.8013e-02 3.4766e+02 1.0170e+02 4.2430e+02 1.5887e+02 4.7750e+02 1.1937e+02 2.5107e+02 2.2984e+02
5.9367e-02 3.5680e+02 1.0576e+02 4.4095e+02 1.6380e+02 4.8607e+02 1.1675e+02 2.5767e+02 2.3567e+02
6.0753e-02 3.6612e+02 1.1004e+02 4.5813e+02 1.6890e+02 4.9465e+02 1.1396e+02 2.6434e+02 2.4157e+02
6.2171e-02 3.7548e+02 1.1452e+02 4.7585e+02 1.7413e+02 5.0317e+02 1.1103e+02 2.7104e+02 2.4748e+02
6.3622e-02 3.8485e+02 1.1920e+02 4.9412e+02 1.7951e+02 5.1162e+02 1.0796e+02 2.7775e+02 2.5339e+02
6.5107e-02 3.9422e+02 1.2407e+02 5.1296e+02 1.8500e+02 5.1998e+02 1.0480e+02 2.8445e+02 2.5927e+02
6.6627e-02 4.0356e+02 1.2913e+02 5.3237e+02 1.9061e+02 5.2824e+02 1.0155e+02 2.9112e+02 2.6511e+02
6.8182e-02 4.1285e+02 1.3437e+02 5.5235e+02 1.9632e+02 5.3638e+02 9.8238e+01 2.9773e+02 2.7089e+02
6.9773e-02 4.2219e+02 1.3980e+02 5.7288e+02 2.0213e+02 5.4443e+02 9.4897e+01 3.0434e+02 2.7667e+02
7.1402e-02 4.3146e+02 1.4538e+02 5.9396e+02 2.0802e+02 5.5235e+02 9.1547e+01 3.1087e+02 2.8237e+02
7.3068e-02 4.4061e+02 1.5107e+02 6.1557e+02 2.1393e+02 5.6012e+02 8.8214e+01 3.1730e+02 2.8797e+02
7.4773e-02 4.4962e+02 1.5684e+02 6.3766e+02 2.1984e+02 5.6772e+02 8.4916e+01 3.2361e+02 2.9345e+02
7.6519e-02 4.5846e+02 1.6266e+02 6.6021e+02 2.2572e+02 5.7514e+02 8.1674e+01 3.2979e+02 2.9880e+02
7.8305e-02 4.6712e+02 1.6848e+02 6.8316e+02 2.3153e+02 5.8239e+02 7.8499e+01 3.3584e+02 3.0400e+02
8.0132e-02 4.7569e+02 1.7429e+02 7.0642e+02 2.3725e+02 5.8945e+02 7.5399e+01 3.4177e+02 3.0910e+02
8.2003e-02 4.8416e+02 1.8005e+02 7.2992e+02 2.4286e+02 5.9635e+02 7.2374e+01 3.4758e+02 3.1409e+02
8.3917e-02 4.9243e+02 1.8569e+02 7.5357e+02 2.4831e+02 6.0305e+02 6.9421e+01 3.5324e+02 3.1894e+02
8.5875e-02 5.0052e+02 1.9118e+02 7.7728e+02 2.5356e+02 6.0956e+02 6.6526e+01 3.5876e+02 3.2362e+02
8.7880e-02 5.0843e+02 1.9649e+02 8.0096e+02 2.5860e+02 6.1588e+02 6.3671e+01 3.6414e+02 3.2817e+02
8.9931e-02 5.1617e+02 2.0161e+02 8.2452e+02 2.6342e+02 6.2201e+02 6.0834e+01 3.6938e+02 3.3257e+02
9.2030e-02 5.2378e+02 2.0652e+02 8.4790e+02 2.6803e+02 6.2796e+02 5.7985e+01 3.7452e+02 3.3686e+02
9.4178e-02 5.3139e+02 2.1126e+02 8.7104e+02 2.7245e+02 6.3372e+02 5.5096e+01 3.7959e+02 3.4111e+02
9.6376e-02 5.3888e+02 2.1581e+02 8.9389e+02 2.7668e+02 6.3931e+02 5.2135e+01 3.8456e+02 3.4526e+02
9.8625e-02 5.4627e+02 2.2020e+02 9.1645e+02 2.8075e+02 6.4474e+02 4.9072e+01 3.8946e+02 3.4931e+02
1.0093e-01 5.5358e+02 2.2447e+02 9.3872e+02 2.8470e+02 6.5000e+02 4.5884e+01 3.9429e+02 3.5329e+02
1.0328e-01 5.6082e+02 2.2867e+02 9.6075e+02 2.8857e+02 6.5510e+02 4.2550e+01 3.9906e+02 3.5718e+02
1.0569e-01 5.6800e+02 2.3285e+02 9.8260e+02 2.9243e+02 6.6003e+02 3.9061e+01 4.0377e+02 3.6101e+02
1.0816e-01 5.7518e+02 2.3709e+02 1.0044e+03 2.9631e+02 6.6474e+02 3.5416e+01 4.0843e+02 3.6483e+02
1.1068e-01 5.8230e+02 2.4144e+02 1.0261e+03 3.0028e+02 6.6925e+02 3.1626e+01 4.1303e+02 3.6859e+02
1.1327e-01 5.8935e+02 2.4595e+02 1.0480e+03 3.0437e+02 6.7359e+02 2.7712e+01 4.1754e+02 3.7228e+02
1.1591e-01 5.9630e+02 2.5066e+02 1.0702e+03 3.0862e+02 6.7774e+02 2.3708e+01 4.2196e+02 3.7587e+02
1.1862e-01 6.0314e+02 2.5561e+02 1.0926e+03 3.1303e+02 6.8168e+02 1.9655e+01 4.2627e+02 3.7936e+02
1.2139e-01 6.0983e+02 2.6079e+02 1.1155e+03 3.1761e+02 6.8540e+02 1.5601e+01 4.3044e+02 3.8272e+02
1.2422e-01 6.1632e+02 2.6616e+02 1.1388e+03 3.2230e+02 6.8880e+02 1.1595e+01 4.3442e+02 3.8596e+02
1.2712e-01 6.2256e+02 2.7168e+02 1.1625e+03 3.2704e+02 6.9188e+02 7.6881e+00 4.3819e+02 3.8906e+02
1.3009e-01 6.2859e+02 2.7730e+02 1.1865e+03 3.3181e+02 6.9471e+02 3.9205e+00 4.4175e+02 3.9199e+02
1.3312e-01 6.3439e+02 2.8292e+02 1.2107e+03 3.3650e+02 6.9729e+02 3.2500e-01 4.4509e+02 3.9473e+02
1.3623e-01 6.3994e+02 2.8846e+02 1.2350e+03 3.4104e+02 6.9960e+02 -3.0807e+00 4.4821e+02 3.9729e+02
1.3941e-01 6.4525e+02 2.9381e+02 1.2591e+03 3.4533e+02 7.0167e+02 -6.2936e+00 4.5110e+02 3.9968e+02
1.4266e-01 6.5027e+02 2.9885e+02 1.2829e+03 3.4928e+02 7.0342e+02 -9.3281e+00 4.5375e+02 4.0187e+02
1.4599e-01 6.5485e+02 3.0346e+02 1.3061e+03 3.5275e+02 7.0473e+02 -1.2213e+01 4.5610e+02 4.0386e+02
1.4940e-01 6.5925e+02 3.0768e+02 1.3286e+03 3.5582e+02 7.0582e+02 -1.4987e+01 4.5827e+02 4.0571e+02
1.5289e-01 6.6348e+02 3.1151e+02 1.3502e+03 3.5851e+02 7.0670e+02 -1.7700e+01 4.6029e+02 4.0743e+02
1.5645e-01 6.6758e+02 3.1500e+02 1.3710e+03 3.6086e+02 7.0738e+02 -2.0397e+01 4.6217e+02 4.0905e+02
1.6011e-01 6.7156e+02 3.1822e+02 1.3909e+03 3.6296e+02 7.0788e+02 -2.3118e+01 4.6393e+02 4.1057e+02
1.6384e-01 6.7543e+02 3.2128e+02 1.4102e+03 3.6491e+02 7.0820e+02 -2.5892e+01 4.6559e+02 4.1200e+02
1.6767e-01 6.7872e+02 3.2412e+02 1.4289e+03 3.6664e+02 7.0798e+02 -2.8728e+01 4.6695e+02 4.1320e+02
1.7158e-01 6.8183e+02 3.2700e+02 1.4472e+03 3.6841e+02 7.0755e+02 -3.1616e+01 4.6819e+02 4.1429e+02
1.7559e-01 6.8476e+02 3.3002e+02 1.4655e+03 3.7031e+02 7.0690e+02 -3.4528e+01 4.6928e+02 4.1525e+02
1.7968e-01 6.8749e+02 3.3323e+02 1.4837e+03 3.7237e+02 7.0603e+02 -3.7422e+01 4.7022e+02 4.1607e+02
1.8388e-01 6.8996e+02 3.3662e+02 1.5021e+03 3.7457e+02 7.0492e+02 -4.0247e+01 4.7096e+02 4.1671e+02
1.8817e-01 6.9215e+02 3.4011e+02 1.5205e+03 3.7684e+02 7.0355e+02 -4.2954e+01 4.7149e+02 4.1715e+02
1.9256e-01 6.9359e+02 3.4343e+02 1.5389e+03 3.7890e+02 7.0166e+02 -4.5503e+01 4.7162e+02 4.1724e+02
1.9706e-01 6.9442e+02 3.4648e+02 1.5570e+03 3.8067e+02 6.9934e+02 -4.7871e+01 4.7140e+02 4.1702e+02
2.0166e-01 6.9494e+02 3.4923e+02 1.5747e+03 3.8211e+02 6.9677e+02 -5.0056e+01 4.7095e+02 4.1659e+02
2.0636e-01 6.9518e+02 3.5159e+02 1.5917e+03 3.8316e+02 6.9396e+02 -5.2078e+01 4.7028e+02 4.1597e+02
2.1118e-01 6.9519e+02 3.5351e+02 1.6078e+03 3.8376e+02 6.9096e+02 -5.3971e+01 4.6942e+02 4.1521e+02
2.1611e-01 6.9501e+02 3.5501e+02 1.6230e+03 3.8396e+02 6.8776e+02 -5.5778e+01 4.6841e+02 4.1432e+02
2.2115e-01 6.9445e+02 3.5609e+02 1.6373e+03 3.8376e+02 6.8427e+02 -5.7539e+01 4.6718e+02 4.1326e+02
2.2631e-01 6.9318e+02 3.5673e+02 1.6509e+03 3.8316e+02 6.8029e+02 -5.9282e+01 4.6562e+02 4.1190e+02
2.3160e-01 6.9180e+02 3.5731e+02 1.6638e+03 3.8253e+02 6.7616e+02 -6.1015e+01 4.6395e+02 4.1048e+02
2.3700e-01 6.9032e+02 3.5796e+02 1.6764e+03 3.8199e+02 6.7188e+02 -6.2727e+01 4.6218e+02 4.0900e+02
2.4253e-01 6.8872e+02 3.5872e+02 1.6887e+03 3.8157e+02 6.6745e+02 -6.4392e+01 4.6029e+02 4.0744e+02
2.4819e-01 6.8694e+02 3.5959e+02 1.7007e+03 3.8126e+02 6.6286e+02 -6.5972e+01 4.5825e+02 4.0577e+02
2.5399e-01 6.8497e+02 3.6045e+02 1.7124e+03 3.8095e+02 6.5810e+02 -6.7436e+01 4.5605e+02 4.0398e+02
2.5991e-01 6.8187e+02 3.6084e+02 1.7237e+03 3.8018e+02 6.5270e+02 -6.8763e+01 4.5337e+02 4.0169e+02
2.6598e-01 6.7852e+02 3.6095e+02 1.7343e+03 3.7914e+02 6.4712e+02 -6.9954e+01 4.5050e+02 3.9925e+02
2.7219e-01 6.7495e+02 3.6071e+02 1.7441e+03 3.7774e+02 6.4138e+02 -7.1025e+01 4.4749e+02 3.9669e+02
2.7854e-01 6.7120e+02 3.6011e+02 1.7532e+03 3.7601e+02 6.3550e+02 -7.2003e+01 4.4433e+02 3.9401e+02
2.8504e-01 6.6728e+02 3.5922e+02 1.7614e+03 3.7402e+02 6.2950e+02 -7.2916e+01 4.4106e+02 3.9123e+02
2.9170e-01 6.6323e+02 3.5817e+02 1.7690e+03 3.7190e+02 6.2339e+02 -7.3782e+01 4.3769e+02 3.8837e+02
2.9850e-01 6.5845e+02 3.5685e+02 1.7761e+03 3.6955e+02 6.1687e+02 -7.4602e+01 4.3402e+02 3.8519e+02
3.0547e-01 6.5323e+02 3.5543e+02 1.7827e+03 3.6714e+02 6.1009e+02 -7.5367e+01 4.3013e+02 3.8181e+02
3.1260e-01 6.4789e+02 3.5402e+02 1.7888e+03 3.6477e+02 6.0321e+02 -7.6054e+01 4.2615e+02 3.7836e+02
3.1990e-01 6.4242e+02 3.5256e+02 1.7945e+03 3.6236e+02 5.9624e+02 -7.6646e+01 4.2206e+02 3.7483e+02
3.2736e-01 6.3685e+02 3.5095e+02 1.7995e+03 3.5981e+02 5.8918e+02 -7.7137e+01 4.1786e+02 3.7124e+02
3.3500e-01 6.3117e+02 3.4911e+02 1.8039e+03 3.5706e+02 5.8205e+02 -7.7535e+01 4.1358e+02 3.6760e+02
3.4282e-01 6.2511e+02 3.4693e+02 1.8075e+03 3.5399e+02 5.7471e+02 -7.7854e+01 4.0913e+02 3.6377e+02
3.5082e-01 6.1842e+02 3.4436e+02 1.8106e+03 3.5057e+02 5.6705e+02 -7.8109e+01 4.0441e+02 3.5966e+02
3.5901e-01 6.1165e+02 3.4169e+02 1.8130e+03 3.4709e+02 5.5934e+02 -7.8308e+01 3.9963e+02 3.5551e+02
3.6739e-01 6.0482e+02 3.3899e+02 1.8149e+03 3.4360e+02 5.5158e+02 -7.8452e+01 3.9479e+02 3.5132e+02
3.7597e-01 5.9790e+02 3.3626e+02 1.8164e+03 3.4013e+02 5.4378e+02 -7.8533e+01 3.8989e+02 3.4709e+02
3.8474e-01 5.9091e+02 3.3347e+02 1.8173e+03 3.3661e+02 5.3593e+02 -7.8541e+01 3.8493e+02 3.4281e+02
3.9372e-01 5.8383e+02 3.3056e+02 1.8177e+03 3.3298e+02 5.2805e+02 -7.8474e+01 3.7991e+02 3.3849e+02
4.0291e-01 5.7597e+02 3.2723e+02 1.8174e+03 3.2899e+02 5.1981e+02 -7.8337e+01 3.7459e+02 3.3380e+02
4.1232e-01 5.6808e+02 3.2377e+02 1.8167e+03 3.2488e+02 5.1156e+02 -7.8140e+01 3.6923e+02 3.2910e+02
4.2194e-01 5.6019e+02 3.2023e+02 1.8154e+03 3.2073e+02 5.0331e+02 -7.7892e+01 3.6386e+02 3.2441e+02
4.3179e-01 5.5230e+02 3.1665e+02 1.8136e+03 3.1656e+02 4.9507e+02 -7.7595e+01 3.5846e+02 3.1971e+02
4.4187e-01 5.4440e+02 3.1304e+02 1.8113e+03 3.1239e+02 4.8683e+02 -7.7245e+01 3.5305e+02 3.1501e+02
4.5218e-01 5.3650e+02 3.0938e+02 1.8087e+03 3.0820e+02 4.7861e+02 -7.6838e+01 3.4762e+02 3.1031e+02
4.6273e-01 5.2813e+02 3.0549e+02 1.8055e+03 3.0380e+02 4.7020e+02 -7.6376e+01 3.4202e+02 3.0539e+02
4.7353e-01 5.1960e+02 3.0145e+02 1.8019e+03 2.9928e+02 4.6174e+02 -7.5865e+01 3.3635e+02 3.0039e+02
4.8459e-01 5.1109e+02 2.9735e+02 1.7978e+03 2.9473e+02 4.5332e+02 -7.5311e+01 3.3068e+02 2.9540e+02
4.9590e-01 5.0261e+02 2.9322e+02 1.7933e+03 2.9017e+02 4.4494e+02 -7.4717e+01 3.2503e+02 2.9044e+02
5.0747e-01 4.9417e+02 2.8907e+02 1.7885e+03 2.8562e+02 4.3660e+02 -7.4084e+01 3.1938e+02 2.8550e+02
5.1931e-01 4.8577e+02 2.8489e+02 1.7832e+03 2.8106e+02 4.2831e+02 -7.3411e+01 3.1375e+02 2.8058e+02
5.3144e-01 4.7722e+02 2.8061e+02 1.7776e+03 2.7642e+02 4.1999e+02 -7.2700e+01 3.0807e+02 2.7559e+02
5.4384e-01 4.6840e+02 2.7620e+02 1.7716e+03 2.7167e+02 4.1159e+02 -7.1955e+01 3.0230e+02 2.7048e+02
5.5653e-01 4.5965e+02 2.7176e+02 1.7653e+03 2.6692e+02 4.0327e+02 -7.1181e+01 2.9657e+02 2.6540e+02
5.6952e-01 4.5098e+02 2.6733e+02 1.7586e+03 2.6219e+02 3.9501e+02 -7.0378e+01 2.9087e+02 2.6037e+02
5.8282e-01 4.4237e+02 2.6288e+02 1.7516e+03 2.5748e+02 3.8684e+02 -6.9550e+01 2.8520e+02 2.5538e+02
5.9642e-01 4.3385e+02 2.5842e+02 1.7442e+03 2.5277e+02 3.7874e+02 -6.8697e+01 2.7958e+02 2.5044e+02
6.1034e-01 4.2538e+02 2.5395e+02 1.7366e+03 2.4807e+02 3.7071e+02 -6.7823e+01 2.7399e+02 2.4553e+02
6.2458e-01 4.1661e+02 2.4937e+02 1.7287e+03 2.4328e+02 3.6261e+02 -6.6931e+01 2.6832e+02 2.4047e+02
6.3916e-01 4.0795e+02 2.4481e+02 1.7205e+03 2.3851e+02 3.5460e+02 -6.6021e+01 2.6270e+02 2.3547e+02
6.5408e-01 3.9938e+02 2.4026e+02 1.7120e+03 2.3379e+02 3.4669e+02 -6.5095e+01 2.5713e+02 2.3053e+02
6.6935e-01 3.9093e+02 2.3572e+02 1.7032e+03 2.2909e+02 3.3887e+02 -6.4154e+01 2.5162e+02 2.2565e+02
6.8497e-01 3.8258e+02 2.3121e+02 1.6941e+03 2.2443e+02 3.3116e+02 -6.3199e+01 2.4617e+02 2.2083e+02
7.0096e-01 3.7434e+02 2.2671e+02 1.6848e+03 2.1981e+02 3.2355e+02 -6.2232e+01 2.4078e+02 2.1608e+02
7.1732e-01 3.6596e+02 2.2218e+02 1.6752e+03 2.1516e+02 3.1594e+02 -6.1254e+01 2.3537e+02 2.1125e+02
7.3406e-01 3.5762e+02 2.1766e+02 1.6654e+03 2.1053e+02 3.0841e+02 -6.0264e+01 2.3000e+02 2.0645e+02
7.5119e-01 3.4941e+02 2.1316e+02 1.6553e+03 2.0594e+02 3.0099e+02 -5.9265e+01 2.2470e+02 2.0172e+02
7.6873e-01 3.4132e+02 2.0870e+02 1.6449e+03 2.0140e+02 2.9368e+02 -5.8256e+01 2.1947e+02 1.9707e+02
7.8667e-01 3.3336e+02 2.0427e+02 1.6344e+03 1.9691e+02 2.8648e+02 -5.7238e+01 2.1431e+02 1.9249e+02
8.0503e-01 3.2554e+02 1.9987e+02 1.6236e+03 1.9247e+02 2.7940e+02 -5.6213e+01 2.0922e+02 1.8798e+02
8.2382e-01 3.1772e+02 1.9549e+02 1.6126e+03 1.8804e+02 2.7239e+02 -5.5181e+01 2.0417e+02 1.8348e+02
8.4305e-01 3.0990e+02 1.9112e+02 1.6015e+03 1.8364e+02 2.6545e+02 -5.4144e+01 1.9915e+02 1.7898e+02
8.6272e-01 3.0221e+02 1.8679e+02 1.5901e+03 1.7929e+02 2.5862e+02 -5.3103e+01 1.9421e+02 1.7457e+02
8.8286e-01 2.9467e+02 1.8251e+02 1.5787e+03 1.7500e+02 2.5191e+02 -5.2058e+01 1.8934e+02 1.7023e+02
9.0347e-01 2.8727e+02 1.7828e+02 1.5671e+03 1.7076e+02 2.4533e+02 -5.1012e+01 1.8456e+02 1.6597e+02
9.2455e-01 2.8001e+02 1.7409e+02 1.5553e+03 1.6659e+02 2.3886e+02 -4.9965e+01 1.7986e+02 1.6179e+02
9.4613e-01 2.7286e+02 1.6996e+02 1.5435e+03 1.6247e+02 2.3252e+02 -4.8922e+01 1.7523e+02 1.5769e+02
9.6822e-01 2.6568e+02 1.6584e+02 1.5316e+03 1.5838e+02 2.2622e+02 -4.7882e+01 1.7063e+02 1.5355e+02
9.9081e-01 2.5864e+02 1.6179e+02 1.5196e+03 1.5436e+02 2.2005e+02 -4.6848e+01 1.6611e+02 1.4951e+02
1.0139e+00 2.5176e+02 1.5780e+02 1.5075e+03 1.5040e+02 2.1401e+02 -4.5820e+01 1.6169e+02 1.4555e+02
1.0376e+00 2.4502e+02 1.5386e+02 1.4954e+03 1.4651e+02 2.0810e+02 -4.4801e+01 1.5734e+02 1.4167e+02
1.0618e+00 2.3843e+02 1.4999e+02 1.4832e+03 1.4268e+02 2.0230e+02 -4.3791e+01 1.5309e+02 1.3788e+02
1.0866e+00 2.3198e+02 1.4618e+02 1.4709e+03 1.3893e+02 1.9664e+02 -4.2793e+01 1.4892e+02 1.3417e+02
1.1120e+00 2.2554e+02 1.4241e+02 1.4586e+03 1.3522e+02 1.9105e+02 -4.1806e+01 1.4479e+02 1.3046e+02
1.1379e+00 2.1922e+02 1.3870e+02 1.4462e+03 1.3158e+02 1.8557e+02 -4.0831e+01 1.4075e+02 1.2683e+02
1.1645e+00 2.1305e+02 1.3506e+02 1.4338e+03 1.2800e+02 1.8021e+02 -3.9867e+01 1.3678e+02 1.2327e+02
1.1917e+00 2.0702e+02 1.3148e+02 1.4214e+03 1.2449e+02 1.7498e+02 -3.8914e+01 1.3291e+02 1.1980e+02
1.2195e+00 2.0114e+02 1.2796e+02 1.4089e+03 1.2106e+02 1.6987e+02 -3.7972e+01 1.2912e+02 1.1642e+02
1.2479e+00 1.9540e+02 1.2451e+02 1.3963e+03 1.1769e+02 1.6488e+02 -3.7041e+01 1.2542e+02 1.1311e+02
1.2771e+00 1.8973e+02 1.2112e+02 1.3837e+03 1.1438e+02 1.5998e+02 -3.6120e+01 1.2177e+02 1.0985e+02
1.3069e+00 1.8414e+02 1.1778e+02 1.3712e+03 1.1113e+02 1.5517e+02 -3.5210e+01 1.1820e+02 1.0662e+02
1.3374e+00 1.7869e+02 1.1451e+02 1.3586e+03 1.0794e+02 1.5049e+02 -3.4309e+01 1.1470e+02 1.0348e+02
1.3686e+00 1.7338e+02 1.1130e+02 1.3460e+03 1.0483e+02 1.4591e+02 -3.3420e+01 1.1129e+02 1.0042e+02
1.4005e+00 1.6821e+02 1.0816e+02 1.3334e+03 1.0178e+02 1.4146e+02 -3.2543e+01 1.0796e+02 9.7442e+01
1.4332e+00 1.6317e+02 1.0508e+02 1.3208e+03 9.8804e+01 1.3711e+02 -3.1679e+01 1.0471e+02 9.4538e+01
1.4667e+00 1.5825e+02 1.0207e+02 1.3082e+03 9.5891e+01 1.3287e+02 -3.0830e+01 1.0153e+02 9.1699e+01
1.5009e+00 1.5337e+02 9.9110e+01 1.2957e+03 9.3031e+01 1.2871e+02 -2.9996e+01 9.8413e+01 8.8886e+01
1.5359e+00 1.4863e+02 9.6219e+01 1.2832e+03 9.0240e+01 1.2466e+02 -2.9177e+01 9.5373e+01 8.6149e+01
1.5718e+00 1.4401e+02 9.3392e+01 1.2707e+03 8.7515e+01 1.2072e+02 -2.8375e+01 9.2412e+01 8.3487e+01
1.6085e+00 1.3953e+02 9.0629e+01 1.2582e+03 8.4856e+01 1.1689e+02 -2.7589e+01 8.9528e+01 8.0899e+01
1.6460e+00 1.3517e+02 8.7930e+01 1.2458e+03 8.2262e+01 1.1315e+02 -2.6818e+01 8.6719e+01 7.8382e+01
1.6844e+00 1.3093e+02 8.5294e+01 1.2334e+03 7.9733e+01 1.0953e+02 -2.6063e+01 8.3986e+01 7.5936e+01
1.7237e+00 1.2674e+02 8.2712e+01 1.2210e+03 7.7256e+01 1.0597e+02 -2.5322e+01 8.1305e+01 7.3517e+01
1.7640e+00 1.2267e+02 8.0191e+01 1.2087e+03 7.4840e+01 1.0251e+02 -2.4594e+01 7.8694e+01 7.1162e+01
1.8051e+00 1.1871e+02 7.7730e+01 1.1964e+03 7.2484e+01 9.9153e+01 -2.3880e+01 7.6153e+01 6.8874e+01
1.8473e+00 1.1487e+02 7.5330e+01 1.1842e+03 7.0191e+01 9.5887e+01 -2.3180e+01 7.3683e+01 6.6654e+01
1.8904e+00 1.1114e+02 7.2989e+01 1.1720e+03 6.7957e+01 9.2715e+01 -2.2493e+01 7.1282e+01 6.4498e+01
1.9345e+00 1.0752e+02 7.0707e+01 1.1599e+03 6.5782e+01 8.9634e+01 -2.1821e+01 6.8948e+01 6.2407e+01
1.9797e+00 1.0398e+02 6.8480e+01 1.1478e+03 6.3661e+01 8.6632e+01 -2.1164e+01 6.6671e+01 6.0357e+01
2.0259e+00 1.0051e+02 6.6308e+01 1.1358e+03 6.1594e+01 8.3710e+01 -2.0524e+01 6.4452e+01 5.8352e+01
2.0732e+00 9.7153e+01 6.4193e+01 1.1239e+03 5.9583e+01 8.0874e+01 -1.9900e+01 6.2298e+01 5.6409e+01
2.1216e+00 9.3898e+01 6.2134e+01 1.1120e+03 5.7629e+01 7.8124e+01 -1.9291e+01 6.0208e+01 5.4526e+01
2.1711e+00 9.0744e+01 6.0132e+01 1.1002e+03 5.5731e+01 7.5457e+01 -1.8697e+01 5.8179e+01 5.2700e+01
2.2217e+00 8.7688e+01 5.8183e+01 1.0885e+03 5.3886e+01 7.2871e+01 -1.8116e+01 5.6211e+01 5.0932e+01
2.2736e+00 8.4717e+01 5.6285e+01 1.0768e+03 5.2091e+01 7.0359e+01 -1.7548e+01 5.4298e+01 4.9211e+01
2.3267e+00 8.1803e+01 5.4435e+01 1.0652e+03 5.0341e+01 6.7913e+01 -1.6993e+01 5.2432e+01 4.7523e+01
2.3810e+00 7.8982e+01 5.2636e+01 1.0537e+03 4.8642e+01 6.5542e+01 -1.6451e+01 5.0623e+01 4.5888e+01
2.4365e+00 7.6252e+01 5.0888e+01 1.0422e+03 4.6993e+01 6.3246e+01 -1.5924e+01 4.8870e+01 4.4307e+01
2.4934e+00 7.3610e+01 4.9191e+01 1.0308e+03 4.5394e+01 6.1023e+01 -1.5411e+01 4.7172e+01 4.2776e+01
2.5516e+00 7.1054e+01 4.7543e+01 1.0195e+03 4.3843e+01 5.8871e+01 -1.4913e+01 4.5526e+01 4.1295e+01
2.6112e+00 6.8582e+01 4.5943e+01 1.0083e+03 4.2339e+01 5.6787e+01 -1.4428e+01 4.3933e+01 3.9862e+01
2.6721e+00 6.6157e+01 4.4384e+01 9.9711e+02 4.0874e+01 5.4759e+01 -1.3955e+01 4.2380e+01 3.8455e+01
2.7345e+00 6.3809e+01 4.2870e+01 9.8601e+02 3.9453e+01 5.2795e+01 -1.3494e+01 4.0876e+01 3.7093e+01
2.7983e+00 6.1540e+01 4.1402e+01 9.7500e+02 3.8076e+01 5.0896e+01 -1.3045e+01 3.9420e+01 3.5777e+01
2.8636e+00 5.9347e+01 3.9978e+01 9.6405e+02 3.6742e+01 4.9058e+01 -1.2608e+01 3.8011e+01 3.4505e+01
2.9304e+00 5.7228e+01 3.8597e+01 9.5319e+02 3.5449e+01 4.7282e+01 -1.2185e+01 3.6648e+01 3.3276e+01
2.9988e+00 5.5182e+01 3.7258e+01 9.4241e+02 3.4198e+01 4.5565e+01 -1.1774e+01 3.5330e+01 3.2088e+01
3.0688e+00 5.3187e+01 3.5958e+01 9.3169e+02 3.2983e+01 4.3899e+01 -1.1374e+01 3.4050e+01 3.0931e+01
3.1405e+00 5.1250e+01 3.4695e+01 9.2106e+02 3.1805e+01 4.2285e+01 -1.0985e+01 3.2810e+01 2.9806e+01
3.2138e+00 4.9379e+01 3.3473e+01 9.1051e+02 3.0665e+01 4.0726e+01 -1.0608e+01 3.1611e+01 2.8720e+01
3.2888e+00 4.7574e+01 3.2289e+01 9.0003e+02 2.9562e+01 3.9220e+01 -1.0241e+01 3.0452e+01 2.7671e+01
3.3655e+00 4.5832e+01 3.1142e+01 8.8962e+02 2.8495e+01 3.7766e+01 -9.8858e+00 2.9333e+01 2.6660e+01
3.4441e+00 4.4151e+01 3.0032e+01 8.7929e+02 2.7462e+01 3.6361e+01 -9.5411e+00 2.8251e+01 2.5683e+01
3.5245e+00 4.2523e+01 2.8956e+01 8.6904e+02 2.6463e+01 3.5003e+01 -9.2065e+00 2.7205e+01 2.4738e+01
3.6067e+00 4.0936e+01 2.7913e+01 8.5888e+02 2.5493e+01 3.3686e+01 -8.8821e+00 2.6190e+01 2.3816e+01
3.6909e+00 3.9406e+01 2.6903e+01 8.4879e+02 2.4557e+01 3.2416e+01 -8.5675e+00 2.5210e+01 2.2926e+01
3.7771e+00 3.7931e+01 2.5927e+01 8.3878e+02 2.3652e+01 3.1191e+01 -8.2626e+00 2.4264e+01 2.2069e+01
3.8652e+00 3.6510e+01 2.4983e+01 8.2885e+02 2.2777e+01 3.0008e+01 -7.9673e+00 2.3352e+01 2.1243e+01
3.9554e+00 3.5139e+01 2.4070e+01 8.1898e+02 2.1933e+01 2.8868e+01 -7.6812e+00 2.2471e+01 2.0447e+01
4.0478e+00 3.3819e+01 2.3187e+01 8.0919e+02 2.1117e+01 2.7768e+01 -7.4040e+00 2.1621e+01 1.9679e+01
4.1422e+00 3.2529e+01 2.2332e+01 7.9948e+02 2.0326e+01 2.6701e+01 -7.1356e+00 2.0797e+01 1.8929e+01
4.2389e+00 3.1286e+01 2.1504e+01 7.8984e+02 1.9562e+01 2.5673e+01 -6.8758e+00 2.0002e+01 1.8207e+01
4.3379e+00 3.0090e+01 2.0706e+01 7.8027e+02 1.8825e+01 2.4683e+01 -6.6243e+00 1.9235e+01 1.7511e+01
4.4391e+00 2.8937e+01 1.9934e+01 7.7077e+02 1.8114e+01 2.3728e+01 -6.3810e+00 1.8496e+01 1.6840e+01
4.5427e+00 2.7828e+01 1.9188e+01 7.6136e+02 1.7427e+01 2.2808e+01 -6.1457e+00 1.7784e+01 1.6195e+01
4.6487e+00 2.6760e+01 1.8469e+01 7.5201e+02 1.6765e+01 2.1921e+01 -5.9181e+00 1.7098e+01 1.5574e+01
4.7572e+00 2.5723e+01 1.7773e+01 7.4273e+02 1.6125e+01 2.1064e+01 -5.6980e+00 1.6434e+01 1.4971e+01
4.8683e+00 2.4720e+01 1.7100e+01 7.3353e+02 1.5506e+01 2.0237e+01 -5.4852e+00 1.5793e+01 1.4387e+01
4.9819e+00 2.3755e+01 1.6451e+01 7.2439e+02 1.4910e+01 1.9441e+01 -5.2795e+00 1.5175e+01 1.3826e+01
5.0982e+00 2.2826e+01 1.5824e+01 7.1532e+02 1.4334e+01 1.8675e+01 -5.0807e+00 1.4581e+01 1.3286e+01
5.2172e+00 2.1934e+01 1.5220e+01 7.0632e+02 1.3780e+01 1.7937e+01 -4.8887e+00 1.4008e+01 1.2766e+01
5.3389e+00 2.1075e+01 1.4637e+01 6.9739e+02 1.3246e+01 1.7227e+01 -4.7032e+00 1.3457e+01 1.2267e+01
5.4636e+00 2.0246e+01 1.4074e+01 6.8853e+02 1.2730e+01 1.6542e+01 -4.5241e+00 1.2926e+01 1.1784e+01
5.5911e+00 1.9441e+01 1.3530e+01 6.7975e+02 1.2232e+01 1.5881e+01 -4.3512e+00 1.2412e+01 1.1316e+01
5.7216e+00 1.8668e+01 1.3006e+01 6.7103e+02 1.1753e+01 1.5245e+01 -4.1843e+00 1.1918e+01 1.0866e+01
5.8551e+00 1.7925e+01 1.2501e+01 6.6236e+02 1.1291e+01 1.4634e+01 -4.0232e+00 1.1442e+01 1.0433e+01
5.9918e+00 1.7211e+01 1.2014e+01 6.5377e+02 1.0846e+01 1.4046e+01 -3.8677e+00 1.0985e+01 1.0018e+01
6.1316e+00 1.6525e+01 1.1545e+01 6.4524e+02 1.0418e+01 1.3480e+01 -3.7177e+00 1.0545e+01 9.6182e+00
6.2747e+00 1.5866e+01 1.1094e+01 6.3677e+02 1.0006e+01 1.2936e+01 -3.5730e+00 1.0122e+01 9.2344e+00
6.4212e+00 1.5224e+01 1.0657e+01 6.2837e+02 9.6072e+00 1.2410e+01 -3.4335e+00 9.7128e+00 8.8608e+00
6.5711e+00 1.4608e+01 1.0236e+01 6.2003e+02 9.2238e+00 1.1905e+01 -3.2990e+00 9.3194e+00 8.5021e+00
6.7244e+00 1.4016e+01 9.8310e+00 6.1175e+02 8.8549e+00 1.1419e+01 -3.1693e+00 8.9412e+00 8.1576e+00
6.8814e+00 1.3448e+01 9.4410e+00 6.0353e+02 8.5000e+00 1.0953e+01 -3.0443e+00 8.5778e+00 7.8269e+00
7.0420e+00 1.2902e+01 9.0658e+00 5.9538e+02 8.1586e+00 1.0505e+01 -2.9238e+00 8.2285e+00 7.5094e+00
7.2064e+00 1.2379e+01 8.7047e+00 5.8727e+02 7.8302e+00 1.0074e+01 -2.8077e+00 7.8929e+00 7.2046e+00
7.3745e+00 1.1872e+01 8.3563e+00 5.7924e+02 7.5136e+00 9.6588e+00 -2.6959e+00 7.5691e+00 6.9094e+00
7.5467e+00 1.1383e+01 8.0206e+00 5.7125e+02 7.2086e+00 9.2594e+00 -2.5882e+00 7.2576e+00 6.6249e+00
7.7228e+00 1.0915e+01 7.6975e+00 5.6333e+02 6.9154e+00 8.8758e+00 -2.4845e+00 6.9584e+00 6.3520e+00
7.9031e+00 1.0465e+01 7.3870e+00 5.5547e+02 6.6336e+00 8.5076e+00 -2.3846e+00 6.6711e+00 6.0902e+00
8.0875e+00 1.0034e+01 7.0885e+00 5.4766e+02 6.3629e+00 8.1541e+00 -2.2885e+00 6.3952e+00 5.8391e+00
8.2763e+00 9.6200e+00 6.8014e+00 5.3990e+02 6.1027e+00 7.8148e+00 -2.1959e+00 6.1303e+00 5.5983e+00
8.4695e+00 9.2213e+00 6.5249e+00 5.3221e+02 5.8523e+00 7.4885e+00 -2.1068e+00 5.8755e+00 5.3662e+00
8.6671e+00 8.8359e+00 6.2584e+00 5.2457e+02 5.6110e+00 7.1742e+00 -2.0211e+00 5.6300e+00 5.1418e+00
8.8694e+00 8.4664e+00 6.0023e+00 5.1699e+02 5.3792e+00 6.8727e+00 -1.9387e+00 5.3944e+00 4.9267e+00
9.0764e+00 8.1123e+00 5.7563e+00 5.0946e+02 5.1567e+00 6.5835e+00 -1.8594e+00 5.1683e+00 4.7205e+00
9.2883e+00 7.7729e+00 5.5198e+00 5.0198e+02 4.9430e+00 6.3060e+00 -1.7831e+00 4.9514e+00 4.5228e+00
9.5051e+00 7.4475e+00 5.2927e+00 4.9456e+02 4.7378e+00 6.0399e+00 -1.7097e+00 4.7434e+00 4.3334e+00
9.7269e+00 7.1355e+00 5.0746e+00 4.8719e+02 4.5408e+00 5.7845e+00 -1.6392e+00 4.5437e+00 4.1518e+00
9.9540e+00 6.8329e+00 4.8641e+00 4.7986e+02 4.3508e+00 5.5384e+00 -1.5714e+00 4.3511e+00 3.9756e+00
1.0186e+01 6.5430e+00 4.6620e+00 4.7261e+02 4.1684e+00 5.3024e+00 -1.5062e+00 4.1665e+00 3.8068e+00
1.0424e+01 6.2654e+00 4.4680e+00 4.6540e+02 3.9935e+00 5.0762e+00 -1.4436e+00 3.9894e+00 3.6452e+00
1.0667e+01 5.9994e+00 4.2819e+00 4.5821e+02 3.8258e+00 4.8593e+00 -1.3834e+00 3.8197e+00 3.4903e+00
1.0916e+01 5.7447e+00 4.1030e+00 4.5112e+02 3.6645e+00 4.6515e+00 -1.3255e+00 3.6569e+00 3.3420e+00
1.1171e+01 5.5008e+00 3.9312e+00 4.4405e+02 3.5098e+00 4.4523e+00 -1.2700e+00 3.5009e+00 3.2000e+00
1.1432e+01 5.2651e+00 3.7662e+00 4.3707e+02 3.3614e+00 4.2606e+00 -1.2166e+00 3.3508e+00 3.0628e+00
1.1699e+01 5.0386e+00 3.6074e+00 4.3011e+02 3.2185e+00 4.0767e+00 -1.1654e+00 3.2067e+00 2.9310e+00
1.1972e+01 4.8219e+00 3.4550e+00 4.2318e+02 3.0814e+00 3.9005e+00 -1.1161e+00 3.0686e+00 2.8048e+00
1.2251e+01 4.6144e+00 3.3092e+00 4.1633e+02 2.9503e+00 3.7317e+00 -1.0689e+00 2.9363e+00 2.6840e+00
1.2537e+01 4.4159e+00 3.1686e+00 4.0953e+02 2.8240e+00 3.5701e+00 -1.0235e+00 2.8096e+00 2.5684e+00
1.2830e+01 4.2259e+00 3.0347e+00 4.0279e+02 2.7038e+00 3.4153e+00 -9.8001e-01 2.6882e+00 2.4578e+00
1.3129e+01 4.0431e+00 2.9055e+00 3.9608e+02 2.5878e+00 3.2667e+00 -9.3823e-01 2.5716e+00 2.3514e+00
1.3436e+01 3.8669e+00 2.7815e+00 3.8941e+02 2.4765e+00 3.1239e+00 -8.9812e-01 2.4596e+00 2.2489e+00
1.3749e+01 3.6984e+00 2.6624e+00 3.8283e+02 2.3697e+00 2.9872e+00 -8.5965e-01 2.3524e+00 2.1508e+00
1.4070e+01 3.5372e+00 2.5481e+00 3.7628e+02 2.2671e+00 2.8564e+00 -8.2275e-01 2.2497e+00 2.0570e+00
1.4398e+01 3.3830e+00 2.4391e+00 3.6979e+02 2.1695e+00 2.7311e+00 -7.8734e-01 2.1514e+00 1.9672e+00
1.4735e+01 3.2356e+00 2.3342e+00 3.6334e+02 2.0755e+00 2.6113e+00 -7.5338e-01 2.0573e+00 1.8814e+00
1.5078e+01 3.0944e+00 2.2336e+00 3.5694e+02 1.9854e+00 2.4965e+00 -7.2082e-01 1.9672e+00 1.7993e+00
1.5430e+01 2.9579e+00 2.1369e+00 3.5061e+02 1.8989e+00 2.3861e+00 -6.8959e-01 1.8804e+00 1.7198e+00
1.5791e+01 2.8274e+00 2.0444e+00 3.4433e+02 1.8161e+00 2.2805e+00 -6.5966e-01 1.7975e+00 1.6439e+00
1.6159e+01 2.7026e+00 1.9557e+00 3.3808e+02 1.7368e+00 2.1794e+00 -6.3095e-01 1.7181e+00 1.5713e+00
1.6536e+01 2.5834e+00 1.8707e+00 3.3190e+02 1.6608e+00 2.0828e+00 -6.0345e-01 1.6421e+00 1.5019e+00
1.6922e+01 2.4695e+00 1.7893e+00 3.2578e+02 1.5880e+00 1.9903e+00 -5.7708e-01 1.5695e+00 1.4356e+00
1.7317e+01 2.3606e+00 1.7114e+00 3.1971e+02 1.5183e+00 1.9019e+00 -5.5181e-01 1.4999e+00 1.3722e+00
1.7721e+01 2.2554e+00 1.6364e+00 3.1368e+02 1.4514e+00 1.8169e+00 -5.2760e-01 1.4331e+00 1.3111e+00
1.8135e+01 2.1548e+00 1.5647e+00 3.0773e+02 1.3874e+00 1.7356e+00 -5.0441e-01 1.3692e+00 1.2525e+00
1.8558e+01 2.0586e+00 1.4959e+00 3.0182e+02 1.3260e+00 1.6578e+00 -4.8219e-01 1.3080e+00 1.1965e+00
1.8991e+01 1.9667e+00 1.4302e+00 2.9598e+02 1.2674e+00 1.5835e+00 -4.6091e-01 1.2495e+00 1.1431e+00
1.9435e+01 1.8789e+00 1.3673e+00 2.9019e+02 1.2113e+00 1.5124e+00 -4.4052e-01 1.1936e+00 1.0920e+00
1.9888e+01 1.7951e+00 1.3070e+00 2.8448e+02 1.1575e+00 1.4445e+00 -4.2100e-01 1.1402e+00 1.0432e+00
2.0352e+01 1.7146e+00 1.2492e+00 2.7879e+02 1.1061e+00 1.3793e+00 -4.0230e-01 1.0889e+00 9.9639e-01
2.0828e+01 1.6372e+00 1.1938e+00 2.7320e+02 1.0566e+00 1.3169e+00 -3.8441e-01 1.0398e+00 9.5136e-01
2.1314e+01 1.5633e+00 1.1408e+00 2.6765e+02 1.0094e+00 1.2573e+00 -3.6727e-01 9.9283e-01 9.0838e-01
2.1811e+01 1.4927e+00 1.0900e+00 2.6218e+02 9.6425e-01 1.2003e+00 -3.5087e-01 9.4796e-01 8.6734e-01
2.2320e+01 1.4254e+00 1.0415e+00 2.5678e+02 9.2107e-01 1.1459e+00 -3.3517e-01 9.0509e-01 8.2817e-01
2.2841e+01 1.3610e+00 9.9510e-01 2.5142e+02 8.7980e-01 1.0938e+00 -3.2015e-01 8.6411e-01 7.9076e-01
2.3374e+01 1.2995e+00 9.5065e-01 2.4615e+02 8.4026e-01 1.0441e+00 -3.0577e-01 8.2494e-01 7.5499e-01
2.3920e+01 1.2402e+00 9.0807e-01 2.4093e+02 8.0241e-01 9.9636e-01 -2.9201e-01 7.8732e-01 7.2050e-01
2.4478e+01 1.1836e+00 8.6715e-01 2.3580e+02 7.6603e-01 9.5077e-01 -2.7885e-01 7.5139e-01 6.8759e-01
2.5049e+01 1.1296e+00 8.2820e-01 2.3073e+02 7.3143e-01 9.0724e-01 -2.6626e-01 7.1708e-01 6.5619e-01
2.5634e+01 1.0781e+00 7.9098e-01 2.2572e+02 6.9837e-01 8.6566e-01 -2.5421e-01 6.8431e-01 6.2623e-01
2.6232e+01 1.0289e+00 7.5531e-01 2.2078e+02 6.6670e-01 8.2596e-01 -2.4269e-01 6.5301e-01 5.9764e-01
2.6845e+01 9.8204e-01 7.2127e-01 2.1592e+02 6.3649e-01 7.8805e-01 -2.3167e-01 6.2312e-01 5.7037e-01
2.7471e+01 9.3684e-01 6.8853e-01 2.1115e+02 6.0742e-01 7.5169e-01 -2.2114e-01 5.9445e-01 5.4409e-01
2.8112e+01 8.9364e-01 6.5736e-01 2.0643e+02 5.7979e-01 7.1695e-01 -2.1106e-01 5.6705e-01 5.1898e-01
2.8769e+01 8.5244e-01 6.2741e-01 2.0178e+02 5.5321e-01 6.8379e-01 -2.0143e-01 5.4089e-01 4.9503e-01
2.9440e+01 8.1315e-01 5.9894e-01 1.9721e+02 5.2798e-01 6.5214e-01 -1.9222e-01 5.1592e-01 4.7219e-01
3.0127e+01 7.7568e-01 5.7166e-01 1.9272e+02 5.0380e-01 6.2193e-01 -1.8342e-01 4.9209e-01 4.5041e-01
3.0830e+01 7.3995e-01 5.4560e-01 1.8828e+02 4.8071e-01 5.9310e-01 -1.7501e-01 4.6934e-01 4.2964e-01
3.1550e+01 7.0566e-01 5.2065e-01 1.8394e+02 4.5861e-01 5.6551e-01 -1.6697e-01 4.4756e-01 4.0971e-01
3.2286e+01 6.7279e-01 4.9680e-01 1.7967e+02 4.3750e-01 5.3912e-01 -1.5928e-01 4.2673e-01 3.9060e-01
3.3040e+01 6.4145e-01 4.7398e-01 1.7548e+02 4.1729e-01 5.1393e-01 -1.5194e-01 4.0684e-01 3.7239e-01
3.3811e+01 6.1158e-01 4.5225e-01 1.7135e+02 3.9806e-01 4.8991e-01 -1.4493e-01 3.8788e-01 3.5503e-01
3.4600e+01 5.8311e-01 4.3142e-01 1.6731e+02 3.7963e-01 4.6699e-01 -1.3822e-01 3.6978e-01 3.3849e-01
3.5408e+01 5.5597e-01 4.1156e-01 1.6333e+02 3.6207e-01 4.4514e-01 -1.3182e-01 3.5252e-01 3.2272e-01
3.6234e+01 5.3004e-01 3.9262e-01 1.5943e+02 3.4532e-01 4.2426e-01 -1.2570e-01 3.3603e-01 3.0765e-01
3.7080e+01 5.0510e-01 3.7440e-01 1.5560e+02 3.2922e-01 4.0426e-01 -1.1986e-01 3.2023e-01 2.9316e-01
3.7945e+01 4.8133e-01 3.5708e-01 1.5184e+02 3.1391e-01 3.8519e-01 -1.1428e-01 3.0517e-01 2.7935e-01
3.8831e+01 4.5869e-01 3.4050e-01 1.4815e+02 2.9926e-01 3.6701e-01 -1.0895e-01 2.9080e-01 2.6620e-01
3.9737e+01 4.3712e-01 3.2470e-01 1.4453e+02 2.8531e-01 3.4968e-01 -1.0386e-01 2.7710e-01 2.5367e-01
4.0665e+01 4.1657e-01 3.0960e-01 1.4098e+02 2.7198e-01 3.3315e-01 -9.9005e-02 2.6404e-01 2.4173e-01
4.1614e+01 3.9699e-01 2.9521e-01 1.3749e+02 2.5927e-01 3.1739e-01 -9.4366e-02 2.5158e-01 2.3035e-01
4.2585e+01 3.7814e-01 2.8141e-01 1.3407e+02 2.4709e-01 3.0229e-01 -8.9939e-02 2.3964e-01 2.1941e-01
4.3579e+01 3.6017e-01 2.6823e-01 1.3071e+02 2.3546e-01 2.8789e-01 -8.5711e-02 2.2826e-01 2.0897e-01
4.4596e+01 3.4305e-01 2.5566e-01 1.2742e+02 2.2437e-01 2.7417e-01 -8.1677e-02 2.1741e-01 1.9903e-01
4.5637e+01 3.2675e-01 2.4369e-01 1.2418e+02 2.1382e-01 2.6109e-01 -7.7826e-02 2.0706e-01 1.8956e-01
4.6702e+01 3.1123e-01 2.3226e-01 1.2100e+02 2.0374e-01 2.4862e-01 -7.4151e-02 1.9721e-01 1.8055e-01
4.7792e+01 2.9645e-01 2.2135e-01 1.1787e+02 1.9413e-01 2.3675e-01 -7.0644e-02 1.8781e-01 1.7197e-01
4.8908e+01 2.8228e-01 2.1092e-01 1.1480e+02 1.8494e-01 2.2539e-01 -6.7297e-02 1.7883e-01 1.6374e-01
5.0049e+01 2.6873e-01 2.0095e-01 1.1178e+02 1.7615e-01 2.1455e-01 -6.4104e-02 1.7025e-01 1.5587e-01
5.1218e+01 2.5582e-01 1.9143e-01 1.0881e+02 1.6777e-01 2.0421e-01 -6.1057e-02 1.6207e-01 1.4838e-01
5.2413e+01 2.4354e-01 1.8237e-01 1.0589e+02 1.5979e-01 1.9437e-01 -5.8152e-02 1.5428e-01 1.4125e-01
5.3636e+01 2.3185e-01 1.7374e-01 1.0302e+02 1.5220e-01 1.8500e-01 -5.5379e-02 1.4686e-01 1.3446e-01
5.4888e+01 2.2073e-01 1.6551e-01 1.0020e+02 1.4495e-01 1.7607e-01 -5.2735e-02 1.3979e-01 1.2800e-01
5.6169e+01 2.1010e-01 1.5764e-01 9.7413e+01 1.3802e-01 1.6755e-01 -5.0213e-02 1.3305e-01 1.2183e-01
5.7480e+01 1.9991e-01 1.5011e-01 9.4678e+01 1.3141e-01 1.5941e-01 -4.7808e-02 1.2660e-01 1.1591e-01
5.8822e+01 1.9020e-01 1.4294e-01 9.1986e+01 1.2510e-01 1.5165e-01 -4.5514e-02 1.2046e-01 1.1028e-01
6.0195e+01 1.8097e-01 1.3610e-01 8.9336e+01 1.1909e-01 1.4426e-01 -4.3327e-02 1.1461e-01 1.0492e-01
6.1600e+01 1.7219e-01 1.2960e-01 8.6733e+01 1.1337e-01 1.3723e-01 -4.1241e-02 1.0904e-01 9.9828e-02
6.3038e+01 1.6384e-01 1.2339e-01 8.4175e+01 1.0791e-01 1.3053e-01 -3.9253e-02 1.0373e-01 9.4978e-02
6.4509e+01 1.5589e-01 1.1747e-01 8.1662e+01 1.0272e-01 1.2416e-01 -3.7357e-02 9.8683e-02 9.0365e-02
6.6014e+01 1.4824e-01 1.1181e-01 7.9198e+01 9.7746e-02 1.1806e-01 -3.5550e-02 9.3849e-02 8.5929e-02
6.7555e+01 1.4096e-01 1.0642e-01 7.6780e+01 9.3013e-02 1.1225e-01 -3.3828e-02 8.9245e-02 8.1707e-02
6.9132e+01 1.3404e-01 1.0128e-01 7.4408e+01 8.8498e-02 1.0672e-01 -3.2185e-02 8.4863e-02 7.7692e-02
7.0746e+01 1.2746e-01 9.6396e-02 7.2092e+01 8.4211e-02 1.0146e-01 -3.0621e-02 8.0692e-02 7.3874e-02
7.2397e+01 1.2120e-01 9.1725e-02 6.9822e+01 8.0110e-02 9.6450e-02 -2.9129e-02 7.6721e-02 7.0243e-02
7.4087e+01 1.1525e-01 8.7281e-02 6.7611e+01 7.6211e-02 9.1685e-02 -2.7708e-02 7.2943e-02 6.6790e-02
7.5816e+01 1.0955e-01 8.3041e-02 6.5453e+01 7.2492e-02 8.7134e-02 -2.6354e-02 6.9335e-02 6.3483e-02
7.7585e+01 1.0411e-01 7.8988e-02 6.3354e+01 6.8938e-02 8.2795e-02 -2.5063e-02 6.5894e-02 6.0327e-02
7.9396e+01 9.8937e-02 7.5138e-02 6.1314e+01 6.5563e-02 7.8667e-02 -2.3834e-02 6.2620e-02 5.7326e-02
8.1249e+01 9.4019e-02 7.1468e-02 5.9333e+01 6.2346e-02 7.4740e-02 -2.2663e-02 5.9505e-02 5.4474e-02
8.3146e+01 8.9344e-02 6.7972e-02 5.7412e+01 5.9282e-02 7.1005e-02 -2.1547e-02 5.6541e-02 5.1762e-02
8.5086e+01 8.4901e-02 6.4645e-02 5.5552e+01 5.6367e-02 6.7452e-02 -2.0484e-02 5.3722e-02 4.9185e-02
8.7072e+01 8.0662e-02 6.1474e-02 5.3752e+01 5.3589e-02 6.4066e-02 -1.9472e-02 5.1035e-02 4.6727e-02
8.9105e+01 7.6602e-02 5.8444e-02 5.2008e+01 5.0936e-02 6.0834e-02 -1.8508e-02 4.8470e-02 4.4373e-02
9.1184e+01 7.2744e-02 5.5560e-02 5.0321e+01 4.8411e-02 5.7761e-02 -1.7589e-02 4.6030e-02 4.2136e-02
9.3313e+01 6.9079e-02 5.2812e-02 4.8688e+01 4.6005e-02 5.4838e-02 -1.6715e-02 4.3710e-02 4.0011e-02
9.5490e+01 6.5597e-02 5.0202e-02 4.7106e+01 4.3721e-02 5.2060e-02 -1.5882e-02 4.1504e-02 3.7992e-02
9.7719e+01 6.2288e-02 4.7715e-02 4.5572e+01 4.1545e-02 4.9418e-02 -1.5089e-02 3.9406e-02 3.6074e-02
1.0000e+02 5.9145e-02 4.5351e-02 4.4080e+01 3.9476e-02 4.6906e-02 -1.4334e-02 3.7411e-02 3.4252e-02
