1.0000e-03 1.7032e-03 -3.3946e-04 6.0950e-04 5.8276e-04 3.3423e-01 6.6490e-01 2.6787e-01 1.5942e-04 -1.6281e-01 1.6360e-01 7.2405e-02 6.6954e+02
1.0233e-03 1.8531e-03 -3.6973e-04 6.6706e-04 6.3752e-04 3.5090e-01 6.9787e-01 2.8122e-01 1.7535e-04 -1.7091e-01 1.7177e-01 7.6464e-02 6.8300e+02
1.0472e-03 2.0158e-03 -4.0264e-04 7.3003e-04 6.9739e-04 3.6837e-01 7.3239e-01 2.9521e-01 1.9289e-04 -1.7939e-01 1.8034e-01 8.0647e-02 6.9656e+02
1.0717e-03 2.1922e-03 -4.3840e-04 7.9891e-04 7.6282e-04 3.8667e-01 7.6855e-01 3.0987e-01 2.1220e-04 -1.8828e-01 1.8932e-01 8.4969e-02 7.1034e+02
1.0967e-03 2.3837e-03 -4.7725e-04 8.7424e-04 8.3434e-04 4.0585e-01 8.0642e-01 3.2523e-01 2.3345e-04 -1.9759e-01 1.9873e-01 8.9444e-02 7.2442e+02
1.1223e-03 2.5911e-03 -5.1947e-04 9.5665e-04 9.1251e-04 4.2596e-01 8.4610e-01 3.4133e-01 2.5685e-04 -2.0735e-01 2.0860e-01 9.4100e-02 7.3889e+02
1.1485e-03 2.8161e-03 -5.6531e-04 1.0468e-03 9.9793e-04 4.4705e-01 8.8768e-01 3.5821e-01 2.8261e-04 -2.1758e-01 2.1895e-01 9.8967e-02 7.5381e+02
1.1753e-03 3.0600e-03 -6.1510e-04 1.1453e-03 1.0913e-03 4.6916e-01 9.3125e-01 3.7592e-01 3.1096e-04 -2.2830e-01 2.2980e-01 1.0408e-01 7.6920e+02
1.2027e-03 3.3244e-03 -6.6915e-04 1.2531e-03 1.1933e-03 4.9234e-01 9.7690e-01 3.9447e-01 3.4217e-04 -2.3954e-01 2.4118e-01 1.0948e-01 7.8505e+02
1.2308e-03 3.6106e-03 -7.2781e-04 1.3710e-03 1.3047e-03 5.1663e-01 1.0247e+00 4.1392e-01 3.7653e-04 -2.5132e-01 2.5312e-01 1.1521e-01 8.0131e+02
1.2595e-03 3.9208e-03 -7.9146e-04 1.4999e-03 1.4265e-03 5.4209e-01 1.0748e+00 4.3430e-01 4.1434e-04 -2.6365e-01 2.6562e-01 1.2132e-01 8.1789e+02
1.2889e-03 4.2567e-03 -8.6051e-04 1.6408e-03 1.5595e-03 5.6876e-01 1.1272e+00 4.5565e-01 4.5596e-04 -2.7657e-01 2.7873e-01 1.2784e-01 8.3464e+02
1.3190e-03 4.6203e-03 -9.3540e-04 1.7949e-03 1.7048e-03 5.9668e-01 1.1820e+00 4.7799e-01 5.0178e-04 -2.9009e-01 2.9245e-01 1.3479e-01 8.5140e+02
1.3498e-03 5.0139e-03 -1.0166e-03 1.9633e-03 1.8636e-03 6.2590e-01 1.2393e+00 5.0137e-01 5.5222e-04 -3.0423e-01 3.0681e-01 1.4219e-01 8.6800e+02
1.3813e-03 5.4399e-03 -1.1046e-03 2.1475e-03 2.0369e-03 6.5647e-01 1.2992e+00 5.2583e-01 6.0775e-04 -3.1901e-01 3.2184e-01 1.5004e-01 8.8427e+02
1.4135e-03 5.9008e-03 -1.2000e-03 2.3488e-03 2.2262e-03 6.8844e-01 1.3618e+00 5.5141e-01 6.6889e-04 -3.3447e-01 3.3757e-01 1.5832e-01 9.0008e+02
1.4465e-03 6.3995e-03 -1.3033e-03 2.5689e-03 2.4329e-03 7.2187e-01 1.4272e+00 5.7815e-01 7.3620e-04 -3.5063e-01 3.5402e-01 1.6701e-01 9.1534e+02
1.4803e-03 6.9388e-03 -1.4152e-03 2.8094e-03 2.6586e-03 7.5682e-01 1.4955e+00 6.0611e-01 8.1032e-04 -3.6751e-01 3.7122e-01 1.7608e-01 9.3002e+02
1.5148e-03 7.5218e-03 -1.5363e-03 3.0723e-03 2.9050e-03 7.9338e-01 1.5668e+00 6.3535e-01 8.9193e-04 -3.8516e-01 3.8922e-01 1.8553e-01 9.4413e+02
1.5502e-03 8.1521e-03 -1.6675e-03 3.3596e-03 3.1739e-03 8.3161e-01 1.6414e+00 6.6593e-01 9.8181e-04 -4.0361e-01 4.0806e-01 1.9531e-01 9.5776e+02
1.5864e-03 8.8330e-03 -1.8093e-03 3.6736e-03 3.4674e-03 8.7162e-01 1.7193e+00 6.9792e-01 1.0808e-03 -4.2289e-01 4.2777e-01 2.0543e-01 9.7104e+02
1.6234e-03 9.5685e-03 -1.9628e-03 4.0167e-03 3.7878e-03 9.1348e-01 1.8007e+00 7.3139e-01 1.1898e-03 -4.4307e-01 4.4840e-01 2.1591e-01 9.8413e+02
1.6613e-03 1.0363e-02 -2.1287e-03 4.3917e-03 4.1374e-03 9.5730e-01 1.8858e+00 7.6642e-01 1.3098e-03 -4.6417e-01 4.7001e-01 2.2676e-01 9.9721e+02
1.7000e-03 1.1221e-02 -2.3081e-03 4.8013e-03 4.5189e-03 1.0032e+00 1.9748e+00 8.0309e-01 1.4420e-03 -4.8625e-01 4.9264e-01 2.3804e-01 1.0104e+03
1.7397e-03 1.2147e-02 -2.5018e-03 5.2489e-03 4.9351e-03 1.0512e+00 2.0679e+00 8.4148e-01 1.5875e-03 -5.0935e-01 5.1635e-01 2.4981e-01 1.0239e+03
1.7803e-03 1.3146e-02 -2.7111e-03 5.7379e-03 5.3891e-03 1.1015e+00 2.1652e+00 8.8168e-01 1.7477e-03 -5.3353e-01 5.4118e-01 2.6214e-01 1.0376e+03
1.8219e-03 1.4224e-02 -2.9371e-03 6.2721e-03 5.8844e-03 1.1542e+00 2.2670e+00 9.2376e-01 1.9242e-03 -5.5882e-01 5.6720e-01 2.7510e-01 1.0516e+03
1.8644e-03 1.5387e-02 -3.1810e-03 6.8557e-03 6.4246e-03 1.2093e+00 2.3733e+00 9.6782e-01 2.1185e-03 -5.8528e-01 5.9445e-01 2.8878e-01 1.0658e+03
1.9079e-03 1.6642e-02 -3.4442e-03 7.4931e-03 7.0137e-03 1.2670e+00 2.4845e+00 1.0139e+00 2.3325e-03 -6.1296e-01 6.2299e-01 3.0325e-01 1.0800e+03
1.9525e-03 1.7995e-02 -3.7279e-03 8.1892e-03 7.6561e-03 1.3274e+00 2.6006e+00 1.0622e+00 2.5681e-03 -6.4189e-01 6.5287e-01 3.1854e-01 1.0941e+03
1.9980e-03 1.9453e-02 -4.0338e-03 8.9495e-03 8.3564e-03 1.3906e+00 2.7220e+00 1.1126e+00 2.8275e-03 -6.7214e-01 6.8414e-01 3.3466e-01 1.1078e+03
2.0447e-03 2.1025e-02 -4.3633e-03 9.7798e-03 9.1199e-03 1.4567e+00 2.8486e+00 1.1654e+00 3.1131e-03 -7.0375e-01 7.1688e-01 3.5159e-01 1.1211e+03
2.0924e-03 2.2719e-02 -4.7183e-03 1.0686e-02 9.9521e-03 1.5259e+00 2.9809e+00 1.2206e+00 3.4276e-03 -7.3678e-01 7.5115e-01 3.6931e-01 1.1338e+03
2.1412e-03 2.4544e-02 -5.1003e-03 1.1676e-02 1.0859e-02 1.5982e+00 3.1190e+00 1.2783e+00 3.7740e-03 -7.7130e-01 7.8701e-01 3.8781e-01 1.1460e+03
2.1912e-03 2.6510e-02 -5.5113e-03 1.2757e-02 1.1847e-02 1.6739e+00 3.2631e+00 1.3387e+00 4.1553e-03 -8.0737e-01 8.2456e-01 4.0709e-01 1.1579e+03
2.2423e-03 2.8628e-02 -5.9533e-03 1.3937e-02 1.2924e-02 1.7530e+00 3.4136e+00 1.4018e+00 4.5752e-03 -8.4506e-01 8.6387e-01 4.2715e-01 1.1694e+03
2.2947e-03 3.0908e-02 -6.4284e-03 1.5225e-02 1.4097e-02 1.8359e+00 3.5708e+00 1.4679e+00 5.0375e-03 -8.8446e-01 9.0502e-01 4.4806e-01 1.1809e+03
2.3482e-03 3.3364e-02 -6.9387e-03 1.6632e-02 1.5375e-02 1.9225e+00 3.7349e+00 1.5370e+00 5.5465e-03 -9.2563e-01 9.4813e-01 4.6990e-01 1.1924e+03
2.4030e-03 3.6007e-02 -7.4866e-03 1.8166e-02 1.6767e-02 2.0132e+00 3.9062e+00 1.6093e+00 6.1070e-03 -9.6867e-01 9.9326e-01 4.9277e-01 1.2039e+03
2.4591e-03 3.8850e-02 -8.0745e-03 1.9841e-02 1.8282e-02 2.1081e+00 4.0850e+00 1.6849e+00 6.7239e-03 -1.0136e+00 1.0405e+00 5.1677e-01 1.2156e+03
2.5165e-03 4.1912e-02 -8.7049e-03 2.1669e-02 1.9932e-02 2.2074e+00 4.2717e+00 1.7640e+00 7.4032e-03 -1.0606e+00 1.0900e+00 5.4201e-01 1.2272e+03
2.5753e-03 4.5206e-02 -9.3805e-03 2.3664e-02 2.1729e-02 2.3113e+00 4.4664e+00 1.8468e+00 8.1509e-03 -1.1097e+00 1.1419e+00 5.6856e-01 1.2387e+03
2.6354e-03 4.8750e-02 -1.0104e-02 2.5840e-02 2.3684e-02 2.4200e+00 4.6696e+00 1.9333e+00 8.9740e-03 -1.1610e+00 1.1961e+00 5.9645e-01 1.2499e+03
2.6969e-03 5.2562e-02 -1.0878e-02 2.8215e-02 2.5811e-02 2.5336e+00 4.8815e+00 2.0238e+00 9.8800e-03 -1.2145e+00 1.2529e+00 6.2569e-01 1.2607e+03
2.7598e-03 5.6663e-02 -1.1706e-02 3.0806e-02 2.8126e-02 2.6525e+00 5.1026e+00 2.1184e+00 1.0877e-02 -1.2704e+00 1.3124e+00 6.5630e-01 1.2711e+03
2.8242e-03 6.1073e-02 -1.2592e-02 3.3632e-02 3.0644e-02 2.7768e+00 5.3331e+00 2.2173e+00 1.1975e-02 -1.3288e+00 1.3747e+00 6.8830e-01 1.2812e+03
2.8902e-03 6.5816e-02 -1.3537e-02 3.6714e-02 3.3383e-02 2.9068e+00 5.5734e+00 2.3208e+00 1.3183e-02 -1.3897e+00 1.4399e+00 7.2174e-01 1.2911e+03
2.9576e-03 7.0916e-02 -1.4545e-02 4.0076e-02 3.6362e-02 3.0428e+00 5.8240e+00 2.4289e+00 1.4512e-02 -1.4534e+00 1.5082e+00 7.5671e-01 1.3008e+03
3.0266e-03 7.6401e-02 -1.5620e-02 4.3742e-02 3.9601e-02 3.1851e+00 6.0852e+00 2.5420e+00 1.5975e-02 -1.5198e+00 1.5797e+00 7.9334e-01 1.3105e+03
3.0973e-03 8.2298e-02 -1.6766e-02 4.7740e-02 4.3122e-02 3.3338e+00 6.3574e+00 2.6602e+00 1.7585e-02 -1.5891e+00 1.6545e+00 8.3176e-01 1.3202e+03
3.1696e-03 8.8637e-02 -1.7985e-02 5.2100e-02 4.6949e-02 3.4894e+00 6.6411e+00 2.7838e+00 1.9357e-02 -1.6614e+00 1.7329e+00 8.7207e-01 1.3297e+03
3.2436e-03 9.5453e-02 -1.9281e-02 5.6852e-02 5.1108e-02 3.6520e+00 6.9367e+00 2.9129e+00 2.1306e-02 -1.7369e+00 1.8150e+00 9.1437e-01 1.3390e+03
3.3193e-03 1.0278e-01 -2.0657e-02 6.2034e-02 5.5627e-02 3.8221e+00 7.2446e+00 3.0479e+00 2.3450e-02 -1.8156e+00 1.9010e+00 9.5873e-01 1.3481e+03
3.3967e-03 1.1066e-01 -2.2118e-02 6.7681e-02 6.0535e-02 3.9999e+00 7.5652e+00 3.1890e+00 2.5808e-02 -1.8978e+00 1.9910e+00 1.0052e+00 1.3569e+03
3.4760e-03 1.1912e-01 -2.3666e-02 7.3837e-02 6.5866e-02 4.1858e+00 7.8991e+00 3.3365e+00 2.8402e-02 -1.9834e+00 2.0852e+00 1.0539e+00 1.3654e+03
3.5572e-03 1.2822e-01 -2.5305e-02 8.0546e-02 7.1655e-02 4.3801e+00 8.2466e+00 3.4906e+00 3.1255e-02 -2.0727e+00 2.1839e+00 1.1048e+00 1.3738e+03
3.6402e-03 1.3800e-01 -2.7037e-02 8.7856e-02 7.7939e-02 4.5833e+00 8.6084e+00 3.6516e+00 3.4393e-02 -2.1659e+00 2.2872e+00 1.1582e+00 1.3820e+03
3.7251e-03 1.4851e-01 -2.8867e-02 9.5822e-02 8.4759e-02 4.7956e+00 8.9848e+00 3.8198e+00 3.7843e-02 -2.2629e+00 2.3954e+00 1.2142e+00 1.3901e+03
3.8121e-03 1.5981e-01 -3.0797e-02 1.0450e-01 9.2160e-02 5.0176e+00 9.3765e+00 3.9955e+00 4.1637e-02 -2.3641e+00 2.5087e+00 1.2729e+00 1.3980e+03
3.9011e-03 1.7194e-01 -3.2828e-02 1.1395e-01 1.0019e-01 5.2496e+00 9.7838e+00 4.1791e+00 4.5808e-02 -2.4695e+00 2.6273e+00 1.3345e+00 1.4058e+03
3.9921e-03 1.8499e-01 -3.4964e-02 1.2425e-01 1.0890e-01 5.4920e+00 1.0207e+01 4.3709e+00 5.0392e-02 -2.5793e+00 2.7515e+00 1.3990e+00 1.4134e+03
4.0853e-03 1.9900e-01 -3.7206e-02 1.3547e-01 1.1834e-01 5.7453e+00 1.0648e+01 4.5711e+00 5.5431e-02 -2.6936e+00 2.8816e+00 1.4666e+00 1.4207e+03
4.1806e-03 2.1406e-01 -3.9554e-02 1.4768e-01 1.2858e-01 6.0100e+00 1.1105e+01 4.7803e+00 6.0969e-02 -2.8127e+00 3.0178e+00 1.5375e+00 1.4279e+03
4.2782e-03 2.3023e-01 -4.2009e-02 1.6098e-01 1.3968e-01 6.2865e+00 1.1581e+01 4.9987e+00 6.7054e-02 -2.9367e+00 3.1604e+00 1.6118e+00 1.4349e+03
4.3781e-03 2.4760e-01 -4.4572e-02 1.7546e-01 1.5170e-01 6.5754e+00 1.2075e+01 5.2267e+00 7.3740e-02 -3.0657e+00 3.3097e+00 1.6898e+00 1.4418e+03
4.4803e-03 2.6627e-01 -4.7239e-02 1.9122e-01 1.6472e-01 6.8771e+00 1.2588e+01 5.4648e+00 8.1084e-02 -3.1999e+00 3.4661e+00 1.7715e+00 1.4485e+03
4.5848e-03 2.8631e-01 -5.0010e-02 2.0838e-01 1.7883e-01 7.1923e+00 1.3120e+01 5.7133e+00 8.9151e-02 -3.3396e+00 3.6298e+00 1.8571e+00 1.4550e+03
4.6918e-03 3.0783e-01 -5.2879e-02 2.2705e-01 1.9411e-01 7.5215e+00 1.3673e+01 5.9726e+00 9.8010e-02 -3.4848e+00 3.8013e+00 1.9470e+00 1.4614e+03
4.8013e-03 3.3094e-01 -5.5843e-02 2.4737e-01 2.1064e-01 7.8652e+00 1.4246e+01 6.2433e+00 1.0774e-01 -3.6358e+00 3.9808e+00 2.0412e+00 1.4676e+03
4.9134e-03 3.5574e-01 -5.8894e-02 2.6948e-01 2.2853e-01 8.2241e+00 1.4841e+01 6.5257e+00 1.1842e-01 -3.7927e+00 4.1688e+00 2.1399e+00 1.4736e+03
5.0281e-03 3.8235e-01 -6.2024e-02 2.9354e-01 2.4789e-01 8.5988e+00 1.5458e+01 6.8204e+00 1.3014e-01 -3.9558e+00 4.3657e+00 2.2435e+00 1.4795e+03
5.1454e-03 4.1090e-01 -6.5222e-02 3.1970e-01 2.6882e-01 8.9900e+00 1.6097e+01 7.1278e+00 1.4300e-01 -4.1251e+00 4.5718e+00 2.3521e+00 1.4853e+03
5.2655e-03 4.4152e-01 -6.8474e-02 3.4816e-01 2.9145e-01 9.3983e+00 1.6759e+01 7.4484e+00 1.5712e-01 -4.3010e+00 4.7877e+00 2.4660e+00 1.4908e+03
5.3884e-03 4.7436e-01 -7.1766e-02 3.7910e-01 3.1592e-01 9.8244e+00 1.7445e+01 7.7828e+00 1.7260e-01 -4.4835e+00 5.0137e+00 2.5855e+00 1.4963e+03
5.5142e-03 5.0958e-01 -7.5078e-02 4.1275e-01 3.4235e-01 1.0269e+01 1.8155e+01 8.1314e+00 1.8958e-01 -4.6729e+00 5.2504e+00 2.7108e+00 1.5016e+03
5.6429e-03 5.4732e-01 -7.8388e-02 4.4933e-01 3.7091e-01 1.0733e+01 1.8890e+01 8.4949e+00 2.0821e-01 -4.8694e+00 5.4982e+00 2.8422e+00 1.5067e+03
5.7746e-03 5.8774e-01 -8.1670e-02 4.8909e-01 4.0175e-01 1.1217e+01 1.9650e+01 8.8738e+00 2.2863e-01 -5.0730e+00 5.7577e+00 2.9800e+00 1.5117e+03
5.9094e-03 6.3106e-01 -8.4894e-02 5.3230e-01 4.3503e-01 1.1722e+01 2.0436e+01 9.2686e+00 2.5101e-01 -5.2841e+00 6.0294e+00 3.1246e+00 1.5166e+03
6.0473e-03 6.7745e-01 -8.8025e-02 5.7926e-01 4.7096e-01 1.2248e+01 2.1248e+01 9.6801e+00 2.7554e-01 -5.5027e+00 6.3140e+00 3.2762e+00 1.5213e+03
6.1885e-03 7.2711e-01 -9.1022e-02 6.3027e-01 5.0971e-01 1.2797e+01 2.2087e+01 1.0109e+01 3.0241e-01 -5.7291e+00 6.6119e+00 3.4353e+00 1.5259e+03
6.3329e-03 7.8026e-01 -9.3840e-02 6.8569e-01 5.5151e-01 1.3369e+01 2.2954e+01 1.0555e+01 3.3185e-01 -5.9634e+00 6.9239e+00 3.6021e+00 1.5304e+03
6.4807e-03 8.3711e-01 -9.6426e-02 7.4588e-01 5.9656e-01 1.3966e+01 2.3849e+01 1.1020e+01 3.6408e-01 -6.2058e+00 7.2506e+00 3.7771e+00 1.5347e+03
6.6320e-03 8.9791e-01 -9.8721e-02 8.1123e-01 6.4511e-01 1.4587e+01 2.4772e+01 1.1504e+01 3.9937e-01 -6.4563e+00 7.5927e+00 3.9607e+00 1.5389e+03
6.7868e-03 9.6291e-01 -1.0066e-01 8.8219e-01 6.9741e-01 1.5235e+01 2.5724e+01 1.2008e+01 4.3800e-01 -6.7152e+00 7.9508e+00 4.1532e+00 1.5430e+03
6.9452e-03 1.0324e+00 -1.0216e-01 9.5921e-01 7.5373e-01 1.5910e+01 2.6705e+01 1.2533e+01 4.8027e-01 -6.9826e+00 8.3259e+00 4.3552e+00 1.5469e+03
7.1073e-03 1.1066e+00 -1.0315e-01 1.0428e+00 8.1436e-01 1.6613e+01 2.7715e+01 1.3078e+01 5.2650e-01 -7.2586e+00 8.7186e+00 4.5671e+00 1.5507e+03
7.2732e-03 1.1858e+00 -1.0352e-01 1.1335e+00 8.7959e-01 1.7345e+01 2.8755e+01 1.3646e+01 5.7707e-01 -7.5433e+00 9.1298e+00 4.7894e+00 1.5544e+03
7.4429e-03 1.2703e+00 -1.0317e-01 1.2319e+00 9.4975e-01 1.8107e+01 2.9826e+01 1.4237e+01 6.3235e-01 -7.8368e+00 9.5603e+00 5.0226e+00 1.5580e+03
7.6166e-03 1.3605e+00 -1.0198e-01 1.3386e+00 1.0252e+00 1.8901e+01 3.0926e+01 1.4851e+01 6.9276e-01 -8.1391e+00 1.0011e+01 5.2672e+00 1.5615e+03
7.7944e-03 1.4567e+00 -9.9817e-02 1.4544e+00 1.1062e+00 1.9726e+01 3.2057e+01 1.5489e+01 7.5878e-01 -8.4503e+00 1.0483e+01 5.5237e+00 1.5649e+03
7.9763e-03 1.5592e+00 -9.6542e-02 1.5799e+00 1.1933e+00 2.0585e+01 3.3219e+01 1.6152e+01 8.3088e-01 -8.7705e+00 1.0977e+01 5.7929e+00 1.5681e+03
8.1625e-03 1.6684e+00 -9.1989e-02 1.7159e+00 1.2868e+00 2.1479e+01 3.4412e+01 1.6841e+01 9.0961e-01 -9.0995e+00 1.1495e+01 6.0751e+00 1.5713e+03
8.3530e-03 1.7846e+00 -8.5981e-02 1.8633e+00 1.3872e+00 2.2409e+01 3.5635e+01 1.7557e+01 9.9554e-01 -9.4374e+00 1.2036e+01 6.3712e+00 1.5743e+03
8.5480e-03 1.9084e+00 -7.8320e-02 2.0230e+00 1.4948e+00 2.3375e+01 3.6889e+01 1.8300e+01 1.0893e+00 -9.7842e+00 1.2604e+01 6.6818e+00 1.5772e+03
8.7475e-03 2.0401e+00 -6.8793e-02 2.1959e+00 1.6102e+00 2.4379e+01 3.8173e+01 1.9072e+01 1.1916e+00 -1.0140e+01 1.3197e+01 7.0075e+00 1.5800e+03
8.9517e-03 2.1801e+00 -5.7162e-02 2.3832e+00 1.7340e+00 2.5423e+01 3.9488e+01 1.9872e+01 1.3031e+00 -1.0504e+01 1.3819e+01 7.3491e+00 1.5828e+03
9.1606e-03 2.3289e+00 -4.3170e-02 2.5860e+00 1.8665e+00 2.6508e+01 4.0832e+01 2.0703e+01 1.4246e+00 -1.0877e+01 1.4470e+01 7.7073e+00 1.5854e+03
9.3744e-03 2.4869e+00 -2.6534e-02 2.8055e+00 2.0084e+00 2.7634e+01 4.2207e+01 2.1565e+01 1.5570e+00 -1.1258e+01 1.5151e+01 8.0830e+00 1.5879e+03
9.5932e-03 2.6547e+00 -6.9450e-03 3.0429e+00 2.1602e+00 2.8803e+01 4.3610e+01 2.2458e+01 1.7012e+00 -1.1646e+01 1.5864e+01 8.4769e+00 1.5903e+03
9.8171e-03 2.8327e+00 1.5932e-02 3.2998e+00 2.3226e+00 3.0017e+01 4.5043e+01 2.3384e+01 1.8581e+00 -1.2043e+01 1.6611e+01 8.8899e+00 1.5927e+03
1.0046e-02 3.0214e+00 4.2460e-02 3.5776e+00 2.4962e+00 3.1276e+01 4.6503e+01 2.4343e+01 2.0289e+00 -1.2447e+01 1.7392e+01 9.3229e+00 1.5949e+03
1.0281e-02 3.2214e+00 7.3033e-02 3.8779e+00 2.6817e+00 3.2582e+01 4.7991e+01 2.5336e+01 2.2147e+00 -1.2858e+01 1.8210e+01 9.7768e+00 1.5971e+03
1.0521e-02 3.4331e+00 1.0807e-01 4.2024e+00 2.8798e+00 3.3937e+01 4.9506e+01 2.6365e+01 2.4166e+00 -1.3276e+01 1.9066e+01 1.0253e+01 1.5991e+03
1.0766e-02 3.6572e+00 1.4805e-01 4.5531e+00 3.0911e+00 3.5341e+01 5.1046e+01 2.7429e+01 2.6360e+00 -1.3700e+01 1.9962e+01 1.0751e+01 1.6011e+03
1.1018e-02 3.8942e+00 1.9345e-01 4.9318e+00 3.3166e+00 3.6797e+01 5.2611e+01 2.8530e+01 2.8743e+00 -1.4129e+01 2.0899e+01 1.1274e+01 1.6030e+03
1.1275e-02 4.1446e+00 2.4481e-01 5.3406e+00 3.5569e+00 3.8304e+01 5.4199e+01 2.9669e+01 3.1331e+00 -1.4563e+01 2.1881e+01 1.1821e+01 1.6048e+03
1.1538e-02 4.4091e+00 3.0269e-01 5.7819e+00 3.8129e+00 3.9865e+01 5.5810e+01 3.0846e+01 3.4138e+00 -1.5001e+01 2.2907e+01 1.2395e+01 1.6065e+03
1.1807e-02 4.6882e+00 3.6772e-01 6.2580e+00 4.0855e+00 4.1480e+01 5.7442e+01 3.2062e+01 3.7182e+00 -1.5443e+01 2.3982e+01 1.2996e+01 1.6081e+03
1.2083e-02 4.9826e+00 4.4054e-01 6.7715e+00 4.3755e+00 4.3152e+01 5.9093e+01 3.3318e+01 4.0481e+00 -1.5887e+01 2.5105e+01 1.3625e+01 1.6097e+03
1.2365e-02 5.2928e+00 5.2185e-01 7.3250e+00 4.6839e+00 4.4881e+01 6.0763e+01 3.4615e+01 4.4056e+00 -1.6333e+01 2.6281e+01 1.4284e+01 1.6112e+03
1.2653e-02 5.6196e+00 6.1239e-01 7.9215e+00 5.0115e+00 4.6669e+01 6.2450e+01 3.5954e+01 4.7926e+00 -1.6779e+01 2.7511e+01 1.4974e+01 1.6126e+03
1.2949e-02 5.9635e+00 7.1294e-01 8.5641e+00 5.3594e+00 4.8516e+01 6.4151e+01 3.7334e+01 5.2113e+00 -1.7224e+01 2.8798e+01 1.5696e+01 1.6139e+03
1.3251e-02 6.3252e+00 8.2434e-01 9.2560e+00 5.7286e+00 5.0424e+01 6.5865e+01 3.8757e+01 5.6641e+00 -1.7668e+01 3.0143e+01 1.6451e+01 1.6151e+03
1.3560e-02 6.7054e+00 9.4746e-01 1.0001e+01 6.1201e+00 5.2394e+01 6.7590e+01 4.0224e+01 6.1535e+00 -1.8109e+01 3.1550e+01 1.7241e+01 1.6163e+03
1.3877e-02 7.1046e+00 1.0832e+00 1.0802e+01 6.5348e+00 5.4428e+01 6.9325e+01 4.1734e+01 6.6821e+00 -1.8545e+01 3.3021e+01 1.8068e+01 1.6174e+03
1.4201e-02 7.5237e+00 1.2326e+00 1.1663e+01 6.9740e+00 5.6526e+01 7.1067e+01 4.3289e+01 7.2526e+00 -1.8975e+01 3.4559e+01 1.8932e+01 1.6184e+03
1.4532e-02 7.9632e+00 1.3966e+00 1.2589e+01 7.4386e+00 5.8689e+01 7.2814e+01 4.4889e+01 7.8681e+00 -1.9398e+01 3.6167e+01 1.9836e+01 1.6193e+03
1.4871e-02 8.4239e+00 1.5762e+00 1.3583e+01 7.9297e+00 6.0918e+01 7.4563e+01 4.6534e+01 8.5314e+00 -1.9812e+01 3.7847e+01 2.0780e+01 1.6202e+03
1.5218e-02 8.9062e+00 1.7727e+00 1.4650e+01 8.4486e+00 6.3214e+01 7.6314e+01 4.8225e+01 9.2459e+00 -2.0215e+01 3.9602e+01 2.1766e+01 1.6210e+03
1.5573e-02 9.4110e+00 1.9871e+00 1.5796e+01 8.9961e+00 6.5578e+01 7.8063e+01 4.9963e+01 1.0015e+01 -2.0605e+01 4.1437e+01 2.2796e+01 1.6217e+03
1.5937e-02 9.9388e+00 2.2206e+00 1.7024e+01 9.5736e+00 6.8010e+01 7.9808e+01 5.1746e+01 1.0842e+01 -2.0980e+01 4.3353e+01 2.3870e+01 1.6224e+03
1.6309e-02 1.0490e+01 2.4744e+00 1.8341e+01 1.0182e+01 7.0512e+01 8.1546e+01 5.3577e+01 1.1731e+01 -2.1339e+01 4.5354e+01 2.4992e+01 1.6230e+03
1.6690e-02 1.1066e+01 2.7499e+00 1.9751e+01 1.0823e+01 7.3084e+01 8.3277e+01 5.5454e+01 1.2687e+01 -2.1679e+01 4.7444e+01 2.6162e+01 1.6235e+03
1.7079e-02 1.1666e+01 3.0481e+00 2.1262e+01 1.1497e+01 7.5727e+01 8.4996e+01 5.7378e+01 1.3712e+01 -2.1998e+01 4.9626e+01 2.7382e+01 1.6239e+03
1.7478e-02 1.2292e+01 3.3705e+00 2.2878e+01 1.2205e+01 7.8440e+01 8.6703e+01 5.9349e+01 1.4811e+01 -2.2293e+01 5.1904e+01 2.8653e+01 1.6243e+03
1.7886e-02 1.2944e+01 3.7183e+00 2.4607e+01 1.2948e+01 8.1224e+01 8.8394e+01 6.1367e+01 1.5989e+01 -2.2563e+01 5.4280e+01 2.9977e+01 1.6246e+03
1.8303e-02 1.3622e+01 4.0927e+00 2.6454e+01 1.3727e+01 8.4080e+01 9.0068e+01 6.3431e+01 1.7250e+01 -2.2806e+01 5.6760e+01 3.1355e+01 1.6249e+03
1.8730e-02 1.4327e+01 4.4951e+00 2.8427e+01 1.4544e+01 8.7007e+01 9.1722e+01 6.5542e+01 1.8599e+01 -2.3018e+01 5.9346e+01 3.2789e+01 1.6250e+03
1.9167e-02 1.5060e+01 4.9267e+00 3.0533e+01 1.5399e+01 9.0007e+01 9.3355e+01 6.7700e+01 2.0041e+01 -2.3197e+01 6.2043e+01 3.4280e+01 1.6251e+03
1.9615e-02 1.5820e+01 5.3887e+00 3.2779e+01 1.6293e+01 9.3078e+01 9.4964e+01 6.9903e+01 2.1580e+01 -2.3342e+01 6.4854e+01 3.5830e+01 1.6251e+03
2.0073e-02 1.6609e+01 5.8823e+00 3.5172e+01 1.7227e+01 9.6220e+01 9.6548e+01 7.2152e+01 2.3222e+01 -2.3449e+01 6.7783e+01 3.7440e+01 1.6251e+03
2.0541e-02 1.7426e+01 6.4088e+00 3.7720e+01 1.8201e+01 9.9433e+01 9.8104e+01 7.4446e+01 2.4972e+01 -2.3516e+01 7.0835e+01 3.9111e+01 1.6250e+03
2.1021e-02 1.8273e+01 6.9691e+00 4.0431e+01 1.9216e+01 1.0272e+02 9.9631e+01 7.6785e+01 2.6835e+01 -2.3542e+01 7.4012e+01 4.0845e+01 1.6248e+03
2.1511e-02 1.9149e+01 7.5644e+00 4.3313e+01 2.0273e+01 1.0607e+02 1.0113e+02 7.9168e+01 2.8816e+01 -2.3522e+01 7.7319e+01 4.2642e+01 1.6245e+03
2.2013e-02 2.0054e+01 8.1954e+00 4.6374e+01 2.1371e+01 1.0950e+02 1.0259e+02 8.1594e+01 3.0920e+01 -2.3456e+01 8.0761e+01 4.4503e+01 1.6242e+03
2.2527e-02 2.0989e+01 8.8631e+00 4.9621e+01 2.2513e+01 1.1299e+02 1.0402e+02 8.4063e+01 3.3153e+01 -2.3341e+01 8.4340e+01 4.6430e+01 1.6238e+03
2.3053e-02 2.1954e+01 9.5682e+00 5.3063e+01 2.3696e+01 1.1655e+02 1.0542e+02 8.6574e+01 3.5520e+01 -2.3175e+01 8.8060e+01 4.8423e+01 1.6233e+03
2.3591e-02 2.2949e+01 1.0311e+01 5.6708e+01 2.4923e+01 1.2018e+02 1.0678e+02 8.9126e+01 3.8025e+01 -2.2955e+01 9.1926e+01 5.0484e+01 1.6228e+03
2.4142e-02 2.3974e+01 1.1093e+01 6.0564e+01 2.6193e+01 1.2387e+02 1.0811e+02 9.1718e+01 4.0675e+01 -2.2681e+01 9.5941e+01 5.2611e+01 1.6221e+03
2.4705e-02 2.5029e+01 1.1914e+01 6.4638e+01 2.7505e+01 1.2763e+02 1.0939e+02 9.4349e+01 4.3474e+01 -2.2350e+01 1.0011e+02 5.4807e+01 1.6214e+03
2.5282e-02 2.6113e+01 1.2774e+01 6.8940e+01 2.8860e+01 1.3146e+02 1.1064e+02 9.7020e+01 4.6427e+01 -2.1961e+01 1.0443e+02 5.7072e+01 1.6206e+03
2.5872e-02 2.7228e+01 1.3673e+01 7.3476e+01 3.0258e+01 1.3535e+02 1.1185e+02 9.9727e+01 4.9539e+01 -2.1512e+01 1.0892e+02 5.9405e+01 1.6198e+03
2.6476e-02 2.8372e+01 1.4612e+01 7.8255e+01 3.1697e+01 1.3930e+02 1.1301e+02 1.0247e+02 5.2815e+01 -2.1003e+01 1.1357e+02 6.1807e+01 1.6188e+03
2.7094e-02 2.9545e+01 1.5590e+01 8.3285e+01 3.3178e+01 1.4330e+02 1.1414e+02 1.0525e+02 5.6259e+01 -2.0431e+01 1.1838e+02 6.4277e+01 1.6178e+03
2.7726e-02 3.0748e+01 1.6606e+01 8.8573e+01 3.4700e+01 1.4737e+02 1.1522e+02 1.0807e+02 5.9877e+01 -1.9797e+01 1.2337e+02 6.6816e+01 1.6167e+03
2.8373e-02 3.1979e+01 1.7661e+01 9.4126e+01 3.6261e+01 1.5150e+02 1.1626e+02 1.1091e+02 6.3671e+01 -1.9101e+01 1.2853e+02 6.9422e+01 1.6155e+03
2.9035e-02 3.3238e+01 1.8753e+01 9.9950e+01 3.7862e+01 1.5568e+02 1.1726e+02 1.1379e+02 6.7647e+01 -1.8340e+01 1.3386e+02 7.2096e+01 1.6142e+03
2.9713e-02 3.4525e+01 1.9881e+01 1.0605e+02 3.9501e+01 1.5991e+02 1.1821e+02 1.1671e+02 7.1808e+01 -1.7517e+01 1.3938e+02 7.4837e+01 1.6128e+03
3.0406e-02 3.5839e+01 2.1045e+01 1.1244e+02 4.1178e+01 1.6420e+02 1.1911e+02 1.1965e+02 7.6156e+01 -1.6630e+01 1.4508e+02 7.7643e+01 1.6114e+03
3.1116e-02 3.7180e+01 2.2243e+01 1.1911e+02 4.2890e+01 1.6854e+02 1.1996e+02 1.2262e+02 8.0695e+01 -1.5680e+01 1.5096e+02 8.0514e+01 1.6098e+03
3.1842e-02 3.8548e+01 2.3473e+01 1.2608e+02 4.4638e+01 1.7293e+02 1.2077e+02 1.2562e+02 8.5428e+01 -1.4668e+01 1.5704e+02 8.3450e+01 1.6082e+03
3.2586e-02 3.9942e+01 2.4736e+01 1.3335e+02 4.6419e+01 1.7736e+02 1.2151e+02 1.2865e+02 9.0357e+01 -1.3594e+01 1.6330e+02 8.6448e+01 1.6064e+03
3.3346e-02 4.1363e+01 2.6028e+01 1.4091e+02 4.8233e+01 1.8184e+02 1.2220e+02 1.3171e+02 9.5483e+01 -1.2458e+01 1.6975e+02 8.9508e+01 1.6046e+03
3.4124e-02 4.2809e+01 2.7350e+01 1.4878e+02 5.0080e+01 1.8637e+02 1.2283e+02 1.3479e+02 1.0081e+02 -1.1261e+01 1.7639e+02 9.2629e+01 1.6026e+03
3.4921e-02 4.4282e+01 2.8699e+01 1.5695e+02 5.1957e+01 1.9094e+02 1.2339e+02 1.3790e+02 1.0634e+02 -1.0003e+01 1.8323e+02 9.5810e+01 1.6005e+03
3.5736e-02 4.5781e+01 3.0075e+01 1.6543e+02 5.3865e+01 1.9555e+02 1.2388e+02 1.4103e+02 1.1207e+02 -8.6843e+00 1.9026e+02 9.9050e+01 1.5984e+03
3.6570e-02 4.7307e+01 3.1477e+01 1.7422e+02 5.5803e+01 2.0020e+02 1.2429e+02 1.4419e+02 1.1800e+02 -7.3051e+00 1.9749e+02 1.0235e+02 1.5961e+03
3.7424e-02 4.8860e+01 3.2904e+01 1.8331e+02 5.7771e+01 2.0489e+02 1.2462e+02 1.4737e+02 1.2415e+02 -5.8648e+00 2.0492e+02 1.0570e+02 1.5937e+03
3.8297e-02 5.0442e+01 3.4356e+01 1.9272e+02 5.9769e+01 2.0961e+02 1.2485e+02 1.5057e+02 1.3050e+02 -4.3625e+00 2.1255e+02 1.0912e+02 1.5912e+03
3.9191e-02 5.2052e+01 3.5832e+01 2.0244e+02 6.1796e+01 2.1437e+02 1.2499e+02 1.5379e+02 1.3706e+02 -2.7967e+00 2.2038e+02 1.1259e+02 1.5886e+03
4.0106e-02 5.3691e+01 3.7333e+01 2.1246e+02 6.3853e+01 2.1916e+02 1.2502e+02 1.5703e+02 1.4384e+02 -1.1652e+00 2.2841e+02 1.1611e+02 1.5859e+03
4.1042e-02 5.5359e+01 3.8860e+01 2.2280e+02 6.5942e+01 2.2397e+02 1.2494e+02 1.6028e+02 1.5084e+02 5.3494e-01 2.3665e+02 1.1970e+02 1.5830e+03
4.2000e-02 5.7059e+01 4.0415e+01 2.3345e+02 6.8063e+01 2.2882e+02 1.2473e+02 1.6356e+02 1.5806e+02 2.3075e+00 2.4509e+02 1.2334e+02 1.5801e+03
4.2980e-02 5.8790e+01 4.1998e+01 2.4441e+02 7.0219e+01 2.3369e+02 1.2438e+02 1.6684e+02 1.6550e+02 4.1572e+00 2.5374e+02 1.2705e+02 1.5770e+03
4.3983e-02 6.0553e+01 4.3613e+01 2.5569e+02 7.2410e+01 2.3858e+02 1.2390e+02 1.7014e+02 1.7318e+02 6.0900e+00 2.6260e+02 1.3081e+02 1.5737e+03
4.5010e-02 6.2348e+01 4.5264e+01 2.6729e+02 7.4640e+01 2.4349e+02 1.2325e+02 1.7345e+02 1.8109e+02 8.1129e+00 2.7168e+02 1.3464e+02 1.5703e+03
4.6060e-02 6.4175e+01 4.6954e+01 2.7920e+02 7.6912e+01 2.4841e+02 1.2244e+02 1.7676e+02 1.8925e+02 1.0234e+01 2.8097e+02 1.3854e+02 1.5668e+03
4.7135e-02 6.6034e+01 4.8689e+01 2.9145e+02 7.9229e+01 2.5335e+02 1.2147e+02 1.8008e+02 1.9766e+02 1.2463e+01 2.9047e+02 1.4250e+02 1.5632e+03
4.8235e-02 6.7924e+01 5.0473e+01 3.0402e+02 8.1595e+01 2.5829e+02 1.2030e+02 1.8340e+02 2.0634e+02 1.4811e+01 3.0020e+02 1.4654e+02 1.5594e+03
4.9361e-02 6.9844e+01 5.2313e+01 3.1694e+02 8.4014e+01 2.6324e+02 1.1896e+02 1.8671e+02 2.1530e+02 1.7288e+01 3.1015e+02 1.5066e+02 1.5554e+03
5.0513e-02 7.1792e+01 5.4216e+01 3.3022e+02 8.6489e+01 2.6818e+02 1.1742e+02 1.9001e+02 2.2454e+02 1.9907e+01 3.2032e+02 1.5486e+02 1.5513e+03
5.1692e-02 7.3766e+01 5.6188e+01 3.4386e+02 8.9025e+01 2.7312e+02 1.1568e+02 1.9330e+02 2.3408e+02 2.2681e+01 3.3073e+02 1.5914e+02 1.5471e+03
5.2899e-02 7.5767e+01 5.8236e+01 3.5788e+02 9.1626e+01 2.7804e+02 1.1374e+02 1.9656e+02 2.4394e+02 2.5623e+01 3.4138e+02 1.6351e+02 1.5426e+03
5.4134e-02 7.7790e+01 6.0368e+01 3.7229e+02 9.4295e+01 2.8294e+02 1.1160e+02 1.9980e+02 2.5413e+02 2.8747e+01 3.5227e+02 1.6797e+02 1.5381e+03
5.5397e-02 7.9833e+01 6.2590e+01 3.8713e+02 9.7035e+01 2.8781e+02 1.0927e+02 2.0301e+02 2.6467e+02 3.2064e+01 3.6340e+02 1.7253e+02 1.5333e+03
5.6690e-02 8.1892e+01 6.4907e+01 4.0239e+02 9.9849e+01 2.9265e+02 1.0675e+02 2.0617e+02 2.7556e+02 3.5588e+01 3.7477e+02 1.7718e+02 1.5284e+03
5.8013e-02 8.3964e+01 6.7327e+01 4.1810e+02 1.0274e+02 2.9743e+02 1.0405e+02 2.0928e+02 2.8683e+02 3.9328e+01 3.8640e+02 1.8194e+02 1.5233e+03
5.9367e-02 8.6043e+01 6.9852e+01 4.3429e+02 1.0570e+02 3.0216e+02 1.0118e+02 2.1234e+02 2.9848e+02 4.3293e+01 3.9827e+02 1.8679e+02 1.5181e+03
6.0753e-02 8.8127e+01 7.2485e+01 4.5096e+02 1.0873e+02 3.0683e+02 9.8150e+01 2.1533e+02 3.1052e+02 4.7489e+01 4.1040e+02 1.9173e+02 1.5126e+03
6.2171e-02 9.0208e+01 7.5227e+01 4.6814e+02 1.1184e+02 3.1143e+02 9.4984e+01 2.1825e+02 3.2296e+02 5.1919e+01 4.2277e+02 1.9676e+02 1.5070e+03
6.3622e-02 9.2281e+01 7.8078e+01 4.8583e+02 1.1501e+02 3.1594e+02 9.1701e+01 2.2108e+02 3.3581e+02 5.6580e+01 4.3538e+02 2.0188e+02 1.5012e+03
6.5107e-02 9.4338e+01 8.1032e+01 5.0405e+02 1.1824e+02 3.2035e+02 8.8320e+01 2.2382e+02 3.4905e+02 6.1467e+01 4.4823e+02 2.0707e+02 1.4952e+03
6.6627e-02 9.6372e+01 8.4084e+01 5.2280e+02 1.2152e+02 3.2466e+02 8.4868e+01 2.2646e+02 3.6269e+02 6.6569e+01 4.6131e+02 2.1232e+02 1.4890e+03
6.8182e-02 9.8377e+01 8.7223e+01 5.4207e+02 1.2483e+02 3.2885e+02 8.1368e+01 2.2900e+02 3.7671e+02 7.1871e+01 4.7460e+02 2.1762e+02 1.4826e+03
6.9773e-02 1.0034e+02 9.0439e+01 5.6186e+02 1.2817e+02 3.3292e+02 7.7845e+01 2.3142e+02 3.9109e+02 7.7351e+01 4.8809e+02 2.2295e+02 1.4760e+03
7.1402e-02 1.0227e+02 9.3714e+01 5.8213e+02 1.3152e+02 3.3686e+02 7.4325e+01 2.3373e+02 4.0580e+02 8.2982e+01 5.0175e+02 2.2828e+02 1.4691e+03
7.3068e-02 1.0414e+02 9.7032e+01 6.0288e+02 1.3485e+02 3.4065e+02 7.0831e+01 2.3591e+02 4.2080e+02 8.8732e+01 5.1558e+02 2.3360e+02 1.4621e+03
7.4773e-02 1.0596e+02 1.0037e+02 6.2407e+02 1.3816e+02 3.4429e+02 6.7385e+01 2.3796e+02 4.3608e+02 9.4564e+01 5.2955e+02 2.3889e+02 1.4549e+03
7.6519e-02 1.0771e+02 1.0371e+02 6.4565e+02 1.4141e+02 3.4778e+02 6.4006e+01 2.3988e+02 4.5159e+02 1.0044e+02 5.4364e+02 2.4410e+02 1.4475e+03
7.8305e-02 1.0940e+02 1.0701e+02 6.6757e+02 1.4458e+02 3.5110e+02 6.0705e+01 2.4168e+02 4.6729e+02 1.0630e+02 5.5782e+02 2.4922e+02 1.4398e+03
8.0132e-02 1.1102e+02 1.1026e+02 6.8975e+02 1.4765e+02 3.5425e+02 5.7492e+01 2.4335e+02 4.8310e+02 1.1212e+02 5.7206e+02 2.5422e+02 1.4320e+03
8.2003e-02 1.1257e+02 1.1342e+02 7.1210e+02 1.5060e+02 3.5724e+02 5.4368e+01 2.4490e+02 4.9898e+02 1.1784e+02 5.8632e+02 2.5906e+02 1.4239e+03
8.3917e-02 1.1405e+02 1.1648e+02 7.3454e+02 1.5341e+02 3.6006e+02 5.1329e+01 2.4632e+02 5.1487e+02 1.2342e+02 6.0056e+02 2.6373e+02 1.4156e+03
8.5875e-02 1.1546e+02 1.1941e+02 7.5697e+02 1.5606e+02 3.6271e+02 4.8364e+01 2.4764e+02 5.3071e+02 1.2883e+02 6.1476e+02 2.6821e+02 1.4072e+03
8.7880e-02 1.1681e+02 1.2219e+02 7.7932e+02 1.5854e+02 3.6519e+02 4.5454e+01 2.4885e+02 5.4646e+02 1.3404e+02 6.2889e+02 2.7248e+02 1.3985e+03
8.9931e-02 1.1811e+02 1.2482e+02 8.0148e+02 1.6085e+02 3.6751e+02 4.2580e+01 2.4996e+02 5.6208e+02 1.3904e+02 6.4292e+02 2.7653e+02 1.3896e+03
9.2030e-02 1.1935e+02 1.2728e+02 8.2340e+02 1.6298e+02 3.6967e+02 3.9714e+01 2.5098e+02 5.7756e+02 1.4380e+02 6.5685e+02 2.8037e+02 1.3805e+03
9.4178e-02 1.2056e+02 1.2958e+02 8.4501e+02 1.6494e+02 3.7167e+02 3.6827e+01 2.5192e+02 5.9287e+02 1.4836e+02 6.7067e+02 2.8400e+02 1.3712e+03
9.6376e-02 1.2172e+02 1.3172e+02 8.6627e+02 1.6675e+02 3.7353e+02 3.3892e+01 2.5278e+02 6.0803e+02 1.5271e+02 6.8438e+02 2.8744e+02 1.3618e+03
9.8625e-02 1.2286e+02 1.3374e+02 8.8717e+02 1.6842e+02 3.7523e+02 3.0879e+01 2.5358e+02 6.2305e+02 1.5690e+02 6.9798e+02 2.9071e+02 1.3521e+03
1.0093e-01 1.2397e+02 1.3564e+02 9.0773e+02 1.6998e+02 3.7679e+02 2.7766e+01 2.5430e+02 6.3798e+02 1.6098e+02 7.1150e+02 2.9385e+02 1.3423e+03
1.0328e-01 1.2506e+02 1.3745e+02 9.2797e+02 1.7146e+02 3.7820e+02 2.4535e+01 2.5496e+02 6.5286e+02 1.6499e+02 7.2496e+02 2.9689e+02 1.3322e+03
1.0569e-01 1.2613e+02 1.3922e+02 9.4796e+02 1.7289e+02 3.7947e+02 2.1176e+01 2.5555e+02 6.6776e+02 1.6901e+02 7.3840e+02 2.9987e+02 1.3220e+03
1.0816e-01 1.2717e+02 1.4098e+02 9.6779e+02 1.7430e+02 3.8060e+02 1.7691e+01 2.5607e+02 6.8274e+02 1.7308e+02 7.5186e+02 3.0283e+02 1.3117e+03
1.1068e-01 1.2818e+02 1.4277e+02 9.8755e+02 1.7573e+02 3.8159e+02 1.4088e+01 2.5652e+02 6.9787e+02 1.7728e+02 7.6535e+02 3.0580e+02 1.3011e+03
1.1327e-01 1.2916e+02 1.4460e+02 1.0074e+03 1.7720e+02 3.8243e+02 1.0391e+01 2.5687e+02 7.1321e+02 1.8164e+02 7.7892e+02 3.0881e+02 1.2904e+03
1.1591e-01 1.3009e+02 1.4651e+02 1.0273e+03 1.7873e+02 3.8311e+02 6.6303e+00 2.5711e+02 7.2880e+02 1.8621e+02 7.9259e+02 3.1188e+02 1.2795e+03
1.1862e-01 1.3096e+02 1.4851e+02 1.0475e+03 1.8032e+02 3.8362e+02 2.8463e+00 2.5725e+02 7.4467e+02 1.9099e+02 8.0636e+02 3.1501e+02 1.2684e+03
1.2139e-01 1.3176e+02 1.5059e+02 1.0679e+03 1.8198e+02 3.8396e+02 -9.1532e-01 2.5726e+02 7.6081e+02 1.9597e+02 8.2023e+02 3.1818e+02 1.2571e+03
1.2422e-01 1.3249e+02 1.5276e+02 1.0887e+03 1.8368e+02 3.8413e+02 -4.6066e+00 2.5714e+02 7.7720e+02 2.0112e+02 8.3418e+02 3.2137e+02 1.2457e+03
1.2712e-01 1.3312e+02 1.5497e+02 1.1097e+03 1.8539e+02 3.8413e+02 -8.1815e+00 2.5687e+02 7.9376e+02 2.0638e+02 8.4816e+02 3.2454e+02 1.2341e+03
1.3009e-01 1.3366e+02 1.5720e+02 1.1310e+03 1.8708e+02 3.8394e+02 -1.1600e+01 2.5646e+02 8.1041e+02 2.1166e+02 8.6210e+02 3.2761e+02 1.2223e+03
1.3312e-01 1.3410e+02 1.5938e+02 1.1524e+03 1.8869e+02 3.8356e+02 -1.4832e+01 2.5590e+02 8.2702e+02 2.1687e+02 8.7594e+02 3.3053e+02 1.2103e+03
1.3623e-01 1.3444e+02 1.6147e+02 1.1737e+03 1.9017e+02 3.8299e+02 -1.7861e+01 2.5518e+02 8.4345e+02 2.2190e+02 8.8958e+02 3.3323e+02 1.1982e+03
1.3941e-01 1.3468e+02 1.6340e+02 1.1948e+03 1.9147e+02 3.8225e+02 -2.0685e+01 2.5433e+02 8.5956e+02 2.2665e+02 9.0292e+02 3.3563e+02 1.1859e+03
1.4266e-01 1.3483e+02 1.6514e+02 1.2154e+03 1.9256e+02 3.8133e+02 -2.3318e+01 2.5336e+02 8.7525e+02 2.3104e+02 9.1591e+02 3.3769e+02 1.1735e+03
1.4599e-01 1.3490e+02 1.6665e+02 1.2354e+03 1.9340e+02 3.8027e+02 -2.5787e+01 2.5228e+02 8.9041e+02 2.3502e+02 9.2848e+02 3.3937e+02 1.1609e+03
1.4940e-01 1.3488e+02 1.6791e+02 1.2546e+03 1.9398e+02 3.7905e+02 -2.8131e+01 2.5110e+02 9.0499e+02 2.3854e+02 9.4059e+02 3.4066e+02 1.1482e+03
1.5289e-01 1.3480e+02 1.6892e+02 1.2730e+03 1.9430e+02 3.7769e+02 -3.0395e+01 2.4985e+02 9.1899e+02 2.4164e+02 9.5224e+02 3.4158e+02 1.1353e+03
1.5645e-01 1.3467e+02 1.6970e+02 1.2903e+03 1.9442e+02 3.7620e+02 -3.2624e+01 2.4853e+02 9.3244e+02 2.4436e+02 9.6346e+02 3.4218e+02 1.1223e+03
1.6011e-01 1.3450e+02 1.7031e+02 1.3068e+03 1.9436e+02 3.7459e+02 -3.4856e+01 2.4715e+02 9.4543e+02 2.4679e+02 9.7431e+02 3.4253e+02 1.1093e+03
1.6384e-01 1.3427e+02 1.7080e+02 1.3226e+03 1.9419e+02 3.7285e+02 -3.7117e+01 2.4572e+02 9.5809e+02 2.4903e+02 9.8489e+02 3.4270e+02 1.0961e+03
1.6767e-01 1.3401e+02 1.7125e+02 1.3377e+03 1.9400e+02 3.7102e+02 -3.9418e+01 2.4426e+02 9.7060e+02 2.5120e+02 9.9531e+02 3.4280e+02 1.0829e+03
1.7158e-01 1.3371e+02 1.7171e+02 1.3525e+03 1.9383e+02 3.6906e+02 -4.1749e+01 2.4274e+02 9.8306e+02 2.5339e+02 1.0057e+03 3.4289e+02 1.0696e+03
1.7559e-01 1.3337e+02 1.7222e+02 1.3670e+03 1.9371e+02 3.6698e+02 -4.4086e+01 2.4114e+02 9.9559e+02 2.5568e+02 1.0160e+03 3.4302e+02 1.0562e+03
1.7968e-01 1.3299e+02 1.7280e+02 1.3815e+03 1.9366e+02 3.6475e+02 -4.6390e+01 2.3947e+02 1.0082e+03 2.5808e+02 1.0264e+03 3.4322e+02 1.0427e+03
1.8388e-01 1.3253e+02 1.7346e+02 1.3959e+03 1.9367e+02 3.6239e+02 -4.8615e+01 2.3770e+02 1.0209e+03 2.6059e+02 1.0367e+03 3.4346e+02 1.0291e+03
1.8817e-01 1.3200e+02 1.7414e+02 1.4103e+03 1.9371e+02 3.5987e+02 -5.0716e+01 2.3582e+02 1.0336e+03 2.6313e+02 1.0470e+03 3.4368e+02 1.0155e+03
1.9256e-01 1.3138e+02 1.7480e+02 1.4247e+03 1.9371e+02 3.5722e+02 -5.2656e+01 2.3384e+02 1.0461e+03 2.6560e+02 1.0572e+03 3.4380e+02 1.0018e+03
1.9706e-01 1.3069e+02 1.7536e+02 1.4387e+03 1.9360e+02 3.5444e+02 -5.4417e+01 2.3176e+02 1.0583e+03 2.6788e+02 1.0670e+03 3.4372e+02 9.8797e+02
2.0166e-01 1.2992e+02 1.7574e+02 1.4522e+03 1.9330e+02 3.5152e+02 -5.5998e+01 2.2959e+02 1.0701e+03 2.6985e+02 1.0764e+03 3.4336e+02 9.7412e+02
2.0636e-01 1.2907e+02 1.7589e+02 1.4650e+03 1.9276e+02 3.4847e+02 -5.7417e+01 2.2733e+02 1.0811e+03 2.7145e+02 1.0853e+03 3.4265e+02 9.6024e+02
2.1118e-01 1.2816e+02 1.7579e+02 1.4769e+03 1.9198e+02 3.4530e+02 -5.8708e+01 2.2500e+02 1.0915e+03 2.7264e+02 1.0936e+03 3.4159e+02 9.4632e+02
2.1611e-01 1.2719e+02 1.7546e+02 1.4879e+03 1.9098e+02 3.4205e+02 -5.9912e+01 2.2263e+02 1.1012e+03 2.7345e+02 1.1014e+03 3.4019e+02 9.3239e+02
2.2115e-01 1.2616e+02 1.7495e+02 1.4980e+03 1.8981e+02 3.3872e+02 -6.1066e+01 2.2023e+02 1.1104e+03 2.7395e+02 1.1086e+03 3.3854e+02 9.1844e+02
2.2631e-01 1.2509e+02 1.7434e+02 1.5073e+03 1.8856e+02 3.3535e+02 -6.2197e+01 2.1782e+02 1.1192e+03 2.7426e+02 1.1156e+03 3.3673e+02 9.0450e+02
2.3160e-01 1.2396e+02 1.7370e+02 1.5161e+03 1.8730e+02 3.3191e+02 -6.3314e+01 2.1539e+02 1.1277e+03 2.7447e+02 1.1224e+03 3.3485e+02 8.9055e+02
2.3700e-01 1.2283e+02 1.7310e+02 1.5244e+03 1.8609e+02 3.2841e+02 -6.4408e+01 2.1293e+02 1.1361e+03 2.7467e+02 1.1290e+03 3.3299e+02 8.7661e+02
2.4253e-01 1.2170e+02 1.7256e+02 1.5325e+03 1.8495e+02 3.2484e+02 -6.5455e+01 2.1043e+02 1.1445e+03 2.7490e+02 1.1357e+03 3.3116e+02 8.6268e+02
2.4819e-01 1.2053e+02 1.7207e+02 1.5403e+03 1.8387e+02 3.2120e+02 -6.6423e+01 2.0788e+02 1.1528e+03 2.7513e+02 1.1422e+03 3.2936e+02 8.4875e+02
2.5399e-01 1.1933e+02 1.7159e+02 1.5478e+03 1.8280e+02 3.1748e+02 -6.7284e+01 2.0528e+02 1.1609e+03 2.7529e+02 1.1486e+03 3.2750e+02 8.3484e+02
2.5991e-01 1.1807e+02 1.7106e+02 1.5548e+03 1.8168e+02 3.1372e+02 -6.8021e+01 2.0265e+02 1.1687e+03 2.7529e+02 1.1547e+03 3.2551e+02 8.2095e+02
2.6598e-01 1.1678e+02 1.7039e+02 1.5612e+03 1.8042e+02 3.0989e+02 -6.8635e+01 1.9997e+02 1.1759e+03 2.7505e+02 1.1603e+03 3.2330e+02 8.0709e+02
2.7219e-01 1.1545e+02 1.6953e+02 1.5669e+03 1.7899e+02 3.0599e+02 -6.9141e+01 1.9724e+02 1.1825e+03 2.7452e+02 1.1654e+03 3.2084e+02 7.9328e+02
2.7854e-01 1.1408e+02 1.6850e+02 1.5718e+03 1.7739e+02 3.0203e+02 -6.9567e+01 1.9449e+02 1.1885e+03 2.7372e+02 1.1700e+03 3.1814e+02 7.7952e+02
2.8504e-01 1.1270e+02 1.6733e+02 1.5761e+03 1.7566e+02 2.9803e+02 -6.9938e+01 1.9172e+02 1.1941e+03 2.7269e+02 1.1742e+03 3.1526e+02 7.6582e+02
2.9170e-01 1.1129e+02 1.6608e+02 1.5797e+03 1.7388e+02 2.9398e+02 -7.0269e+01 1.8895e+02 1.1992e+03 2.7152e+02 1.1781e+03 3.1228e+02 7.5219e+02
2.9850e-01 1.0987e+02 1.6483e+02 1.5828e+03 1.7211e+02 2.8993e+02 -7.0566e+01 1.8617e+02 1.2042e+03 2.7028e+02 1.1819e+03 3.0927e+02 7.3862e+02
3.0547e-01 1.0843e+02 1.6361e+02 1.5856e+03 1.7038e+02 2.8585e+02 -7.0818e+01 1.8340e+02 1.2091e+03 2.6901e+02 1.1855e+03 3.0628e+02 7.2512e+02
3.1260e-01 1.0696e+02 1.6242e+02 1.5880e+03 1.6869e+02 2.8173e+02 -7.1007e+01 1.8061e+02 1.2137e+03 2.6769e+02 1.1890e+03 3.0328e+02 7.1168e+02
3.1990e-01 1.0548e+02 1.6120e+02 1.5899e+03 1.6700e+02 2.7759e+02 -7.1118e+01 1.7779e+02 1.2181e+03 2.6628e+02 1.1923e+03 3.0023e+02 6.9833e+02
3.2736e-01 1.0398e+02 1.5992e+02 1.5913e+03 1.6524e+02 2.7343e+02 -7.1147e+01 1.7497e+02 1.2220e+03 2.6472e+02 1.1952e+03 2.9707e+02 6.8506e+02
3.3500e-01 1.0248e+02 1.5854e+02 1.5922e+03 1.6339e+02 2.6924e+02 -7.1101e+01 1.7213e+02 1.2255e+03 2.6298e+02 1.1977e+03 2.9376e+02 6.7188e+02
3.4282e-01 1.0096e+02 1.5706e+02 1.5924e+03 1.6146e+02 2.6505e+02 -7.0993e+01 1.6929e+02 1.2285e+03 2.6107e+02 1.1998e+03 2.9030e+02 6.5881e+02
3.5082e-01 9.9432e+01 1.5551e+02 1.5921e+03 1.5946e+02 2.6087e+02 -7.0838e+01 1.6647e+02 1.2312e+03 2.5900e+02 1.2016e+03 2.8674e+02 6.4584e+02
3.5901e-01 9.7902e+01 1.5392e+02 1.5913e+03 1.5745e+02 2.5668e+02 -7.0643e+01 1.6366e+02 1.2335e+03 2.5685e+02 1.2031e+03 2.8313e+02 6.3298e+02
3.6739e-01 9.6375e+01 1.5233e+02 1.5902e+03 1.5545e+02 2.5249e+02 -7.0410e+01 1.6085e+02 1.2357e+03 2.5463e+02 1.2045e+03 2.7951e+02 6.2022e+02
3.7597e-01 9.4841e+01 1.5074e+02 1.5886e+03 1.5347e+02 2.4829e+02 -7.0131e+01 1.5804e+02 1.2376e+03 2.5237e+02 1.2058e+03 2.7589e+02 6.0757e+02
3.8474e-01 9.3304e+01 1.4914e+02 1.5867e+03 1.5148e+02 2.4409e+02 -6.9799e+01 1.5524e+02 1.2392e+03 2.5003e+02 1.2068e+03 2.7223e+02 5.9505e+02
3.9372e-01 9.1767e+01 1.4748e+02 1.5843e+03 1.4945e+02 2.3989e+02 -6.9412e+01 1.5243e+02 1.2405e+03 2.4759e+02 1.2075e+03 2.6851e+02 5.8264e+02
4.0291e-01 9.0238e+01 1.4577e+02 1.5814e+03 1.4738e+02 2.3571e+02 -6.8975e+01 1.4965e+02 1.2414e+03 2.4504e+02 1.2078e+03 2.6471e+02 5.7036e+02
4.1232e-01 8.8720e+01 1.4401e+02 1.5781e+03 1.4527e+02 2.3154e+02 -6.8496e+01 1.4689e+02 1.2420e+03 2.4238e+02 1.2079e+03 2.6084e+02 5.5821e+02
4.2194e-01 8.7209e+01 1.4222e+02 1.5744e+03 1.4315e+02 2.2739e+02 -6.7985e+01 1.4414e+02 1.2423e+03 2.3964e+02 1.2078e+03 2.5694e+02 5.4620e+02
4.3179e-01 8.5696e+01 1.4043e+02 1.5704e+03 1.4103e+02 2.2325e+02 -6.7442e+01 1.4141e+02 1.2424e+03 2.3686e+02 1.2074e+03 2.5303e+02 5.3432e+02
4.4187e-01 8.4187e+01 1.3863e+02 1.5661e+03 1.3893e+02 2.1914e+02 -6.6865e+01 1.3869e+02 1.2422e+03 2.3403e+02 1.2069e+03 2.4912e+02 5.2257e+02
4.5218e-01 8.2673e+01 1.3682e+02 1.5614e+03 1.3682e+02 2.1504e+02 -6.6250e+01 1.3599e+02 1.2418e+03 2.3114e+02 1.2062e+03 2.4519e+02 5.1097e+02
4.6273e-01 8.1157e+01 1.3498e+02 1.5564e+03 1.3469e+02 2.1097e+02 -6.5599e+01 1.3331e+02 1.2411e+03 2.2820e+02 1.2052e+03 2.4123e+02 4.9951e+02
4.7353e-01 7.9630e+01 1.3310e+02 1.5510e+03 1.3254e+02 2.0692e+02 -6.4917e+01 1.3065e+02 1.2401e+03 2.2519e+02 1.2040e+03 2.3724e+02 4.8820e+02
4.8459e-01 7.8112e+01 1.3121e+02 1.5454e+03 1.3039e+02 2.0290e+02 -6.4210e+01 1.2802e+02 1.2388e+03 2.2212e+02 1.2025e+03 2.3323e+02 4.7704e+02
4.9590e-01 7.6596e+01 1.2931e+02 1.5394e+03 1.2824e+02 1.9891e+02 -6.3480e+01 1.2541e+02 1.2373e+03 2.1902e+02 1.2009e+03 2.2923e+02 4.6603e+02
5.0747e-01 7.5090e+01 1.2741e+02 1.5333e+03 1.2610e+02 1.9495e+02 -6.2727e+01 1.2282e+02 1.2357e+03 2.1589e+02 1.1991e+03 2.2524e+02 4.5518e+02
5.1931e-01 7.3594e+01 1.2550e+02 1.5268e+03 1.2397e+02 1.9103e+02 -6.1952e+01 1.2026e+02 1.2337e+03 2.1273e+02 1.1971e+03 2.2125e+02 4.4448e+02
5.3144e-01 7.2103e+01 1.2358e+02 1.5202e+03 1.2183e+02 1.8713e+02 -6.1155e+01 1.1773e+02 1.2316e+03 2.0954e+02 1.1949e+03 2.1726e+02 4.3394e+02
5.4384e-01 7.0615e+01 1.2163e+02 1.5132e+03 1.1969e+02 1.8327e+02 -6.0339e+01 1.1522e+02 1.2292e+03 2.0632e+02 1.1925e+03 2.1327e+02 4.2356e+02
5.5653e-01 6.9134e+01 1.1969e+02 1.5061e+03 1.1756e+02 1.7944e+02 -5.9510e+01 1.1274e+02 1.2266e+03 2.0308e+02 1.1899e+03 2.0929e+02 4.1334e+02
5.6952e-01 6.7667e+01 1.1775e+02 1.4987e+03 1.1543e+02 1.7566e+02 -5.8667e+01 1.1028e+02 1.2238e+03 1.9982e+02 1.1872e+03 2.0534e+02 4.0328e+02
5.8282e-01 6.6228e+01 1.1581e+02 1.4912e+03 1.1332e+02 1.7191e+02 -5.7811e+01 1.0786e+02 1.2208e+03 1.9655e+02 1.1843e+03 2.0140e+02 3.9338e+02
5.9642e-01 6.4802e+01 1.1387e+02 1.4834e+03 1.1122e+02 1.6822e+02 -5.6946e+01 1.0547e+02 1.2176e+03 1.9328e+02 1.1812e+03 1.9748e+02 3.8365e+02
6.1034e-01 6.3392e+01 1.1193e+02 1.4754e+03 1.0913e+02 1.6456e+02 -5.6072e+01 1.0311e+02 1.2143e+03 1.8999e+02 1.1780e+03 1.9358e+02 3.7408e+02
6.2458e-01 6.2005e+01 1.0997e+02 1.4673e+03 1.0704e+02 1.6093e+02 -5.5191e+01 1.0077e+02 1.2107e+03 1.8670e+02 1.1746e+03 1.8971e+02 3.6468e+02
6.3916e-01 6.0638e+01 1.0803e+02 1.4590e+03 1.0496e+02 1.5734e+02 -5.4305e+01 9.8467e+01 1.2070e+03 1.8341e+02 1.1711e+03 1.8586e+02 3.5544e+02
6.5408e-01 5.9284e+01 1.0609e+02 1.4506e+03 1.0290e+02 1.5380e+02 -5.3415e+01 9.6196e+01 1.2031e+03 1.8012e+02 1.1674e+03 1.8205e+02 3.4637e+02
6.6935e-01 5.7952e+01 1.0416e+02 1.4420e+03 1.0086e+02 1.5031e+02 -5.2520e+01 9.3958e+01 1.1991e+03 1.7685e+02 1.1636e+03 1.7827e+02 3.3746e+02
6.8497e-01 5.6633e+01 1.0224e+02 1.4332e+03 9.8835e+01 1.4688e+02 -5.1623e+01 9.1753e+01 1.1949e+03 1.7358e+02 1.1596e+03 1.7452e+02 3.2871e+02
7.0096e-01 5.5334e+01 1.0034e+02 1.4243e+03 9.6833e+01 1.4349e+02 -5.0723e+01 8.9582e+01 1.1905e+03 1.7032e+02 1.1555e+03 1.7081e+02 3.2012e+02
7.1732e-01 5.4050e+01 9.8419e+01 1.4152e+03 9.4830e+01 1.4013e+02 -4.9820e+01 8.7435e+01 1.1859e+03 1.6707e+02 1.1513e+03 1.6713e+02 3.1170e+02
7.3406e-01 5.2789e+01 9.6509e+01 1.4059e+03 9.2843e+01 1.3681e+02 -4.8917e+01 8.5319e+01 1.1812e+03 1.6383e+02 1.1469e+03 1.6349e+02 3.0343e+02
7.5119e-01 5.1546e+01 9.4613e+01 1.3965e+03 9.0877e+01 1.3354e+02 -4.8011e+01 8.3238e+01 1.1763e+03 1.6061e+02 1.1423e+03 1.5988e+02 2.9533e+02
7.6873e-01 5.0316e+01 9.2733e+01 1.3870e+03 8.8934e+01 1.3033e+02 -4.7106e+01 8.1193e+01 1.1713e+03 1.5740e+02 1.1376e+03 1.5631e+02 2.8738e+02
7.8667e-01 4.9100e+01 9.0869e+01 1.3773e+03 8.7013e+01 1.2717e+02 -4.6199e+01 7.9183e+01 1.1661e+03 1.5420e+02 1.1328e+03 1.5278e+02 2.7959e+02
8.0503e-01 4.7903e+01 8.9021e+01 1.3675e+03 8.5116e+01 1.2406e+02 -4.5292e+01 7.7208e+01 1.1608e+03 1.5103e+02 1.1279e+03 1.4928e+02 2.7195e+02
8.2382e-01 4.6724e+01 8.7176e+01 1.3576e+03 8.3229e+01 1.2099e+02 -4.4385e+01 7.5261e+01 1.1553e+03 1.4787e+02 1.1228e+03 1.4583e+02 2.6447e+02
8.4305e-01 4.5565e+01 8.5329e+01 1.3476e+03 8.1349e+01 1.1796e+02 -4.3480e+01 7.3341e+01 1.1498e+03 1.4473e+02 1.1176e+03 1.4241e+02 2.5714e+02
8.6272e-01 4.4421e+01 8.3502e+01 1.3375e+03 7.9496e+01 1.1498e+02 -4.2577e+01 7.1457e+01 1.1441e+03 1.4162e+02 1.1123e+03 1.3904e+02 2.4997e+02
8.8286e-01 4.3294e+01 8.1696e+01 1.3274e+03 7.7668e+01 1.1205e+02 -4.1676e+01 6.9610e+01 1.1382e+03 1.3853e+02 1.1069e+03 1.3571e+02 2.4294e+02
9.0347e-01 4.2189e+01 7.9912e+01 1.3171e+03 7.5867e+01 1.0918e+02 -4.0779e+01 6.7798e+01 1.1323e+03 1.3547e+02 1.1014e+03 1.3242e+02 2.3606e+02
9.2455e-01 4.1098e+01 7.8150e+01 1.3069e+03 7.4093e+01 1.0637e+02 -3.9886e+01 6.6023e+01 1.1263e+03 1.3243e+02 1.0958e+03 1.2918e+02 2.2933e+02
9.4613e-01 4.0031e+01 7.6407e+01 1.2966e+03 7.2344e+01 1.0360e+02 -3.9000e+01 6.4281e+01 1.1202e+03 1.2943e+02 1.0902e+03 1.2599e+02 2.2275e+02
9.6822e-01 3.8980e+01 7.4656e+01 1.2862e+03 7.0595e+01 1.0086e+02 -3.8121e+01 6.2559e+01 1.1139e+03 1.2646e+02 1.0844e+03 1.2285e+02 2.1632e+02
9.9081e-01 3.7947e+01 7.2930e+01 1.2758e+03 6.8876e+01 9.8173e+01 -3.7251e+01 6.0873e+01 1.1076e+03 1.2353e+02 1.0786e+03 1.1975e+02 2.1004e+02
1.0139e+00 3.6931e+01 7.1230e+01 1.2654e+03 6.7187e+01 9.5543e+01 -3.6389e+01 5.9223e+01 1.1012e+03 1.2064e+02 1.0726e+03 1.1671e+02 2.0390e+02
1.0376e+00 3.5941e+01 6.9556e+01 1.2550e+03 6.5527e+01 9.2968e+01 -3.5539e+01 5.7608e+01 1.0948e+03 1.1778e+02 1.0666e+03 1.1372e+02 1.9790e+02
1.0618e+00 3.4968e+01 6.7909e+01 1.2446e+03 6.3897e+01 9.0449e+01 -3.4699e+01 5.6029e+01 1.0882e+03 1.1496e+02 1.0606e+03 1.1078e+02 1.9205e+02
1.0866e+00 3.4022e+01 6.6289e+01 1.2341e+03 6.2298e+01 8.7985e+01 -3.3872e+01 5.4485e+01 1.0816e+03 1.1219e+02 1.0544e+03 1.0790e+02 1.8633e+02
1.1120e+00 3.3099e+01 6.4668e+01 1.2237e+03 6.0705e+01 8.5546e+01 -3.3058e+01 5.2960e+01 1.0749e+03 1.0945e+02 1.0482e+03 1.0507e+02 1.8076e+02
1.1379e+00 3.2193e+01 6.3068e+01 1.2132e+03 5.9137e+01 8.3155e+01 -3.2256e+01 5.1468e+01 1.0682e+03 1.0676e+02 1.0419e+03 1.0229e+02 1.7532e+02
1.1645e+00 3.1311e+01 6.1497e+01 1.2027e+03 5.7599e+01 8.0818e+01 -3.1465e+01 5.0009e+01 1.0613e+03 1.0411e+02 1.0356e+03 9.9567e+01 1.7002e+02
1.1917e+00 3.0450e+01 5.9954e+01 1.1922e+03 5.6093e+01 7.8535e+01 -3.0685e+01 4.8585e+01 1.0544e+03 1.0150e+02 1.0292e+03 9.6893e+01 1.6485e+02
1.2195e+00 2.9602e+01 5.8439e+01 1.1817e+03 5.4616e+01 7.6305e+01 -2.9917e+01 4.7194e+01 1.0475e+03 9.8925e+01 1.0227e+03 9.4268e+01 1.5980e+02
1.2479e+00 2.8775e+01 5.6953e+01 1.1712e+03 5.3170e+01 7.4128e+01 -2.9160e+01 4.5837e+01 1.0405e+03 9.6395e+01 1.0162e+03 9.1694e+01 1.5488e+02
1.2771e+00 2.7964e+01 5.5479e+01 1.1606e+03 5.1740e+01 7.1986e+01 -2.8413e+01 4.4504e+01 1.0334e+03 9.3906e+01 1.0096e+03 8.9169e+01 1.5009e+02
1.3069e+00 2.7171e+01 5.4018e+01 1.1501e+03 5.0328e+01 6.9880e+01 -2.7676e+01 4.3196e+01 1.0263e+03 9.1458e+01 1.0029e+03 8.6693e+01 1.4541e+02
1.3374e+00 2.6395e+01 5.2587e+01 1.1396e+03 4.8946e+01 6.7826e+01 -2.6949e+01 4.1920e+01 1.0191e+03 8.9050e+01 9.9623e+02 8.4266e+01 1.4085e+02
1.3686e+00 2.5640e+01 5.1184e+01 1.1291e+03 4.7594e+01 6.5822e+01 -2.6232e+01 4.0676e+01 1.0119e+03 8.6684e+01 9.8948e+02 8.1887e+01 1.3642e+02
1.4005e+00 2.4900e+01 4.9810e+01 1.1186e+03 4.6272e+01 6.3868e+01 -2.5527e+01 3.9463e+01 1.0046e+03 8.4359e+01 9.8268e+02 7.9557e+01 1.3209e+02
1.4332e+00 2.4174e+01 4.8464e+01 1.1082e+03 4.4979e+01 6.1963e+01 -2.4834e+01 3.8281e+01 9.9727e+02 8.2077e+01 9.7583e+02 7.7276e+01 1.2788e+02
1.4667e+00 2.3467e+01 4.7143e+01 1.0977e+03 4.3712e+01 6.0103e+01 -2.4154e+01 3.7127e+01 9.8993e+02 7.9839e+01 9.6896e+02 7.5046e+01 1.2379e+02
1.5009e+00 2.2771e+01 4.5830e+01 1.0873e+03 4.2457e+01 5.8268e+01 -2.3487e+01 3.5992e+01 9.8255e+02 7.7646e+01 9.6204e+02 7.2867e+01 1.1980e+02
1.5359e+00 2.2093e+01 4.4546e+01 1.0770e+03 4.1231e+01 5.6482e+01 -2.2834e+01 3.4887e+01 9.7513e+02 7.5498e+01 9.5508e+02 7.0737e+01 1.1593e+02
1.5718e+00 2.1426e+01 4.3291e+01 1.0666e+03 4.0035e+01 5.4743e+01 -2.2195e+01 3.3811e+01 9.6767e+02 7.3393e+01 9.4808e+02 6.8656e+01 1.1216e+02
1.6085e+00 2.0782e+01 4.2065e+01 1.0563e+03 3.8867e+01 5.3051e+01 -2.1569e+01 3.2764e+01 9.6019e+02 7.1331e+01 9.4105e+02 6.6624e+01 1.0850e+02
1.6460e+00 2.0151e+01 4.0866e+01 1.0461e+03 3.7728e+01 5.1404e+01 -2.0958e+01 3.1745e+01 9.5269e+02 6.9313e+01 9.3399e+02 6.4639e+01 1.0494e+02
1.6844e+00 1.9537e+01 3.9696e+01 1.0358e+03 3.6617e+01 4.9802e+01 -2.0358e+01 3.0754e+01 9.4517e+02 6.7336e+01 9.2692e+02 6.2700e+01 1.0148e+02
1.7237e+00 1.8933e+01 3.8535e+01 1.0256e+03 3.5518e+01 4.8225e+01 -1.9772e+01 2.9781e+01 9.3764e+02 6.5402e+01 9.1982e+02 6.0808e+01 9.8122e+01
1.7640e+00 1.8341e+01 3.7400e+01 1.0155e+03 3.4445e+01 4.6689e+01 -1.9196e+01 2.8833e+01 9.3007e+02 6.3509e+01 9.1269e+02 5.8960e+01 9.4855e+01
1.8051e+00 1.7759e+01 3.6292e+01 1.0053e+03 3.3399e+01 4.5195e+01 -1.8632e+01 2.7911e+01 9.2248e+02 6.1655e+01 9.0553e+02 5.7155e+01 9.1680e+01
1.8473e+00 1.7184e+01 3.5212e+01 9.9526e+02 3.2380e+01 4.3744e+01 -1.8079e+01 2.7016e+01 9.1488e+02 5.9842e+01 8.9835e+02 5.5394e+01 8.8596e+01
1.8904e+00 1.6627e+01 3.4158e+01 9.8522e+02 3.1387e+01 4.2334e+01 -1.7537e+01 2.6146e+01 9.0726e+02 5.8068e+01 8.9114e+02 5.3675e+01 8.5602e+01
1.9345e+00 1.6105e+01 3.3130e+01 9.7524e+02 3.0420e+01 4.0964e+01 -1.7008e+01 2.5301e+01 8.9964e+02 5.6335e+01 8.8394e+02 5.1999e+01 8.2695e+01
1.9797e+00 1.5595e+01 3.2120e+01 9.6532e+02 2.9472e+01 3.9624e+01 -1.6492e+01 2.4475e+01 8.9203e+02 5.4643e+01 8.7672e+02 5.0366e+01 7.9875e+01
2.0259e+00 1.5101e+01 3.1129e+01 9.5544e+02 2.8543e+01 3.8316e+01 -1.5988e+01 2.3670e+01 8.8440e+02 5.2992e+01 8.6949e+02 4.8778e+01 7.7140e+01
2.0732e+00 1.4622e+01 3.0165e+01 9.4561e+02 2.7640e+01 3.7047e+01 -1.5498e+01 2.2888e+01 8.7676e+02 5.1381e+01 8.6225e+02 4.7230e+01 7.4487e+01
2.1216e+00 1.4151e+01 2.9226e+01 9.3585e+02 2.6761e+01 3.5815e+01 -1.5021e+01 2.2129e+01 8.6914e+02 4.9810e+01 8.5501e+02 4.5724e+01 7.1916e+01
2.1711e+00 1.3694e+01 2.8312e+01 9.2613e+02 2.5908e+01 3.4620e+01 -1.4555e+01 2.1393e+01 8.6151e+02 4.8278e+01 8.4776e+02 4.4259e+01 6.9422e+01
2.2217e+00 1.3248e+01 2.7423e+01 9.1645e+02 2.5078e+01 3.3461e+01 -1.4100e+01 2.0679e+01 8.5387e+02 4.6782e+01 8.4049e+02 4.2831e+01 6.7004e+01
2.2736e+00 1.2804e+01 2.6555e+01 9.0684e+02 2.4269e+01 3.2334e+01 -1.3655e+01 1.9985e+01 8.4624e+02 4.5322e+01 8.3322e+02 4.1441e+01 6.4659e+01
2.3267e+00 1.2376e+01 2.5702e+01 8.9727e+02 2.3474e+01 3.1231e+01 -1.3221e+01 1.9307e+01 8.3861e+02 4.3899e+01 8.2596e+02 4.0087e+01 6.2385e+01
2.3810e+00 1.1968e+01 2.4873e+01 8.8777e+02 2.2702e+01 3.0162e+01 -1.2797e+01 1.8649e+01 8.3099e+02 4.2511e+01 8.1868e+02 3.8771e+01 6.0182e+01
2.4365e+00 1.1571e+01 2.4066e+01 8.7832e+02 2.1953e+01 2.9126e+01 -1.2385e+01 1.8012e+01 8.2337e+02 4.1160e+01 8.1141e+02 3.7491e+01 5.8048e+01
2.4934e+00 1.1187e+01 2.3284e+01 8.6894e+02 2.1226e+01 2.8123e+01 -1.1984e+01 1.7395e+01 8.1577e+02 3.9845e+01 8.0415e+02 3.6248e+01 5.5983e+01
2.5516e+00 1.0816e+01 2.2523e+01 8.5961e+02 2.0521e+01 2.7151e+01 -1.1596e+01 1.6797e+01 8.0817e+02 3.8566e+01 7.9688e+02 3.5042e+01 5.3985e+01
2.6112e+00 1.0455e+01 2.1785e+01 8.5033e+02 1.9837e+01 2.6210e+01 -1.1217e+01 1.6218e+01 8.0058e+02 3.7321e+01 7.8961e+02 3.3869e+01 5.2049e+01
2.6721e+00 1.0102e+01 2.1059e+01 8.4111e+02 1.9165e+01 2.5289e+01 -1.0848e+01 1.5652e+01 7.9300e+02 3.6108e+01 7.8235e+02 3.2729e+01 5.0175e+01
2.7345e+00 9.7586e+00 2.0354e+01 8.3194e+02 1.8513e+01 2.4397e+01 -1.0489e+01 1.5103e+01 7.8543e+02 3.4927e+01 7.7510e+02 3.1621e+01 4.8360e+01
2.7983e+00 9.4291e+00 1.9670e+01 8.2284e+02 1.7881e+01 2.3534e+01 -1.0139e+01 1.4572e+01 7.7789e+02 3.3778e+01 7.6786e+02 3.0545e+01 4.6604e+01
2.8636e+00 9.1108e+00 1.9007e+01 8.1380e+02 1.7269e+01 2.2699e+01 -9.7989e+00 1.4059e+01 7.7034e+02 3.2662e+01 7.6061e+02 2.9501e+01 4.4906e+01
2.9304e+00 8.7997e+00 1.8364e+01 8.0482e+02 1.6675e+01 2.1892e+01 -9.4693e+00 1.3562e+01 7.6283e+02 3.1577e+01 7.5339e+02 2.8489e+01 4.3264e+01
2.9988e+00 8.4969e+00 1.7740e+01 7.9589e+02 1.6100e+01 2.1111e+01 -9.1493e+00 1.3081e+01 7.5533e+02 3.0523e+01 7.4617e+02 2.7506e+01 4.1676e+01
3.0688e+00 8.2026e+00 1.7131e+01 7.8703e+02 1.5540e+01 2.0351e+01 -8.8382e+00 1.2614e+01 7.4784e+02 2.9498e+01 7.3896e+02 2.6553e+01 4.0141e+01
3.1405e+00 7.9170e+00 1.6538e+01 7.7822e+02 1.4994e+01 1.9613e+01 -8.5358e+00 1.2160e+01 7.4038e+02 2.8502e+01 7.3177e+02 2.5628e+01 3.8656e+01
3.2138e+00 7.6391e+00 1.5964e+01 7.6948e+02 1.4466e+01 1.8900e+01 -8.2421e+00 1.1721e+01 7.3294e+02 2.7535e+01 7.2460e+02 2.4732e+01 3.7221e+01
3.2888e+00 7.3704e+00 1.5408e+01 7.6079e+02 1.3955e+01 1.8211e+01 -7.9571e+00 1.1298e+01 7.2552e+02 2.6597e+01 7.1744e+02 2.3863e+01 3.5835e+01
3.3655e+00 7.1090e+00 1.4870e+01 7.5216e+02 1.3461e+01 1.7545e+01 -7.6808e+00 1.0888e+01 7.1811e+02 2.5686e+01 7.1028e+02 2.3021e+01 3.4495e+01
3.4441e+00 6.8555e+00 1.4348e+01 7.4359e+02 1.2982e+01 1.6902e+01 -7.4128e+00 1.0492e+01 7.1073e+02 2.4802e+01 7.0314e+02 2.2205e+01 3.3201e+01
3.5245e+00 6.6099e+00 1.3842e+01 7.3508e+02 1.2518e+01 1.6280e+01 -7.1529e+00 1.0109e+01 7.0337e+02 2.3943e+01 6.9602e+02 2.1414e+01 3.1951e+01
3.6067e+00 6.3712e+00 1.3348e+01 7.2663e+02 1.2066e+01 1.5674e+01 -6.9008e+00 9.7363e+00 6.9604e+02 2.3111e+01 6.8893e+02 2.0648e+01 3.0744e+01
3.6909e+00 6.1417e+00 1.2871e+01 7.1824e+02 1.1629e+01 1.5090e+01 -6.6564e+00 9.3765e+00 6.8874e+02 2.2304e+01 6.8185e+02 1.9907e+01 2.9579e+01
3.7771e+00 5.9191e+00 1.2409e+01 7.0992e+02 1.1206e+01 1.4526e+01 -6.4196e+00 9.0292e+00 6.8146e+02 2.1521e+01 6.7480e+02 1.9189e+01 2.8454e+01
3.8652e+00 5.7031e+00 1.1963e+01 7.0166e+02 1.0798e+01 1.3982e+01 -6.1902e+00 8.6940e+00 6.7421e+02 2.0763e+01 6.6777e+02 1.8494e+01 2.7368e+01
3.9554e+00 5.4955e+00 1.1531e+01 6.9344e+02 1.0404e+01 1.3456e+01 -5.9680e+00 8.3705e+00 6.6698e+02 2.0028e+01 6.6075e+02 1.7822e+01 2.6320e+01
4.0478e+00 5.2949e+00 1.1113e+01 6.8528e+02 1.0022e+01 1.2950e+01 -5.7528e+00 8.0584e+00 6.5978e+02 1.9316e+01 6.5375e+02 1.7172e+01 2.5309e+01
4.1422e+00 5.0999e+00 1.0706e+01 6.7718e+02 9.6508e+00 1.2457e+01 -5.5444e+00 7.7546e+00 6.5260e+02 1.8626e+01 6.4677e+02 1.6542e+01 2.4334e+01
4.2389e+00 4.9121e+00 1.0313e+01 6.6915e+02 9.2920e+00 1.1982e+01 -5.3427e+00 7.4615e+00 6.4546e+02 1.7958e+01 6.3983e+02 1.5934e+01 2.3393e+01
4.3379e+00 4.7296e+00 9.9331e+00 6.6115e+02 8.9457e+00 1.1523e+01 -5.1475e+00 7.1789e+00 6.3833e+02 1.7312e+01 6.3288e+02 1.5345e+01 2.2486e+01
4.4391e+00 4.5525e+00 9.5659e+00 6.5322e+02 8.6111e+00 1.1081e+01 -4.9587e+00 6.9064e+00 6.3124e+02 1.6685e+01 6.2597e+02 1.4776e+01 2.1611e+01
4.5427e+00 4.3788e+00 9.2113e+00 6.4536e+02 8.2884e+00 1.0656e+01 -4.7760e+00 6.6438e+00 6.2418e+02 1.6079e+01 6.1910e+02 1.4226e+01 2.0768e+01
4.6487e+00 4.2096e+00 8.8691e+00 6.3755e+02 7.9771e+00 1.0245e+01 -4.5993e+00 6.3906e+00 6.1715e+02 1.5493e+01 6.1224e+02 1.3695e+01 1.9955e+01
4.7572e+00 4.0484e+00 8.5370e+00 6.2978e+02 7.6750e+00 9.8480e+00 -4.4284e+00 6.1452e+00 6.1014e+02 1.4925e+01 6.0540e+02 1.3182e+01 1.9171e+01
4.8683e+00 3.8969e+00 8.2154e+00 6.2207e+02 7.3827e+00 9.4639e+00 -4.2633e+00 5.9081e+00 6.0317e+02 1.4377e+01 5.9859e+02 1.2685e+01 1.8416e+01
4.9819e+00 3.7521e+00 7.9052e+00 6.1442e+02 7.1009e+00 9.0941e+00 -4.1036e+00 5.6796e+00 5.9622e+02 1.3846e+01 5.9179e+02 1.2206e+01 1.7688e+01
5.0982e+00 3.6121e+00 7.6058e+00 6.0682e+02 6.8291e+00 8.7379e+00 -3.9494e+00 5.4596e+00 5.8931e+02 1.3333e+01 5.8504e+02 1.1743e+01 1.6987e+01
5.2172e+00 3.4762e+00 7.3171e+00 5.9927e+02 6.5671e+00 8.3951e+00 -3.8003e+00 5.2477e+00 5.8242e+02 1.2837e+01 5.7830e+02 1.1297e+01 1.6312e+01
5.3389e+00 3.3441e+00 7.0386e+00 5.9178e+02 6.3146e+00 8.0650e+00 -3.6564e+00 5.0436e+00 5.7556e+02 1.2357e+01 5.7159e+02 1.0865e+01 1.5662e+01
5.4636e+00 3.2170e+00 6.7692e+00 5.8434e+02 6.0705e+00 7.7465e+00 -3.5173e+00 4.8466e+00 5.6874e+02 1.1894e+01 5.6490e+02 1.0449e+01 1.5036e+01
5.5911e+00 3.0942e+00 6.5084e+00 5.7696e+02 5.8342e+00 7.4383e+00 -3.3831e+00 4.6559e+00 5.6196e+02 1.1446e+01 5.5826e+02 1.0047e+01 1.4434e+01
5.7216e+00 2.9761e+00 6.2571e+00 5.6963e+02 5.6066e+00 7.1418e+00 -3.2535e+00 4.4724e+00 5.5520e+02 1.1014e+01 5.5163e+02 9.6598e+00 1.3853e+01
5.8551e+00 2.8616e+00 6.0149e+00 5.6235e+02 5.3874e+00 6.8566e+00 -3.1285e+00 4.2958e+00 5.4847e+02 1.0597e+01 5.4503e+02 9.2861e+00 1.3295e+01
5.9918e+00 2.7514e+00 5.7815e+00 5.5512e+02 5.1762e+00 6.5823e+00 -3.0078e+00 4.1258e+00 5.4178e+02 1.0193e+01 5.3846e+02 8.9255e+00 1.2758e+01
6.1316e+00 2.6470e+00 5.5566e+00 5.4793e+02 4.9729e+00 6.3184e+00 -2.8913e+00 3.9623e+00 5.3511e+02 9.8043e+00 5.3191e+02 8.5779e+00 1.2241e+01
6.2747e+00 2.5448e+00 5.3399e+00 5.4080e+02 4.7772e+00 6.0647e+00 -2.7790e+00 3.8051e+00 5.2847e+02 9.4287e+00 5.2539e+02 8.2427e+00 1.1743e+01
6.4212e+00 2.4450e+00 5.1298e+00 5.3372e+02 4.5874e+00 5.8189e+00 -2.6707e+00 3.6526e+00 5.2187e+02 9.0662e+00 5.1890e+02 7.9195e+00 1.1265e+01
6.5711e+00 2.3473e+00 4.9275e+00 5.2669e+02 4.4048e+00 5.5827e+00 -2.5662e+00 3.5060e+00 5.1530e+02 8.7165e+00 5.1244e+02 7.6080e+00 1.0804e+01
6.7244e+00 2.2530e+00 4.7329e+00 5.1971e+02 4.2291e+00 5.3556e+00 -2.4655e+00 3.3651e+00 5.0877e+02 8.3792e+00 5.0601e+02 7.3079e+00 1.0362e+01
6.8814e+00 2.1620e+00 4.5454e+00 5.1277e+02 4.0600e+00 5.1374e+00 -2.3684e+00 3.2296e+00 5.0226e+02 8.0537e+00 4.9960e+02 7.0187e+00 9.9363e+00
7.0420e+00 2.0757e+00 4.3650e+00 5.0588e+02 3.8974e+00 4.9278e+00 -2.2749e+00 3.0993e+00 4.9579e+02 7.7400e+00 4.9323e+02 6.7401e+00 9.5271e+00
7.2064e+00 1.9929e+00 4.1913e+00 4.9903e+02 3.7410e+00 4.7263e+00 -2.1847e+00 2.9741e+00 4.8934e+02 7.4374e+00 4.8688e+02 6.4717e+00 9.1338e+00
7.3745e+00 1.9146e+00 4.0236e+00 4.9224e+02 3.5899e+00 4.5319e+00 -2.0979e+00 2.8532e+00 4.8293e+02 7.1458e+00 4.8056e+02 6.2134e+00 8.7558e+00
7.5467e+00 1.8387e+00 3.8619e+00 4.8549e+02 3.4443e+00 4.3447e+00 -2.0142e+00 2.7367e+00 4.7655e+02 6.8647e+00 4.7427e+02 5.9645e+00 8.3926e+00
7.7228e+00 1.7648e+00 3.7063e+00 4.7878e+02 3.3043e+00 4.1650e+00 -1.9336e+00 2.6249e+00 4.7020e+02 6.5936e+00 4.6801e+02 5.7249e+00 8.0435e+00
7.9031e+00 1.6922e+00 3.5567e+00 4.7213e+02 3.1698e+00 3.9924e+00 -1.8560e+00 2.5174e+00 4.6389e+02 6.3326e+00 4.6178e+02 5.4942e+00 7.7081e+00
8.0875e+00 1.6222e+00 3.4129e+00 4.6552e+02 3.0406e+00 3.8268e+00 -1.7813e+00 2.4142e+00 4.5761e+02 6.0812e+00 4.5558e+02 5.2723e+00 7.3860e+00
8.2763e+00 1.5558e+00 3.2746e+00 4.5894e+02 2.9163e+00 3.6677e+00 -1.7094e+00 2.3151e+00 4.5136e+02 5.8389e+00 4.4940e+02 5.0587e+00 7.0765e+00
8.4695e+00 1.4930e+00 3.1414e+00 4.5242e+02 2.7967e+00 3.5147e+00 -1.6402e+00 2.2197e+00 4.4514e+02 5.6056e+00 4.4326e+02 4.8532e+00 6.7793e+00
8.6671e+00 1.4333e+00 3.0129e+00 4.4594e+02 2.6813e+00 3.3672e+00 -1.5736e+00 2.1276e+00 4.3896e+02 5.3810e+00 4.3715e+02 4.6555e+00 6.4940e+00
8.8694e+00 1.3759e+00 2.8894e+00 4.3951e+02 2.5705e+00 3.2257e+00 -1.5095e+00 2.0393e+00 4.3281e+02 5.1648e+00 4.3107e+02 4.4653e+00 6.2200e+00
9.0764e+00 1.3204e+00 2.7707e+00 4.3312e+02 2.4641e+00 3.0900e+00 -1.4478e+00 1.9545e+00 4.2669e+02 4.9566e+00 4.2502e+02 4.2824e+00 5.9569e+00
9.2883e+00 1.2661e+00 2.6567e+00 4.2677e+02 2.3619e+00 2.9598e+00 -1.3885e+00 1.8731e+00 4.2060e+02 4.7562e+00 4.1900e+02 4.1065e+00 5.7044e+00
9.5051e+00 1.2143e+00 2.5472e+00 4.2046e+02 2.2638e+00 2.8349e+00 -1.3315e+00 1.7950e+00 4.1455e+02 4.5634e+00 4.1301e+02 3.9374e+00 5.4620e+00
9.7269e+00 1.1641e+00 2.4420e+00 4.1420e+02 2.1695e+00 2.7150e+00 -1.2767e+00 1.7201e+00 4.0853e+02 4.3779e+00 4.0705e+02 3.7748e+00 5.2294e+00
9.9540e+00 1.1158e+00 2.3405e+00 4.0797e+02 2.0786e+00 2.5994e+00 -1.2239e+00 1.6477e+00 4.0254e+02 4.1995e+00 4.0111e+02 3.6186e+00 5.0063e+00
1.0186e+01 1.0695e+00 2.2430e+00 4.0180e+02 1.9913e+00 2.4886e+00 -1.1733e+00 1.5783e+00 3.9660e+02 4.0278e+00 3.9523e+02 3.4684e+00 4.7921e+00
1.0424e+01 1.0245e+00 2.1494e+00 3.9567e+02 1.9076e+00 2.3823e+00 -1.1245e+00 1.5117e+00 3.9067e+02 3.8628e+00 3.8936e+02 3.3241e+00 4.5867e+00
1.0667e+01 9.8095e-01 2.0596e+00 3.8955e+02 1.8274e+00 2.2804e+00 -1.0777e+00 1.4478e+00 3.8477e+02 3.7042e+00 3.8350e+02 3.1856e+00 4.3897e+00
1.0916e+01 9.3939e-01 1.9733e+00 3.8352e+02 1.7502e+00 2.1828e+00 -1.0327e+00 1.3866e+00 3.7893e+02 3.5514e+00 3.7772e+02 3.0523e+00 4.2007e+00
1.1171e+01 9.0012e-01 1.8904e+00 3.7749e+02 1.6761e+00 2.0893e+00 -9.8952e-01 1.3279e+00 3.7309e+02 3.4045e+00 3.7193e+02 2.9242e+00 4.0194e+00
1.1432e+01 8.6249e-01 1.8109e+00 3.7154e+02 1.6051e+00 1.9992e+00 -9.4801e-01 1.2713e+00 3.6733e+02 3.2637e+00 3.6621e+02 2.8015e+00 3.8457e+00
1.1699e+01 8.2708e-01 1.7342e+00 3.6561e+02 1.5367e+00 1.9128e+00 -9.0814e-01 1.2170e+00 3.6158e+02 3.1281e+00 3.6051e+02 2.6835e+00 3.6790e+00
1.1972e+01 7.9263e-01 1.6607e+00 3.5970e+02 1.4711e+00 1.8300e+00 -8.6984e-01 1.1649e+00 3.5584e+02 2.9978e+00 3.5481e+02 2.5701e+00 3.5193e+00
1.2251e+01 7.6033e-01 1.5904e+00 3.5386e+02 1.4083e+00 1.7507e+00 -8.3308e-01 1.1150e+00 3.5016e+02 2.8728e+00 3.4917e+02 2.4615e+00 3.3662e+00
1.2537e+01 7.2921e-01 1.5226e+00 3.4806e+02 1.3478e+00 1.6747e+00 -7.9778e-01 1.0672e+00 3.4452e+02 2.7523e+00 3.4357e+02 2.3568e+00 3.2194e+00
1.2830e+01 6.9871e-01 1.4580e+00 3.4230e+02 1.2903e+00 1.6020e+00 -7.6390e-01 1.0214e+00 3.3891e+02 2.6372e+00 3.3800e+02 2.2569e+00 3.0788e+00
1.3129e+01 6.7019e-01 1.3957e+00 3.3658e+02 1.2347e+00 1.5321e+00 -7.3137e-01 9.7741e-01 3.3333e+02 2.5262e+00 3.3246e+02 2.1606e+00 2.9440e+00
1.3436e+01 6.4277e-01 1.3359e+00 3.3087e+02 1.1815e+00 1.4650e+00 -7.0015e-01 9.3509e-01 3.2777e+02 2.4198e+00 3.2693e+02 2.0684e+00 2.8149e+00
1.3749e+01 6.1556e-01 1.2784e+00 3.2526e+02 1.1304e+00 1.4008e+00 -6.7021e-01 8.9457e-01 3.2228e+02 2.3176e+00 3.2148e+02 1.9799e+00 2.6912e+00
1.4070e+01 5.9218e-01 1.2233e+00 3.1966e+02 1.0813e+00 1.3393e+00 -6.4147e-01 8.5576e-01 3.1682e+02 2.2192e+00 3.1604e+02 1.8947e+00 2.5726e+00
1.4398e+01 5.6766e-01 1.1708e+00 3.1411e+02 1.0346e+00 1.2805e+00 -6.1390e-01 8.1859e-01 3.1139e+02 2.1253e+00 3.1065e+02 1.8135e+00 2.4591e+00
1.4735e+01 5.4284e-01 1.1202e+00 3.0860e+02 9.8958e-01 1.2241e+00 -5.8746e-01 7.8301e-01 3.0599e+02 2.0348e+00 3.0528e+02 1.7353e+00 2.3504e+00
1.5078e+01 5.1829e-01 1.0717e+00 3.0313e+02 9.4646e-01 1.1702e+00 -5.6210e-01 7.4891e-01 3.0063e+02 1.9479e+00 2.9995e+02 1.6603e+00 2.2463e+00
1.5430e+01 4.9487e-01 1.0251e+00 2.9771e+02 9.0507e-01 1.1183e+00 -5.3778e-01 7.1609e-01 2.9533e+02 1.8646e+00 2.9468e+02 1.5884e+00 2.1466e+00
1.5791e+01 4.7286e-01 9.8058e-01 2.9234e+02 8.6547e-01 1.0687e+00 -5.1447e-01 6.8467e-01 2.9006e+02 1.7848e+00 2.8943e+02 1.5196e+00 2.0512e+00
1.6159e+01 4.5215e-01 9.3784e-01 2.8699e+02 8.2752e-01 1.0212e+00 -4.9211e-01 6.5459e-01 2.8481e+02 1.7082e+00 2.8421e+02 1.4536e+00 1.9598e+00
1.6536e+01 4.3245e-01 8.9690e-01 2.8170e+02 7.9117e-01 9.7582e-01 -4.7068e-01 6.2582e-01 2.7961e+02 1.6347e+00 2.7904e+02 1.3903e+00 1.8723e+00
1.6922e+01 4.1356e-01 8.5768e-01 2.7646e+02 7.5636e-01 9.3238e-01 -4.5014e-01 5.9828e-01 2.7447e+02 1.5642e+00 2.7392e+02 1.3296e+00 1.7886e+00
1.7317e+01 3.9562e-01 8.2014e-01 2.7126e+02 7.2306e-01 8.9084e-01 -4.3046e-01 5.7193e-01 2.6936e+02 1.4966e+00 2.6883e+02 1.2714e+00 1.7085e+00
1.7721e+01 3.7863e-01 7.8406e-01 2.6610e+02 6.9106e-01 8.5094e-01 -4.1159e-01 5.4659e-01 2.6427e+02 1.4317e+00 2.6377e+02 1.2157e+00 1.6318e+00
1.8135e+01 3.6220e-01 7.4956e-01 2.6100e+02 6.6047e-01 8.1275e-01 -3.9352e-01 5.2233e-01 2.5926e+02 1.3696e+00 2.5877e+02 1.1624e+00 1.5585e+00
1.8558e+01 3.4652e-01 7.1644e-01 2.5594e+02 6.3111e-01 7.7624e-01 -3.7620e-01 4.9911e-01 2.5428e+02 1.3100e+00 2.5381e+02 1.1112e+00 1.4883e+00
1.8991e+01 3.3156e-01 6.8484e-01 2.5094e+02 6.0312e-01 7.4133e-01 -3.5962e-01 4.7692e-01 2.4935e+02 1.2530e+00 2.4890e+02 1.0623e+00 1.4211e+00
1.9435e+01 3.1675e-01 6.5457e-01 2.4598e+02 5.7631e-01 7.0796e-01 -3.4373e-01 4.5569e-01 2.4446e+02 1.1983e+00 2.4403e+02 1.0154e+00 1.3569e+00
1.9888e+01 3.0189e-01 6.2555e-01 2.4108e+02 5.5062e-01 6.7606e-01 -3.2852e-01 4.3538e-01 2.3962e+02 1.1458e+00 2.3922e+02 9.7040e-01 1.2954e+00
2.0352e+01 2.8792e-01 5.9777e-01 2.3621e+02 5.2603e-01 6.4550e-01 -3.1394e-01 4.1591e-01 2.3482e+02 1.0956e+00 2.3443e+02 9.2739e-01 1.2367e+00
2.0828e+01 2.7486e-01 5.7110e-01 2.3141e+02 5.0242e-01 6.1621e-01 -2.9999e-01 3.9724e-01 2.3008e+02 1.0474e+00 2.2971e+02 8.8617e-01 1.1805e+00
2.1314e+01 2.6217e-01 5.4562e-01 2.2666e+02 4.7988e-01 5.8822e-01 -2.8663e-01 3.7938e-01 2.2539e+02 1.0013e+00 2.2503e+02 8.4675e-01 1.1267e+00
2.1811e+01 2.5007e-01 5.2124e-01 2.2197e+02 4.5832e-01 5.6149e-01 -2.7384e-01 3.6232e-01 2.2076e+02 9.5716e-01 2.2042e+02 8.0899e-01 1.0754e+00
2.2320e+01 2.3851e-01 4.9792e-01 2.1734e+02 4.3771e-01 5.3594e-01 -2.6160e-01 3.4601e-01 2.1618e+02 9.1487e-01 2.1585e+02 7.7287e-01 1.0262e+00
2.2841e+01 2.2773e-01 4.7563e-01 2.1274e+02 4.1801e-01 5.1153e-01 -2.4989e-01 3.3042e-01 2.1164e+02 8.7436e-01 2.1132e+02 7.3829e-01 9.7927e-01
2.3374e+01 2.1738e-01 4.5427e-01 2.0823e+02 3.9914e-01 4.8820e-01 -2.3867e-01 3.1551e-01 2.0717e+02 8.3554e-01 2.0687e+02 7.0516e-01 9.3438e-01
2.3920e+01 2.0733e-01 4.3383e-01 2.0375e+02 3.8109e-01 4.6581e-01 -2.2795e-01 3.0119e-01 2.0274e+02 7.9846e-01 2.0245e+02 6.7355e-01 8.9148e-01
2.4478e+01 1.9770e-01 4.1419e-01 1.9935e+02 3.6373e-01 4.4444e-01 -2.1768e-01 2.8751e-01 1.9839e+02 7.6280e-01 1.9811e+02 6.4314e-01 8.5048e-01
2.5049e+01 1.8837e-01 3.9550e-01 1.9500e+02 3.4724e-01 4.2403e-01 -2.0786e-01 2.7443e-01 1.9408e+02 7.2880e-01 1.9382e+02 6.1419e-01 8.1130e-01
2.5634e+01 1.7951e-01 3.7763e-01 1.9071e+02 3.3148e-01 4.0453e-01 -1.9846e-01 2.6195e-01 1.8983e+02 6.9626e-01 1.8958e+02 5.8649e-01 7.7386e-01
2.6232e+01 1.7106e-01 3.6052e-01 1.8648e+02 3.1638e-01 3.8592e-01 -1.8948e-01 2.5002e-01 1.8564e+02 6.6504e-01 1.8540e+02 5.5993e-01 7.3808e-01
2.6845e+01 1.6318e-01 3.4419e-01 1.8231e+02 3.0198e-01 3.6815e-01 -1.8088e-01 2.3863e-01 1.8151e+02 6.3521e-01 1.8128e+02 5.3456e-01 7.0391e-01
2.7471e+01 1.5543e-01 3.2849e-01 1.7821e+02 2.8813e-01 3.5112e-01 -1.7267e-01 2.2769e-01 1.7745e+02 6.0662e-01 1.7723e+02 5.1025e-01 6.7126e-01
2.8112e+01 1.4806e-01 3.1355e-01 1.7417e+02 2.7497e-01 3.3484e-01 -1.6481e-01 2.1724e-01 1.7344e+02 5.7937e-01 1.7323e+02 4.8712e-01 6.4008e-01
2.8769e+01 1.4103e-01 2.9919e-01 1.7019e+02 2.6231e-01 3.1931e-01 -1.5729e-01 2.0726e-01 1.6949e+02 5.5317e-01 1.6929e+02 4.6487e-01 6.1029e-01
2.9440e+01 1.3431e-01 2.8555e-01 1.6627e+02 2.5029e-01 3.0448e-01 -1.5011e-01 1.9773e-01 1.6560e+02 5.2822e-01 1.6541e+02 4.4371e-01 5.8185e-01
3.0127e+01 1.2803e-01 2.7248e-01 1.6242e+02 2.3878e-01 2.9033e-01 -1.4324e-01 1.8863e-01 1.6179e+02 5.0430e-01 1.6160e+02 4.2341e-01 5.5468e-01
3.0830e+01 1.2224e-01 2.5999e-01 1.5862e+02 2.2779e-01 2.7683e-01 -1.3667e-01 1.7994e-01 1.5802e+02 4.8142e-01 1.5784e+02 4.0402e-01 5.2874e-01
3.1550e+01 1.1657e-01 2.4805e-01 1.5490e+02 2.1727e-01 2.6391e-01 -1.3040e-01 1.7163e-01 1.5432e+02 4.5954e-01 1.5416e+02 3.8548e-01 5.0397e-01
3.2286e+01 1.1110e-01 2.3663e-01 1.5125e+02 2.0723e-01 2.5156e-01 -1.2440e-01 1.6367e-01 1.5070e+02 4.3865e-01 1.5054e+02 3.6780e-01 4.8033e-01
3.3040e+01 1.0580e-01 2.2571e-01 1.4765e+02 1.9762e-01 2.3977e-01 -1.1867e-01 1.5607e-01 1.4713e+02 4.1865e-01 1.4698e+02 3.5086e-01 4.5776e-01
3.3811e+01 1.0085e-01 2.1531e-01 1.4412e+02 1.8847e-01 2.2853e-01 -1.1320e-01 1.4882e-01 1.4362e+02 3.9956e-01 1.4348e+02 3.3472e-01 4.3621e-01
3.4600e+01 9.6099e-02 2.0535e-01 1.4066e+02 1.7971e-01 2.1781e-01 -1.0796e-01 1.4190e-01 1.4018e+02 3.8126e-01 1.4004e+02 3.1925e-01 4.1564e-01
3.5408e+01 9.1588e-02 1.9585e-01 1.3726e+02 1.7136e-01 2.0758e-01 -1.0297e-01 1.3530e-01 1.3680e+02 3.6379e-01 1.3667e+02 3.0448e-01 3.9601e-01
3.6234e+01 8.7298e-02 1.8679e-01 1.3392e+02 1.6340e-01 1.9781e-01 -9.8190e-02 1.2899e-01 1.3348e+02 3.4712e-01 1.3335e+02 2.9040e-01 3.7728e-01
3.7080e+01 8.3197e-02 1.7808e-01 1.3064e+02 1.5574e-01 1.8846e-01 -9.3630e-02 1.2295e-01 1.3023e+02 3.3114e-01 1.3011e+02 2.7691e-01 3.5940e-01
3.7945e+01 7.9292e-02 1.6981e-01 1.2743e+02 1.4847e-01 1.7955e-01 -8.9274e-02 1.1719e-01 1.2704e+02 3.1592e-01 1.2692e+02 2.6407e-01 3.4234e-01
3.8831e+01 7.5567e-02 1.6189e-01 1.2428e+02 1.4152e-01 1.7105e-01 -8.5114e-02 1.1169e-01 1.2390e+02 3.0134e-01 1.2379e+02 2.5177e-01 3.2607e-01
3.9737e+01 7.2087e-02 1.5434e-01 1.2118e+02 1.3489e-01 1.6294e-01 -8.1142e-02 1.0644e-01 1.2082e+02 2.8743e-01 1.2072e+02 2.4004e-01 3.1054e-01
4.0665e+01 6.8663e-02 1.4713e-01 1.1814e+02 1.2856e-01 1.5521e-01 -7.7348e-02 1.0144e-01 1.1780e+02 2.7412e-01 1.1770e+02 2.2883e-01 2.9573e-01
4.1614e+01 6.5374e-02 1.4025e-01 1.1517e+02 1.2253e-01 1.4785e-01 -7.3727e-02 9.6667e-02 1.1484e+02 2.6142e-01 1.1474e+02 2.1813e-01 2.8160e-01
4.2585e+01 6.2256e-02 1.3367e-01 1.1225e+02 1.1675e-01 1.4079e-01 -7.0269e-02 9.2094e-02 1.1194e+02 2.4929e-01 1.1184e+02 2.0792e-01 2.6813e-01
4.3579e+01 5.9266e-02 1.2738e-01 1.0938e+02 1.1123e-01 1.3407e-01 -6.6968e-02 8.7731e-02 1.0908e+02 2.3769e-01 1.0899e+02 1.9816e-01 2.5527e-01
4.4596e+01 5.6424e-02 1.2138e-01 1.0657e+02 1.0597e-01 1.2766e-01 -6.3818e-02 8.3573e-02 1.0629e+02 2.2662e-01 1.0620e+02 1.8885e-01 2.4302e-01
4.5637e+01 5.3729e-02 1.1567e-01 1.0380e+02 1.0097e-01 1.2155e-01 -6.0810e-02 7.9607e-02 1.0353e+02 2.1606e-01 1.0345e+02 1.7997e-01 2.3133e-01
4.6702e+01 5.1120e-02 1.1022e-01 1.0109e+02 9.6189e-02 1.1573e-01 -5.7940e-02 7.5827e-02 1.0083e+02 2.0597e-01 1.0076e+02 1.7150e-01 2.2019e-01
4.7792e+01 4.8663e-02 1.0502e-01 9.8424e+01 9.1632e-02 1.1018e-01 -5.5201e-02 7.2223e-02 9.8180e+01 1.9634e-01 9.8107e+01 1.6340e-01 2.0956e-01
4.8908e+01 4.6299e-02 1.0005e-01 9.5805e+01 8.7274e-02 1.0488e-01 -5.2587e-02 6.8777e-02 9.5573e+01 1.8713e-01 9.5503e+01 1.5568e-01 1.9943e-01
5.0049e+01 4.4052e-02 9.5297e-02 9.3232e+01 8.3113e-02 9.9822e-02 -5.0094e-02 6.5485e-02 9.3011e+01 1.7835e-01 9.2945e+01 1.4830e-01 1.8977e-01
5.1218e+01 4.1929e-02 9.0765e-02 9.0701e+01 7.9144e-02 9.5002e-02 -4.7714e-02 6.2348e-02 9.0490e+01 1.6996e-01 9.0427e+01 1.4127e-01 1.8057e-01
5.2413e+01 3.9915e-02 8.6449e-02 8.8216e+01 7.5364e-02 9.0410e-02 -4.5444e-02 5.9359e-02 8.8016e+01 1.6196e-01 8.7955e+01 1.3456e-01 1.7179e-01
5.3636e+01 3.8007e-02 8.2340e-02 8.5770e+01 7.1768e-02 8.6037e-02 -4.3279e-02 5.6510e-02 8.5579e+01 1.5433e-01 8.5522e+01 1.2816e-01 1.6343e-01
5.4888e+01 3.6158e-02 7.8419e-02 8.3365e+01 6.8337e-02 8.1871e-02 -4.1214e-02 5.3796e-02 8.3183e+01 1.4704e-01 8.3128e+01 1.2206e-01 1.5546e-01
5.6169e+01 3.4390e-02 7.4671e-02 8.0997e+01 6.5057e-02 7.7898e-02 -3.9243e-02 5.1205e-02 8.0824e+01 1.4008e-01 8.0771e+01 1.1623e-01 1.4787e-01
5.7480e+01 3.2672e-02 7.1094e-02 7.8670e+01 6.1927e-02 7.4100e-02 -3.7364e-02 4.8728e-02 7.8506e+01 1.3344e-01 7.8456e+01 1.1068e-01 1.4063e-01
5.8822e+01 3.1030e-02 6.7684e-02 7.6381e+01 5.8945e-02 7.0485e-02 -3.5572e-02 4.6368e-02 7.6224e+01 1.2711e-01 7.6176e+01 1.0538e-01 1.3374e-01
6.0195e+01 2.9477e-02 6.4431e-02 7.4129e+01 5.6100e-02 6.7042e-02 -3.3863e-02 4.4120e-02 7.3979e+01 1.2107e-01 7.3934e+01 1.0032e-01 1.2717e-01
6.1600e+01 2.8021e-02 6.1337e-02 7.1917e+01 5.3396e-02 6.3764e-02 -3.2234e-02 4.1979e-02 7.1775e+01 1.1531e-01 7.1731e+01 9.5510e-02 1.2091e-01
6.3038e+01 2.6634e-02 5.8384e-02 6.9744e+01 5.0815e-02 6.0643e-02 -3.0680e-02 3.9940e-02 6.9609e+01 1.0981e-01 6.9568e+01 9.0913e-02 1.1495e-01
6.4509e+01 2.5337e-02 5.5571e-02 6.7611e+01 4.8356e-02 5.7672e-02 -2.9199e-02 3.7998e-02 6.7482e+01 1.0456e-01 6.7443e+01 8.6530e-02 1.0927e-01
6.6014e+01 2.4068e-02 5.2884e-02 6.5520e+01 4.6009e-02 5.4831e-02 -2.7788e-02 3.6139e-02 6.5398e+01 9.9562e-02 6.5360e+01 8.2358e-02 1.0386e-01
6.7555e+01 2.2853e-02 5.0324e-02 6.3469e+01 4.3773e-02 5.2126e-02 -2.6442e-02 3.4368e-02 6.3353e+01 9.4797e-02 6.3317e+01 7.8382e-02 9.8712e-02
6.9132e+01 2.1700e-02 4.7882e-02 6.1458e+01 4.1640e-02 4.9551e-02 -2.5159e-02 3.2683e-02 6.1347e+01 9.0246e-02 6.1313e+01 7.4585e-02 9.3808e-02
7.0746e+01 2.0603e-02 4.5563e-02 5.9496e+01 3.9616e-02 4.7101e-02 -2.3936e-02 3.1078e-02 5.9391e+01 8.5917e-02 5.9358e+01 7.0978e-02 8.9138e-02
7.2397e+01 1.9562e-02 4.3345e-02 5.7575e+01 3.7678e-02 4.4769e-02 -2.2770e-02 2.9550e-02 5.7475e+01 8.1774e-02 5.7444e+01 6.7523e-02 8.4691e-02
7.4087e+01 1.8552e-02 4.1235e-02 5.5705e+01 3.5837e-02 4.2551e-02 -2.1660e-02 2.8095e-02 5.5609e+01 7.7829e-02 5.5580e+01 6.4236e-02 8.0458e-02
7.5816e+01 1.7592e-02 3.9224e-02 5.3880e+01 3.4082e-02 4.0433e-02 -2.0601e-02 2.6706e-02 5.3789e+01 7.4073e-02 5.3761e+01 6.1109e-02 7.6428e-02
7.7585e+01 1.6684e-02 3.7302e-02 5.2107e+01 3.2405e-02 3.8414e-02 -1.9593e-02 2.5382e-02 5.2021e+01 7.0487e-02 5.1994e+01 5.8123e-02 7.2592e-02
7.9396e+01 1.5820e-02 3.5476e-02 5.0385e+01 3.0813e-02 3.6494e-02 -1.8632e-02 2.4121e-02 5.0303e+01 6.7076e-02 5.0277e+01 5.5286e-02 6.8941e-02
8.1249e+01 1.4999e-02 3.3736e-02 4.8714e+01 2.9295e-02 3.4667e-02 -1.7717e-02 2.2922e-02 4.8636e+01 6.3821e-02 4.8612e+01 5.2578e-02 6.5466e-02
8.3146e+01 1.4223e-02 3.2079e-02 4.7096e+01 2.7850e-02 3.2930e-02 -1.6845e-02 2.1780e-02 4.7022e+01 6.0717e-02 4.6999e+01 4.9997e-02 6.2158e-02
8.5086e+01 1.3477e-02 3.0502e-02 4.5530e+01 2.6475e-02 3.1277e-02 -1.6014e-02 2.0694e-02 4.5460e+01 5.7760e-02 4.5438e+01 4.7540e-02 5.9011e-02
8.7072e+01 1.2763e-02 2.8999e-02 4.4017e+01 2.5166e-02 2.9703e-02 -1.5223e-02 1.9659e-02 4.3950e+01 5.4943e-02 4.3929e+01 4.5200e-02 5.6017e-02
8.9105e+01 1.2083e-02 2.7564e-02 4.2552e+01 2.3916e-02 2.8201e-02 -1.4469e-02 1.8671e-02 4.2489e+01 5.2260e-02 4.2469e+01 4.2972e-02 5.3168e-02
9.1184e+01 1.1438e-02 2.6199e-02 4.1137e+01 2.2726e-02 2.6773e-02 -1.3752e-02 1.7731e-02 4.1076e+01 4.9702e-02 4.1057e+01 4.0849e-02 5.0457e-02
9.3313e+01 1.0848e-02 2.4898e-02 3.9768e+01 2.1593e-02 2.5414e-02 -1.3068e-02 1.6837e-02 3.9711e+01 4.7262e-02 3.9692e+01 3.8824e-02 4.7879e-02
9.5490e+01 1.0289e-02 2.3662e-02 3.8443e+01 2.0517e-02 2.4123e-02 -1.2417e-02 1.5986e-02 3.8389e+01 4.4942e-02 3.8371e+01 3.6900e-02 4.5426e-02
9.7719e+01 9.7591e-03 2.2485e-02 3.7160e+01 1.9492e-02 2.2896e-02 -1.1798e-02 1.5178e-02 3.7108e+01 4.2730e-02 3.7092e+01 3.5066e-02 4.3094e-02
1.0000e+02 9.2553e-03 2.1366e-02 3.5913e+01 1.8518e-02 2.1729e-02 -1.1207e-02 1.4409e-02 3.5864e+01 4.0623e-02 3.5848e+01 3.3321e-02 4.0875e-02
