1.0000e-03 7.1727e-02 -1.8205e-02 5.5031e-02 7.0403e-02
1.0233e-03 7.7492e-02 -1.9676e-02 5.9476e-02 7.6063e-02
1.0472e-03 8.3703e-02 -2.1262e-02 6.4266e-02 8.2161e-02
1.0717e-03 9.0397e-02 -2.2972e-02 6.9433e-02 8.8733e-02
1.0967e-03 9.7620e-02 -2.4818e-02 7.5011e-02 9.5826e-02
1.1223e-03 1.0541e-01 -2.6811e-02 8.1032e-02 1.0348e-01
1.1485e-03 1.1383e-01 -2.8965e-02 8.7539e-02 1.1174e-01
1.1753e-03 1.2290e-01 -3.1285e-02 9.4548e-02 1.2064e-01
1.2027e-03 1.3269e-01 -3.3792e-02 1.0212e-01 1.3026e-01
1.2308e-03 1.4325e-01 -3.6494e-02 1.1029e-01 1.4062e-01
1.2595e-03 1.5464e-01 -3.9409e-02 1.1909e-01 1.5180e-01
1.2889e-03 1.6690e-01 -4.2553e-02 1.2859e-01 1.6384e-01
1.3190e-03 1.8010e-01 -4.5936e-02 1.3881e-01 1.7679e-01
1.3498e-03 1.9430e-01 -4.9574e-02 1.4981e-01 1.9072e-01
1.3813e-03 2.0956e-01 -5.3483e-02 1.6163e-01 2.0570e-01
1.4135e-03 2.2596e-01 -5.7683e-02 1.7433e-01 2.2179e-01
1.4465e-03 2.4355e-01 -6.2188e-02 1.8796e-01 2.3904e-01
1.4803e-03 2.6243e-01 -6.7025e-02 2.0259e-01 2.5756e-01
1.5148e-03 2.8268e-01 -7.2216e-02 2.1830e-01 2.7743e-01
1.5502e-03 3.0441e-01 -7.7783e-02 2.3516e-01 2.9874e-01
1.5864e-03 3.2772e-01 -8.3748e-02 2.5322e-01 3.2159e-01
1.6234e-03 3.5273e-01 -9.0150e-02 2.7262e-01 3.4612e-01
1.6613e-03 3.7959e-01 -9.7026e-02 2.9347e-01 3.7246e-01
1.7000e-03 4.0845e-01 -1.0441e-01 3.1587e-01 4.0075e-01
1.7397e-03 4.3949e-01 -1.1236e-01 3.3997e-01 4.3117e-01
1.7803e-03 4.7282e-01 -1.2090e-01 3.6587e-01 4.6384e-01
1.8219e-03 5.0862e-01 -1.3006e-01 3.9367e-01 4.9893e-01
1.8644e-03 5.4707e-01 -1.3989e-01 4.2354e-01 5.3661e-01
1.9079e-03 5.8832e-01 -1.5045e-01 4.5559e-01 5.7702e-01
1.9525e-03 6.3257e-01 -1.6177e-01 4.8999e-01 6.2038e-01
1.9980e-03 6.8000e-01 -1.7390e-01 5.2688e-01 6.6684e-01
2.0447e-03 7.3081e-01 -1.8689e-01 5.6642e-01 7.1661e-01
2.0924e-03 7.8515e-01 -2.0078e-01 6.0870e-01 7.6983e-01
2.1412e-03 8.4328e-01 -2.1562e-01 6.5392e-01 8.2677e-01
2.1912e-03 9.0550e-01 -2.3150e-01 7.0235e-01 8.8770e-01
2.2423e-03 9.7210e-01 -2.4850e-01 7.5420e-01 9.5291e-01
2.2947e-03 1.0434e+00 -2.6670e-01 8.0976e-01 1.0228e+00
2.3482e-03 1.1198e+00 -2.8618e-01 8.6929e-01 1.0975e+00
2.4030e-03 1.2017e+00 -3.0705e-01 9.3310e-01 1.1776e+00
2.4591e-03 1.2892e+00 -3.2934e-01 1.0013e+00 1.2633e+00
2.5165e-03 1.3829e+00 -3.5319e-01 1.0744e+00 1.3550e+00
2.5753e-03 1.4831e+00 -3.7869e-01 1.1525e+00 1.4531e+00
2.6354e-03 1.5904e+00 -4.0598e-01 1.2362e+00 1.5580e+00
2.6969e-03 1.7049e+00 -4.3509e-01 1.3256e+00 1.6701e+00
2.7598e-03 1.8272e+00 -4.6619e-01 1.4212e+00 1.7897e+00
2.8242e-03 1.9577e+00 -4.9930e-01 1.5231e+00 1.9174e+00
2.8902e-03 2.0971e+00 -5.3465e-01 1.6320e+00 2.0538e+00
2.9576e-03 2.2460e+00 -5.7237e-01 1.7484e+00 2.1994e+00
3.0266e-03 2.4050e+00 -6.1266e-01 1.8728e+00 2.3550e+00
3.0973e-03 2.5749e+00 -6.5566e-01 2.0057e+00 2.5211e+00
3.1696e-03 2.7563e+00 -7.0155e-01 2.1477e+00 2.6984e+00
3.2436e-03 2.9497e+00 -7.5042e-01 2.2991e+00 2.8876e+00
3.3193e-03 3.1559e+00 -8.0244e-01 2.4606e+00 3.0892e+00
3.3967e-03 3.3757e+00 -8.5785e-01 2.6328e+00 3.3041e+00
3.4760e-03 3.6099e+00 -9.1685e-01 2.8164e+00 3.5331e+00
3.5572e-03 3.8598e+00 -9.7976e-01 3.0125e+00 3.7774e+00
3.6402e-03 4.1258e+00 -1.0467e+00 3.2213e+00 4.0375e+00
3.7251e-03 4.4097e+00 -1.1180e+00 3.4442e+00 4.3149e+00
3.8121e-03 4.7113e+00 -1.1936e+00 3.6811e+00 4.6098e+00
3.9011e-03 5.0327e+00 -1.2741e+00 3.9336e+00 4.9239e+00
3.9921e-03 5.3747e+00 -1.3597e+00 4.2026e+00 5.2582e+00
4.0853e-03 5.7385e+00 -1.4506e+00 4.4888e+00 5.6137e+00
4.1806e-03 6.1259e+00 -1.5474e+00 4.7938e+00 5.9922e+00
4.2782e-03 6.5378e+00 -1.6501e+00 5.1183e+00 6.3946e+00
4.3781e-03 6.9753e+00 -1.7590e+00 5.4631e+00 6.8222e+00
4.4803e-03 7.4401e+00 -1.8745e+00 5.8296e+00 7.2764e+00
4.5848e-03 7.9341e+00 -1.9970e+00 6.2194e+00 7.7592e+00
4.6918e-03 8.4591e+00 -2.1272e+00 6.6339e+00 8.2721e+00
4.8013e-03 9.0166e+00 -2.2651e+00 7.0744e+00 8.8167e+00
4.9134e-03 9.6087e+00 -2.4115e+00 7.5427e+00 9.3951e+00
5.0281e-03 1.0236e+01 -2.5662e+00 8.0391e+00 1.0008e+01
5.1454e-03 1.0902e+01 -2.7299e+00 8.5658e+00 1.0658e+01
5.2655e-03 1.1607e+01 -2.9033e+00 9.1250e+00 1.1348e+01
5.3884e-03 1.2356e+01 -3.0869e+00 9.7184e+00 1.2079e+01
5.5142e-03 1.3149e+01 -3.2811e+00 1.0348e+01 1.2854e+01
5.6429e-03 1.3990e+01 -3.4866e+00 1.1015e+01 1.3675e+01
5.7746e-03 1.4880e+01 -3.7039e+00 1.1723e+01 1.4544e+01
5.9094e-03 1.5820e+01 -3.9326e+00 1.2471e+01 1.5463e+01
6.0473e-03 1.6817e+01 -4.1744e+00 1.3264e+01 1.6437e+01
6.1885e-03 1.7870e+01 -4.4296e+00 1.4103e+01 1.7466e+01
6.3329e-03 1.8985e+01 -4.6991e+00 1.4992e+01 1.8555e+01
6.4807e-03 2.0164e+01 -4.9835e+00 1.5933e+01 1.9706e+01
6.6320e-03 2.1409e+01 -5.2834e+00 1.6928e+01 2.0922e+01
6.7868e-03 2.2722e+01 -5.5982e+00 1.7978e+01 2.2204e+01
6.9452e-03 2.4108e+01 -5.9300e+00 1.9088e+01 2.3559e+01
7.1073e-03 2.5571e+01 -6.2791e+00 2.0259e+01 2.4988e+01
7.2732e-03 2.7115e+01 -6.6468e+00 2.1498e+01 2.6496e+01
7.4429e-03 2.8743e+01 -7.0337e+00 2.2805e+01 2.8086e+01
7.6166e-03 3.0460e+01 -7.4404e+00 2.4184e+01 2.9762e+01
7.7944e-03 3.2265e+01 -7.8666e+00 2.5636e+01 3.1526e+01
7.9763e-03 3.4164e+01 -8.3133e+00 2.7166e+01 3.3381e+01
8.1625e-03 3.6163e+01 -8.7824e+00 2.8778e+01 3.5335e+01
8.3530e-03 3.8266e+01 -9.2742e+00 3.0475e+01 3.7389e+01
8.5480e-03 4.0478e+01 -9.7904e+00 3.2263e+01 3.9550e+01
8.7475e-03 4.2802e+01 -1.0331e+01 3.4143e+01 4.1820e+01
8.9517e-03 4.5242e+01 -1.0896e+01 3.6120e+01 4.4203e+01
9.1606e-03 4.7800e+01 -1.1486e+01 3.8193e+01 4.6702e+01
9.3744e-03 5.0481e+01 -1.2102e+01 4.0370e+01 4.9322e+01
9.5932e-03 5.3293e+01 -1.2747e+01 4.2657e+01 5.2070e+01
9.8171e-03 5.6241e+01 -1.3420e+01 4.5056e+01 5.4949e+01
1.0046e-02 5.9328e+01 -1.4122e+01 4.7573e+01 5.7965e+01
1.0281e-02 6.2558e+01 -1.4855e+01 5.0210e+01 6.1120e+01
1.0521e-02 6.5930e+01 -1.5615e+01 5.2966e+01 6.4415e+01
1.0766e-02 6.9451e+01 -1.6405e+01 5.5847e+01 6.7856e+01
1.1018e-02 7.3127e+01 -1.7227e+01 5.8860e+01 7.1449e+01
1.1275e-02 7.6968e+01 -1.8082e+01 6.2012e+01 7.5201e+01
1.1538e-02 8.0969e+01 -1.8969e+01 6.5301e+01 7.9111e+01
1.1807e-02 8.5142e+01 -1.9891e+01 6.8737e+01 8.3187e+01
1.2083e-02 8.9479e+01 -2.0843e+01 7.2311e+01 8.7425e+01
1.2365e-02 9.3985e+01 -2.1826e+01 7.6031e+01 9.1830e+01
1.2653e-02 9.8672e+01 -2.2845e+01 7.9907e+01 9.6412e+01
1.2949e-02 1.0354e+02 -2.3899e+01 8.3942e+01 1.0117e+02
1.3251e-02 1.0860e+02 -2.4987e+01 8.8135e+01 1.0611e+02
1.3560e-02 1.1384e+02 -2.6109e+01 9.2486e+01 1.1123e+02
1.3877e-02 1.1925e+02 -2.7260e+01 9.6987e+01 1.1651e+02
1.4201e-02 1.2482e+02 -2.8438e+01 1.0163e+02 1.2196e+02
1.4532e-02 1.3058e+02 -2.9647e+01 1.0644e+02 1.2759e+02
1.4871e-02 1.3654e+02 -3.0893e+01 1.1143e+02 1.3342e+02
1.5218e-02 1.4272e+02 -3.2177e+01 1.1660e+02 1.3946e+02
1.5573e-02 1.4913e+02 -3.3504e+01 1.2199e+02 1.4573e+02
1.5937e-02 1.5579e+02 -3.4873e+01 1.2758e+02 1.5222e+02
1.6309e-02 1.6261e+02 -3.6262e+01 1.3332e+02 1.5890e+02
1.6690e-02 1.6961e+02 -3.7679e+01 1.3923e+02 1.6574e+02
1.7079e-02 1.7677e+02 -3.9116e+01 1.4527e+02 1.7274e+02
1.7478e-02 1.8404e+02 -4.0566e+01 1.5143e+02 1.7984e+02
1.7886e-02 1.9145e+02 -4.2033e+01 1.5772e+02 1.8708e+02
1.8303e-02 1.9900e+02 -4.3518e+01 1.6414e+02 1.9446e+02
1.8730e-02 2.0669e+02 -4.5011e+01 1.7068e+02 2.0197e+02
1.9167e-02 2.1452e+02 -4.6517e+01 1.7736e+02 2.0962e+02
1.9615e-02 2.2250e+02 -4.8041e+01 1.8418e+02 2.1742e+02
2.0073e-02 2.3059e+02 -4.9572e+01 1.9111e+02 2.2532e+02
2.0541e-02 2.3874e+02 -5.1103e+01 1.9811e+02 2.3328e+02
2.1021e-02 2.4692e+02 -5.2624e+01 2.0516e+02 2.4127e+02
2.1511e-02 2.5511e+02 -5.4126e+01 2.1222e+02 2.4927e+02
2.2013e-02 2.6328e+02 -5.5599e+01 2.1929e+02 2.5726e+02
2.2527e-02 2.7151e+02 -5.7066e+01 2.2642e+02 2.6529e+02
2.3053e-02 2.7980e+02 -5.8532e+01 2.3362e+02 2.7339e+02
2.3591e-02 2.8817e+02 -5.9996e+01 2.4091e+02 2.8155e+02
2.4142e-02 2.9659e+02 -6.1455e+01 2.4825e+02 2.8977e+02
2.4705e-02 3.0505e+02 -6.2904e+01 2.5564e+02 2.9801e+02
2.5282e-02 3.1345e+02 -6.4309e+01 2.6301e+02 3.0622e+02
2.5872e-02 3.2186e+02 -6.5695e+01 2.7040e+02 3.1443e+02
2.6476e-02 3.3025e+02 -6.7059e+01 2.7778e+02 3.2261e+02
2.7094e-02 3.3856e+02 -6.8391e+01 2.8512e+02 3.3072e+02
2.7726e-02 3.4679e+02 -6.9688e+01 2.9240e+02 3.3873e+02
2.8373e-02 3.5489e+02 -7.0943e+01 2.9959e+02 3.4661e+02
2.9035e-02 3.6279e+02 -7.2126e+01 3.0663e+02 3.5431e+02
2.9713e-02 3.7052e+02 -7.3251e+01 3.1354e+02 3.6186e+02
3.0406e-02 3.7812e+02 -7.4334e+01 3.2036e+02 3.6926e+02
3.1116e-02 3.8559e+02 -7.5372e+01 3.2707e+02 3.7653e+02
3.1842e-02 3.9293e+02 -7.6371e+01 3.3370e+02 3.8367e+02
3.2586e-02 4.0017e+02 -7.7333e+01 3.4025e+02 3.9070e+02
3.3346e-02 4.0731e+02 -7.8249e+01 3.4672e+02 3.9763e+02
3.4124e-02 4.1433e+02 -7.9111e+01 3.5312e+02 4.0447e+02
3.4921e-02 4.2134e+02 -7.9953e+01 3.5952e+02 4.1129e+02
3.5736e-02 4.2837e+02 -8.0783e+01 3.6595e+02 4.1812e+02
3.6570e-02 4.3542e+02 -8.1596e+01 3.7240e+02 4.2495e+02
3.7424e-02 4.4254e+02 -8.2407e+01 3.7892e+02 4.3185e+02
3.8297e-02 4.4975e+02 -8.3213e+01 3.8554e+02 4.3882e+02
3.9191e-02 4.5695e+02 -8.3976e+01 3.9218e+02 4.4583e+02
4.0106e-02 4.6430e+02 -8.4744e+01 3.9895e+02 4.5297e+02
4.1042e-02 4.7186e+02 -8.5530e+01 4.0592e+02 4.6030e+02
4.2000e-02 4.7966e+02 -8.6339e+01 4.1311e+02 4.6786e+02
4.2980e-02 4.8775e+02 -8.7175e+01 4.2056e+02 4.7568e+02
4.3983e-02 4.9623e+02 -8.8059e+01 4.2835e+02 4.8388e+02
4.5010e-02 5.0507e+02 -8.8962e+01 4.3651e+02 4.9246e+02
4.6060e-02 5.1442e+02 -8.9921e+01 4.4512e+02 5.0155e+02
4.7135e-02 5.2441e+02 -9.0961e+01 4.5431e+02 5.1124e+02
4.8235e-02 5.3503e+02 -9.2077e+01 4.6405e+02 5.2153e+02
4.9361e-02 5.4620e+02 -9.3255e+01 4.7429e+02 5.3235e+02
5.0513e-02 5.5798e+02 -9.4502e+01 4.8507e+02 5.4374e+02
5.1692e-02 5.7023e+02 -9.5780e+01 4.9631e+02 5.5561e+02
5.2899e-02 5.8293e+02 -9.7079e+01 5.0800e+02 5.6795e+02
5.4134e-02 5.9616e+02 -9.8425e+01 5.2016e+02 5.8079e+02
5.5397e-02 6.0986e+02 -9.9802e+01 5.3276e+02 5.9406e+02
5.6690e-02 6.2395e+02 -1.0120e+02 5.4572e+02 6.0771e+02
5.8013e-02 6.3825e+02 -1.0258e+02 5.5889e+02 6.2154e+02
5.9367e-02 6.5261e+02 -1.0393e+02 5.7214e+02 6.3541e+02
6.0753e-02 6.6674e+02 -1.0517e+02 5.8528e+02 6.4914e+02
6.2171e-02 6.8060e+02 -1.0632e+02 5.9820e+02 6.6258e+02
6.3622e-02 6.9406e+02 -1.0736e+02 6.1080e+02 6.7561e+02
6.5107e-02 7.0680e+02 -1.0824e+02 6.2277e+02 6.8792e+02
6.6627e-02 7.1846e+02 -1.0892e+02 6.3381e+02 6.9916e+02
6.8182e-02 7.2884e+02 -1.0937e+02 6.4373e+02 7.0913e+02
6.9773e-02 7.3789e+02 -1.0957e+02 6.5257e+02 7.1789e+02
7.1402e-02 7.4591e+02 -1.0959e+02 6.6052e+02 7.2564e+02
7.3068e-02 7.5256e+02 -1.0937e+02 6.6726e+02 7.3205e+02
7.4773e-02 7.5700e+02 -1.0882e+02 6.7204e+02 7.3628e+02
7.6519e-02 7.5874e+02 -1.0787e+02 6.7441e+02 7.3787e+02
7.8305e-02 7.5821e+02 -1.0659e+02 6.7474e+02 7.3723e+02
8.0132e-02 7.5574e+02 -1.0504e+02 6.7339e+02 7.3475e+02
8.2003e-02 7.5157e+02 -1.0326e+02 6.7056e+02 7.3067e+02
8.3917e-02 7.4606e+02 -1.0131e+02 6.6650e+02 7.2527e+02
8.5875e-02 7.3949e+02 -9.9237e+01 6.6147e+02 7.1882e+02
8.7880e-02 7.3241e+02 -9.7115e+01 6.5594e+02 7.1186e+02
8.9931e-02 7.2527e+02 -9.5007e+01 6.5033e+02 7.0482e+02
9.2030e-02 7.1857e+02 -9.2979e+01 6.4510e+02 6.9822e+02
9.4178e-02 7.1263e+02 -9.1075e+01 6.4063e+02 6.9245e+02
9.6376e-02 7.0827e+02 -8.9386e+01 6.3754e+02 6.8819e+02
9.8625e-02 7.0598e+02 -8.7968e+01 6.3630e+02 6.8593e+02
1.0093e-01 7.0609e+02 -8.6849e+01 6.3720e+02 6.8599e+02
1.0328e-01 7.0880e+02 -8.6043e+01 6.4043e+02 6.8856e+02
1.0569e-01 7.1410e+02 -8.5536e+01 6.4600e+02 6.9362e+02
1.0816e-01 7.2144e+02 -8.5263e+01 6.5351e+02 7.0075e+02
1.1068e-01 7.3074e+02 -8.5193e+01 6.6283e+02 7.0980e+02
1.1327e-01 7.4133e+02 -8.5238e+01 6.7333e+02 7.2007e+02
1.1591e-01 7.5252e+02 -8.5312e+01 6.8438e+02 7.3092e+02
1.1862e-01 7.6335e+02 -8.5308e+01 6.9512e+02 7.4140e+02
1.2139e-01 7.7275e+02 -8.5106e+01 7.0456e+02 7.5047e+02
1.2422e-01 7.7957e+02 -8.4604e+01 7.1172e+02 7.5709e+02
1.2712e-01 7.8280e+02 -8.3703e+01 7.1567e+02 7.6027e+02
1.3009e-01 7.8217e+02 -8.2381e+01 7.1606e+02 7.5968e+02
1.3312e-01 7.7743e+02 -8.0633e+01 7.1268e+02 7.5508e+02
1.3623e-01 7.6872e+02 -7.8492e+01 7.0561e+02 7.4660e+02
1.3941e-01 7.5661e+02 -7.6037e+01 6.9539e+02 7.3482e+02
1.4266e-01 7.4192e+02 -7.3370e+01 6.8277e+02 7.2054e+02
1.4599e-01 7.2570e+02 -7.0619e+01 6.6878e+02 7.0484e+02
1.4940e-01 7.0962e+02 -6.7932e+01 6.5486e+02 6.8926e+02
1.5289e-01 6.9521e+02 -6.5452e+01 6.4243e+02 6.7529e+02
1.5645e-01 6.8408e+02 -6.3321e+01 6.3299e+02 6.6450e+02
1.6011e-01 6.7691e+02 -6.1584e+01 6.2717e+02 6.5753e+02
1.6384e-01 6.7421e+02 -6.0267e+01 6.2546e+02 6.5489e+02
1.6767e-01 6.7489e+02 -5.9280e+01 6.2697e+02 6.5562e+02
1.7158e-01 6.7830e+02 -5.8527e+01 6.3102e+02 6.5900e+02
1.7559e-01 6.8313e+02 -5.7882e+01 6.3637e+02 6.6373e+02
1.7968e-01 6.8771e+02 -5.7200e+01 6.4150e+02 6.6822e+02
1.8388e-01 6.9025e+02 -5.6335e+01 6.4472e+02 6.7071e+02
1.8817e-01 6.8903e+02 -5.5161e+01 6.4441e+02 6.6954e+02
1.9256e-01 6.8276e+02 -5.3610e+01 6.3942e+02 6.6350e+02
1.9706e-01 6.7171e+02 -5.1720e+01 6.2994e+02 6.5284e+02
2.0166e-01 6.5722e+02 -4.9605e+01 6.1721e+02 6.3883e+02
2.0636e-01 6.4102e+02 -4.7406e+01 6.0280e+02 6.2313e+02
2.1118e-01 6.2513e+02 -4.5278e+01 5.8864e+02 6.0772e+02
2.1611e-01 6.1136e+02 -4.3350e+01 5.7641e+02 5.9436e+02
2.2115e-01 6.0107e+02 -4.1711e+01 5.6746e+02 5.8440e+02
2.2631e-01 5.9471e+02 -4.0388e+01 5.6223e+02 5.7829e+02
2.3160e-01 5.9182e+02 -3.9314e+01 5.6027e+02 5.7556e+02
2.3700e-01 5.9083e+02 -3.8372e+01 5.6009e+02 5.7465e+02
2.4253e-01 5.8960e+02 -3.7419e+01 5.5966e+02 5.7352e+02
2.4819e-01 5.8620e+02 -3.6333e+01 5.5716e+02 5.7025e+02
2.5399e-01 5.7920e+02 -3.5040e+01 5.5119e+02 5.6347e+02
2.5991e-01 5.6844e+02 -3.3569e+01 5.4170e+02 5.5309e+02
2.6598e-01 5.5523e+02 -3.1988e+01 5.2984e+02 5.4031e+02
2.7219e-01 5.4158e+02 -3.0421e+01 5.1750e+02 5.2710e+02
2.7854e-01 5.2918e+02 -2.8963e+01 5.0632e+02 5.1509e+02
2.8504e-01 5.1950e+02 -2.7685e+01 4.9770e+02 5.0572e+02
2.9170e-01 5.1268e+02 -2.6584e+01 4.9178e+02 4.9912e+02
2.9850e-01 5.0758e+02 -2.5603e+01 4.8753e+02 4.9421e+02
3.0547e-01 5.0252e+02 -2.4645e+01 4.8331e+02 4.8936e+02
3.1260e-01 4.9603e+02 -2.3634e+01 4.7771e+02 4.8312e+02
3.1990e-01 4.8730e+02 -2.2538e+01 4.6991e+02 4.7468e+02
3.2736e-01 4.7669e+02 -2.1383e+01 4.6026e+02 4.6439e+02
3.3500e-01 4.6547e+02 -2.0231e+01 4.4999e+02 4.5351e+02
3.4282e-01 4.5514e+02 -1.9155e+01 4.4055e+02 4.4349e+02
3.5082e-01 4.4628e+02 -1.8178e+01 4.3255e+02 4.3494e+02
3.5901e-01 4.3894e+02 -1.7286e+01 4.2599e+02 4.2785e+02
3.6739e-01 4.3219e+02 -1.6437e+01 4.1997e+02 4.2133e+02
3.7597e-01 4.2481e+02 -1.5584e+01 4.1332e+02 4.1419e+02
3.8474e-01 4.1629e+02 -1.4711e+01 4.0552e+02 4.0592e+02
3.9372e-01 4.0694e+02 -1.3834e+01 3.9689e+02 3.9685e+02
4.0291e-01 3.9746e+02 -1.2992e+01 3.8815e+02 3.8767e+02
4.1232e-01 3.8878e+02 -1.2201e+01 3.8015e+02 3.7927e+02
4.2194e-01 3.8098e+02 -1.1460e+01 3.7299e+02 3.7171e+02
4.3179e-01 3.7358e+02 -1.0752e+01 3.6619e+02 3.6455e+02
4.4187e-01 3.6593e+02 -1.0056e+01 3.5912e+02 3.5712e+02
4.5218e-01 3.5781e+02 -9.3694e+00 3.5156e+02 3.4923e+02
4.6273e-01 3.4938e+02 -8.7046e+00 3.4370e+02 3.4106e+02
4.7353e-01 3.4122e+02 -8.0719e+00 3.3610e+02 3.3316e+02
4.8459e-01 3.3354e+02 -7.4711e+00 3.2893e+02 3.2571e+02
4.9590e-01 3.2616e+02 -6.8970e+00 3.2204e+02 3.1855e+02
5.0747e-01 3.1875e+02 -6.3415e+00 3.1509e+02 3.1135e+02
5.1931e-01 3.1121e+02 -5.8030e+00 3.0799e+02 3.0402e+02
5.3144e-01 3.0367e+02 -5.2875e+00 3.0088e+02 2.9670e+02
5.4384e-01 2.9630e+02 -4.7997e+00 2.9393e+02 2.8955e+02
5.5653e-01 2.8918e+02 -4.3345e+00 2.8721e+02 2.8264e+02
5.6952e-01 2.8217e+02 -3.8887e+00 2.8057e+02 2.7583e+02
5.8282e-01 2.7518e+02 -3.4609e+00 2.7393e+02 2.6903e+02
5.9642e-01 2.6826e+02 -3.0515e+00 2.6734e+02 2.6230e+02
6.1034e-01 2.6153e+02 -2.6620e+00 2.6092e+02 2.5574e+02
6.2458e-01 2.5485e+02 -2.2963e+00 2.5455e+02 2.4926e+02
6.3916e-01 2.4830e+02 -1.9481e+00 2.4830e+02 2.4290e+02
6.5408e-01 2.4189e+02 -1.6167e+00 2.4216e+02 2.3666e+02
6.6935e-01 2.3557e+02 -1.3016e+00 2.3610e+02 2.3052e+02
6.8497e-01 2.2939e+02 -1.0023e+00 2.3015e+02 2.2449e+02
7.0096e-01 2.2331e+02 -7.1830e-01 2.2429e+02 2.1857e+02
7.1732e-01 2.1730e+02 -4.5342e-01 2.1850e+02 2.1272e+02
7.3406e-01 2.1138e+02 -2.0421e-01 2.1279e+02 2.0696e+02
7.5119e-01 2.0560e+02 3.1086e-02 2.0719e+02 2.0133e+02
7.6873e-01 1.9994e+02 2.5296e-01 2.0170e+02 1.9581e+02
7.8667e-01 1.9439e+02 4.6188e-01 1.9631e+02 1.9041e+02
8.0503e-01 1.8897e+02 6.5829e-01 1.9103e+02 1.8512e+02
8.2382e-01 1.8363e+02 8.4056e-01 1.8583e+02 1.7992e+02
8.4305e-01 1.7839e+02 1.0087e+00 1.8072e+02 1.7481e+02
8.6272e-01 1.7326e+02 1.1658e+00 1.7572e+02 1.6981e+02
8.8286e-01 1.6826e+02 1.3122e+00 1.7082e+02 1.6494e+02
9.0347e-01 1.6338e+02 1.4485e+00 1.6604e+02 1.6017e+02
9.2455e-01 1.5862e+02 1.5751e+00 1.6136e+02 1.5553e+02
9.4613e-01 1.5397e+02 1.6917e+00 1.5678e+02 1.5098e+02
9.6822e-01 1.4939e+02 1.7960e+00 1.5228e+02 1.4652e+02
9.9081e-01 1.4492e+02 1.8918e+00 1.4787e+02 1.4216e+02
1.0139e+00 1.4056e+02 1.9794e+00 1.4357e+02 1.3790e+02
1.0376e+00 1.3633e+02 2.0595e+00 1.3939e+02 1.3377e+02
1.0618e+00 1.3219e+02 2.1319e+00 1.3528e+02 1.2972e+02
1.0866e+00 1.2817e+02 2.1977e+00 1.3129e+02 1.2579e+02
1.1120e+00 1.2421e+02 2.2537e+00 1.2736e+02 1.2192e+02
1.1379e+00 1.2036e+02 2.3030e+00 1.2353e+02 1.1816e+02
1.1645e+00 1.1660e+02 2.3463e+00 1.1980e+02 1.1449e+02
1.1917e+00 1.1295e+02 2.3839e+00 1.1615e+02 1.1091e+02
1.2195e+00 1.0940e+02 2.4162e+00 1.1260e+02 1.0744e+02
1.2479e+00 1.0594e+02 2.4434e+00 1.0914e+02 1.0406e+02
1.2771e+00 1.0257e+02 2.4647e+00 1.0577e+02 1.0076e+02
1.3069e+00 9.9265e+01 2.4797e+00 1.0246e+02 9.7531e+01
1.3374e+00 9.6060e+01 2.4907e+00 9.9247e+01 9.4396e+01
1.3686e+00 9.2946e+01 2.4978e+00 9.6117e+01 9.1348e+01
1.4005e+00 8.9918e+01 2.5011e+00 9.3070e+01 8.8384e+01
1.4332e+00 8.6983e+01 2.5010e+00 9.0110e+01 8.5507e+01
1.4667e+00 8.4134e+01 2.4974e+00 8.7234e+01 8.2715e+01
1.5009e+00 8.1334e+01 2.4887e+00 8.4410e+01 7.9976e+01
1.5359e+00 7.8629e+01 2.4775e+00 8.1676e+01 7.7327e+01
1.5718e+00 7.5986e+01 2.4632e+00 7.9001e+01 7.4739e+01
1.6085e+00 7.3445e+01 2.4472e+00 7.6425e+01 7.2248e+01
1.6460e+00 7.0966e+01 2.4284e+00 7.3907e+01 6.9816e+01
1.6844e+00 6.8572e+01 2.4080e+00 7.1473e+01 6.7468e+01
1.7237e+00 6.6228e+01 2.3840e+00 6.9090e+01 6.5171e+01
1.7640e+00 6.3954e+01 2.3581e+00 6.6777e+01 6.2943e+01
1.8051e+00 6.1747e+01 2.3305e+00 6.4527e+01 6.0779e+01
1.8473e+00 5.9619e+01 2.3019e+00 6.2356e+01 5.8692e+01
1.8904e+00 5.7547e+01 2.2717e+00 6.0238e+01 5.6658e+01
1.9345e+00 5.5553e+01 2.2408e+00 5.8196e+01 5.4700e+01
1.9797e+00 5.3607e+01 2.2078e+00 5.6203e+01 5.2790e+01
2.0259e+00 5.1713e+01 2.1733e+00 5.4264e+01 5.0933e+01
2.0732e+00 4.9885e+01 2.1382e+00 5.2389e+01 4.9139e+01
2.1216e+00 4.8117e+01 2.1026e+00 5.0573e+01 4.7403e+01
2.1711e+00 4.6407e+01 2.0663e+00 4.8814e+01 4.5723e+01
2.2217e+00 4.4752e+01 2.0296e+00 4.7108e+01 4.4096e+01
2.2736e+00 4.3152e+01 1.9925e+00 4.5459e+01 4.2524e+01
2.3267e+00 4.1590e+01 1.9539e+00 4.3849e+01 4.0991e+01
2.3810e+00 4.0081e+01 1.9153e+00 4.2292e+01 3.9509e+01
2.4365e+00 3.8625e+01 1.8766e+00 4.0787e+01 3.8078e+01
2.4934e+00 3.7220e+01 1.8380e+00 3.9334e+01 3.6698e+01
2.5516e+00 3.5860e+01 1.7994e+00 3.7924e+01 3.5360e+01
2.6112e+00 3.4549e+01 1.7609e+00 3.6563e+01 3.4069e+01
2.6721e+00 3.3272e+01 1.7216e+00 3.5239e+01 3.2814e+01
2.7345e+00 3.2036e+01 1.6825e+00 3.3957e+01 3.1600e+01
2.7983e+00 3.0845e+01 1.6437e+00 3.2719e+01 3.0429e+01
2.8636e+00 2.9695e+01 1.6051e+00 3.1521e+01 2.9297e+01
2.9304e+00 2.8588e+01 1.5671e+00 3.0368e+01 2.8208e+01
2.9988e+00 2.7518e+01 1.5294e+00 2.9252e+01 2.7154e+01
3.0688e+00 2.6481e+01 1.4916e+00 2.8169e+01 2.6134e+01
3.1405e+00 2.5478e+01 1.4540e+00 2.7122e+01 2.5147e+01
3.2138e+00 2.4510e+01 1.4169e+00 2.6111e+01 2.4195e+01
3.2888e+00 2.3577e+01 1.3804e+00 2.5135e+01 2.3277e+01
3.3655e+00 2.2679e+01 1.3444e+00 2.4194e+01 2.2392e+01
3.4441e+00 2.1813e+01 1.3090e+00 2.3285e+01 2.1538e+01
3.5245e+00 2.0976e+01 1.2740e+00 2.2407e+01 2.0714e+01
3.6067e+00 2.0165e+01 1.2392e+00 2.1556e+01 1.9916e+01
3.6909e+00 1.9383e+01 1.2049e+00 2.0735e+01 1.9146e+01
3.7771e+00 1.8632e+01 1.1714e+00 1.9945e+01 1.8406e+01
3.8652e+00 1.7908e+01 1.1385e+00 1.9183e+01 1.7692e+01
3.9554e+00 1.7211e+01 1.1063e+00 1.8448e+01 1.7005e+01
4.0478e+00 1.6541e+01 1.0748e+00 1.7740e+01 1.6343e+01
4.1422e+00 1.5889e+01 1.0434e+00 1.7053e+01 1.5701e+01
4.2389e+00 1.5262e+01 1.0127e+00 1.6391e+01 1.5084e+01
4.3379e+00 1.4658e+01 9.8262e-01 1.5753e+01 1.4489e+01
4.4391e+00 1.4078e+01 9.5330e-01 1.5139e+01 1.3917e+01
4.5427e+00 1.3521e+01 9.2467e-01 1.4549e+01 1.3366e+01
4.6487e+00 1.2984e+01 8.9674e-01 1.3980e+01 1.2837e+01
4.7572e+00 1.2465e+01 8.6918e-01 1.3429e+01 1.2325e+01
4.8683e+00 1.1965e+01 8.4220e-01 1.2899e+01 1.1832e+01
4.9819e+00 1.1484e+01 8.1588e-01 1.2388e+01 1.1357e+01
5.0982e+00 1.1022e+01 7.9027e-01 1.1897e+01 1.0901e+01
5.2172e+00 1.0577e+01 7.6527e-01 1.1424e+01 1.0462e+01
5.3389e+00 1.0150e+01 7.4098e-01 1.0969e+01 1.0041e+01
5.4636e+00 9.7389e+00 7.1723e-01 1.0531e+01 9.6345e+00
5.5911e+00 9.3415e+00 6.9391e-01 1.0108e+01 9.2426e+00
5.7216e+00 8.9598e+00 6.7123e-01 9.7005e+00 8.8658e+00
5.8551e+00 8.5932e+00 6.4920e-01 9.3092e+00 8.5038e+00
5.9918e+00 8.2415e+00 6.2780e-01 8.9333e+00 8.1564e+00
6.1316e+00 7.9034e+00 6.0699e-01 8.5716e+00 7.8223e+00
6.2747e+00 7.5790e+00 5.8679e-01 8.2242e+00 7.5015e+00
6.4212e+00 7.2651e+00 5.6695e-01 7.8884e+00 7.1917e+00
6.5711e+00 6.9635e+00 5.4769e-01 7.5656e+00 6.8940e+00
6.7244e+00 6.6744e+00 5.2901e-01 7.2556e+00 6.6084e+00
6.8814e+00 6.3969e+00 5.1089e-01 6.9578e+00 6.3340e+00
7.0420e+00 6.1308e+00 4.9334e-01 6.6719e+00 6.0709e+00
7.2064e+00 5.8753e+00 4.7631e-01 6.3972e+00 5.8182e+00
7.3745e+00 5.6289e+00 4.5969e-01 6.1325e+00 5.5747e+00
7.5467e+00 5.3919e+00 4.4353e-01 5.8777e+00 5.3406e+00
7.7228e+00 5.1647e+00 4.2788e-01 5.6332e+00 5.1161e+00
7.9031e+00 4.9470e+00 4.1274e-01 5.3986e+00 4.9007e+00
8.0875e+00 4.7382e+00 3.9809e-01 5.1735e+00 4.6942e+00
8.2763e+00 4.5380e+00 3.8390e-01 4.9574e+00 4.4961e+00
8.4695e+00 4.3456e+00 3.7013e-01 4.7496e+00 4.3057e+00
8.6671e+00 4.1601e+00 3.5672e-01 4.5495e+00 4.1224e+00
8.8694e+00 3.9825e+00 3.4376e-01 4.3577e+00 3.9467e+00
9.0764e+00 3.8123e+00 3.3123e-01 4.1736e+00 3.7784e+00
9.2883e+00 3.6492e+00 3.1912e-01 3.9971e+00 3.6170e+00
9.5051e+00 3.4930e+00 3.0743e-01 3.8279e+00 3.4624e+00
9.7269e+00 3.3433e+00 2.9612e-01 3.6656e+00 3.3141e+00
9.9540e+00 3.1987e+00 2.8509e-01 3.5090e+00 3.1711e+00
1.0186e+01 3.0605e+00 2.7446e-01 3.3592e+00 3.0343e+00
1.0424e+01 2.9280e+00 2.6419e-01 3.2154e+00 2.9032e+00
1.0667e+01 2.8009e+00 2.5426e-01 3.0774e+00 2.7774e+00
1.0916e+01 2.6799e+00 2.4473e-01 2.9458e+00 2.6575e+00
1.1171e+01 2.5634e+00 2.3548e-01 2.8190e+00 2.5420e+00
1.1432e+01 2.4517e+00 2.2655e-01 2.6975e+00 2.4315e+00
1.1699e+01 2.3443e+00 2.1789e-01 2.5808e+00 2.3253e+00
1.1972e+01 2.2413e+00 2.0951e-01 2.4686e+00 2.2233e+00
1.2251e+01 2.1431e+00 2.0148e-01 2.3616e+00 2.1260e+00
1.2537e+01 2.0491e+00 1.9372e-01 2.2591e+00 2.0328e+00
1.2830e+01 1.9592e+00 1.8626e-01 2.1609e+00 1.9437e+00
1.3129e+01 1.8728e+00 1.7903e-01 2.0666e+00 1.8581e+00
1.3436e+01 1.7896e+00 1.7201e-01 1.9758e+00 1.7758e+00
1.3749e+01 1.7105e+00 1.6530e-01 1.8894e+00 1.6974e+00
1.4070e+01 1.6346e+00 1.5881e-01 1.8064e+00 1.6221e+00
1.4398e+01 1.5620e+00 1.5257e-01 1.7270e+00 1.5502e+00
1.4735e+01 1.4927e+00 1.4657e-01 1.6511e+00 1.4815e+00
1.5078e+01 1.4263e+00 1.4077e-01 1.5783e+00 1.4156e+00
1.5430e+01 1.3624e+00 1.3516e-01 1.5083e+00 1.3523e+00
1.5791e+01 1.3013e+00 1.2977e-01 1.4414e+00 1.2918e+00
1.6159e+01 1.2428e+00 1.2456e-01 1.3773e+00 1.2338e+00
1.6536e+01 1.1871e+00 1.1957e-01 1.3161e+00 1.1785e+00
1.6922e+01 1.1338e+00 1.1478e-01 1.2576e+00 1.1257e+00
1.7317e+01 1.0829e+00 1.1017e-01 1.2016e+00 1.0752e+00
1.7721e+01 1.0338e+00 1.0570e-01 1.1477e+00 1.0266e+00
1.8135e+01 9.8702e-01 1.0140e-01 1.0963e+00 9.8016e-01
1.8558e+01 9.4226e-01 9.7270e-02 1.0470e+00 9.3578e-01
1.8991e+01 8.9953e-01 9.3304e-02 1.0000e+00 8.9339e-01
1.9435e+01 8.5870e-01 8.9493e-02 9.5501e-01 8.5287e-01
1.9888e+01 8.1977e-01 8.5839e-02 9.1208e-01 8.1422e-01
2.0352e+01 7.8231e-01 8.2301e-02 8.7079e-01 7.7706e-01
2.0828e+01 7.4651e-01 7.8900e-02 8.3133e-01 7.4157e-01
2.1314e+01 7.1228e-01 7.5631e-02 7.9358e-01 7.0762e-01
2.1811e+01 6.7966e-01 7.2498e-02 7.5757e-01 6.7525e-01
2.2320e+01 6.4852e-01 6.9491e-02 7.2316e-01 6.4434e-01
2.2841e+01 6.1872e-01 6.6598e-02 6.9021e-01 6.1475e-01
2.3374e+01 5.9032e-01 6.3826e-02 6.5879e-01 5.8654e-01
2.3920e+01 5.6296e-01 6.1140e-02 6.2855e-01 5.5941e-01
2.4478e+01 5.3693e-01 5.8573e-02 5.9977e-01 5.3359e-01
2.5049e+01 5.1206e-01 5.6107e-02 5.7224e-01 5.0891e-01
2.5634e+01 4.8833e-01 5.3741e-02 5.4595e-01 4.8534e-01
2.6232e+01 4.6569e-01 5.1472e-02 5.2084e-01 4.6284e-01
2.6845e+01 4.4410e-01 4.9298e-02 4.9689e-01 4.4139e-01
2.7471e+01 4.2340e-01 4.7204e-02 4.7394e-01 4.2086e-01
2.8112e+01 4.0361e-01 4.5190e-02 4.5199e-01 4.0122e-01
2.8769e+01 3.8471e-01 4.3259e-02 4.3102e-01 3.8246e-01
2.9440e+01 3.6671e-01 4.1409e-02 4.1102e-01 3.6457e-01
3.0127e+01 3.4956e-01 3.9639e-02 3.9196e-01 3.4754e-01
3.0830e+01 3.3317e-01 3.7939e-02 3.7372e-01 3.3124e-01
3.1550e+01 3.1749e-01 3.6306e-02 3.5629e-01 3.1568e-01
3.2286e+01 3.0251e-01 3.4737e-02 3.3964e-01 3.0081e-01
3.3040e+01 2.8822e-01 3.3234e-02 3.2374e-01 2.8662e-01
3.3811e+01 2.7459e-01 3.1793e-02 3.0856e-01 2.7308e-01
3.4600e+01 2.6162e-01 3.0416e-02 2.9410e-01 2.6018e-01
3.5408e+01 2.4924e-01 2.9096e-02 2.8029e-01 2.4788e-01
3.6234e+01 2.3742e-01 2.7829e-02 2.6711e-01 2.3613e-01
3.7080e+01 2.2611e-01 2.6611e-02 2.5449e-01 2.2489e-01
3.7945e+01 2.1532e-01 2.5444e-02 2.4246e-01 2.1418e-01
3.8831e+01 2.0503e-01 2.4327e-02 2.3098e-01 2.0396e-01
3.9737e+01 1.9524e-01 2.3259e-02 2.2004e-01 1.9423e-01
4.0665e+01 1.8591e-01 2.2236e-02 2.0960e-01 1.8494e-01
4.1614e+01 1.7703e-01 2.1258e-02 1.9966e-01 1.7611e-01
4.2585e+01 1.6851e-01 2.0317e-02 1.9014e-01 1.6765e-01
4.3579e+01 1.6038e-01 1.9414e-02 1.8105e-01 1.5957e-01
4.4596e+01 1.5265e-01 1.8553e-02 1.7240e-01 1.5189e-01
4.5637e+01 1.4528e-01 1.7727e-02 1.6415e-01 1.4456e-01
4.6702e+01 1.3827e-01 1.6939e-02 1.5629e-01 1.3759e-01
4.7792e+01 1.3159e-01 1.6184e-02 1.4879e-01 1.3094e-01
4.8908e+01 1.2520e-01 1.5460e-02 1.4163e-01 1.2459e-01
5.0049e+01 1.1910e-01 1.4766e-02 1.3480e-01 1.1853e-01
5.1218e+01 1.1329e-01 1.4101e-02 1.2828e-01 1.1276e-01
5.2413e+01 1.0777e-01 1.3467e-02 1.2208e-01 1.0727e-01
5.3636e+01 1.0251e-01 1.2861e-02 1.1617e-01 1.0204e-01
5.4888e+01 9.7510e-02 1.2281e-02 1.1055e-01 9.7056e-02
5.6169e+01 9.2735e-02 1.1726e-02 1.0518e-01 9.2305e-02
5.7480e+01 8.8168e-02 1.1193e-02 1.0004e-01 8.7767e-02
5.8822e+01 8.3821e-02 1.0683e-02 9.5157e-02 8.3445e-02
6.0195e+01 7.9685e-02 1.0196e-02 9.0502e-02 7.9331e-02
6.1600e+01 7.5752e-02 9.7313e-03 8.6072e-02 7.5418e-02
6.3038e+01 7.2012e-02 9.2873e-03 8.1856e-02 7.1695e-02
6.4509e+01 6.8453e-02 8.8631e-03 7.7842e-02 6.8152e-02
6.6014e+01 6.5044e-02 8.4553e-03 7.4002e-02 6.4763e-02
6.7555e+01 6.1800e-02 8.0656e-03 7.0345e-02 6.1537e-02
6.9132e+01 5.8711e-02 7.6930e-03 6.6860e-02 5.8465e-02
7.0746e+01 5.5780e-02 7.3379e-03 6.3550e-02 5.5548e-02
7.2397e+01 5.2988e-02 6.9984e-03 6.0396e-02 5.2769e-02
7.4087e+01 5.0338e-02 6.6748e-03 5.7399e-02 5.0130e-02
7.5816e+01 4.7804e-02 6.3642e-03 5.4535e-02 4.7608e-02
7.7585e+01 4.5390e-02 6.0671e-03 5.1807e-02 4.5208e-02
7.9396e+01 4.3095e-02 5.7834e-03 4.9211e-02 4.2924e-02
8.1249e+01 4.0913e-02 5.5127e-03 4.6742e-02 4.0752e-02
8.3146e+01 3.8839e-02 5.2543e-03 4.4393e-02 3.8687e-02
8.5086e+01 3.6869e-02 5.0078e-03 4.2159e-02 3.6725e-02
8.7072e+01 3.4993e-02 4.7722e-03 4.0032e-02 3.4857e-02
8.9105e+01 3.3199e-02 4.5460e-03 3.8000e-02 3.3073e-02
9.1184e+01 3.1496e-02 4.3304e-03 3.6069e-02 3.1378e-02
9.3313e+01 2.9879e-02 4.1248e-03 3.4233e-02 2.9768e-02
9.5490e+01 2.8342e-02 3.9286e-03 3.2488e-02 2.8238e-02
9.7719e+01 2.6883e-02 3.7416e-03 3.0830e-02 2.6785e-02
1.0000e+02 2.5497e-02 3.5630e-03 2.9253e-02 2.5403e-02
