1.0000e-03 8.2031e-02 -1.9902e-02 6.1321e-02 8.1223e-02
1.0233e-03 8.8526e-02 -2.1474e-02 6.6181e-02 8.7655e-02
1.0472e-03 9.5515e-02 -2.3164e-02 7.1411e-02 9.4576e-02
1.0717e-03 1.0304e-01 -2.4984e-02 7.7042e-02 1.0203e-01
1.0967e-03 1.1115e-01 -2.6944e-02 8.3111e-02 1.1005e-01
1.1223e-03 1.1988e-01 -2.9054e-02 8.9648e-02 1.1870e-01
1.1485e-03 1.2930e-01 -3.1330e-02 9.6700e-02 1.2803e-01
1.1753e-03 1.3943e-01 -3.3777e-02 1.0429e-01 1.3806e-01
1.2027e-03 1.5036e-01 -3.6415e-02 1.1247e-01 1.4888e-01
1.2308e-03 1.6212e-01 -3.9253e-02 1.2128e-01 1.6053e-01
1.2595e-03 1.7478e-01 -4.2307e-02 1.3076e-01 1.7306e-01
1.2889e-03 1.8840e-01 -4.5592e-02 1.4096e-01 1.8656e-01
1.3190e-03 2.0304e-01 -4.9120e-02 1.5193e-01 2.0105e-01
1.3498e-03 2.1876e-01 -5.2908e-02 1.6371e-01 2.1662e-01
1.3813e-03 2.3564e-01 -5.6975e-02 1.7636e-01 2.3334e-01
1.4135e-03 2.5375e-01 -6.1336e-02 1.8994e-01 2.5128e-01
1.4465e-03 2.7316e-01 -6.6005e-02 2.0449e-01 2.7049e-01
1.4803e-03 2.9397e-01 -7.1010e-02 2.2009e-01 2.9110e-01
1.5148e-03 3.1627e-01 -7.6371e-02 2.3682e-01 3.1319e-01
1.5502e-03 3.4016e-01 -8.2112e-02 2.5474e-01 3.3685e-01
1.5864e-03 3.6577e-01 -8.8261e-02 2.7395e-01 3.6221e-01
1.6234e-03 3.9323e-01 -9.4850e-02 2.9455e-01 3.8940e-01
1.6613e-03 4.2267e-01 -1.0191e-01 3.1665e-01 4.1856e-01
1.7000e-03 4.5425e-01 -1.0948e-01 3.4036e-01 4.4984e-01
1.7397e-03 4.8816e-01 -1.1761e-01 3.6582e-01 4.8343e-01
1.7803e-03 5.2453e-01 -1.2631e-01 3.9313e-01 5.1945e-01
1.8219e-03 5.6355e-01 -1.3565e-01 4.2244e-01 5.5809e-01
1.8644e-03 6.0539e-01 -1.4566e-01 4.5388e-01 5.9954e-01
1.9079e-03 6.5021e-01 -1.5637e-01 4.8757e-01 6.4393e-01
1.9525e-03 6.9824e-01 -1.6784e-01 5.2367e-01 6.9150e-01
1.9980e-03 7.4965e-01 -1.8011e-01 5.6232e-01 7.4242e-01
2.0447e-03 8.0465e-01 -1.9322e-01 6.0369e-01 7.9691e-01
2.0924e-03 8.6343e-01 -2.0723e-01 6.4791e-01 8.5513e-01
2.1412e-03 9.2628e-01 -2.2219e-01 6.9520e-01 9.1739e-01
2.1912e-03 9.9347e-01 -2.3817e-01 7.4578e-01 9.8395e-01
2.2423e-03 1.0653e+00 -2.5524e-01 7.9987e-01 1.0551e+00
2.2947e-03 1.1421e+00 -2.7348e-01 8.5773e-01 1.1312e+00
2.3482e-03 1.2243e+00 -2.9297e-01 9.1963e-01 1.2126e+00
2.4030e-03 1.3122e+00 -3.1381e-01 9.8589e-01 1.2997e+00
2.4591e-03 1.4062e+00 -3.3606e-01 1.0567e+00 1.3928e+00
2.5165e-03 1.5067e+00 -3.5982e-01 1.1325e+00 1.4923e+00
2.5753e-03 1.6140e+00 -3.8518e-01 1.2135e+00 1.5986e+00
2.6354e-03 1.7287e+00 -4.1226e-01 1.3000e+00 1.7123e+00
2.6969e-03 1.8510e+00 -4.4110e-01 1.3924e+00 1.8335e+00
2.7598e-03 1.9815e+00 -4.7183e-01 1.4910e+00 1.9628e+00
2.8242e-03 2.1207e+00 -5.0458e-01 1.5961e+00 2.1007e+00
2.8902e-03 2.2694e+00 -5.3950e-01 1.7085e+00 2.2480e+00
2.9576e-03 2.4278e+00 -5.7669e-01 1.8283e+00 2.4050e+00
3.0266e-03 2.5969e+00 -6.1632e-01 1.9563e+00 2.5726e+00
3.0973e-03 2.7773e+00 -6.5853e-01 2.0928e+00 2.7513e+00
3.1696e-03 2.9696e+00 -7.0347e-01 2.2384e+00 2.9419e+00
3.2436e-03 3.1746e+00 -7.5132e-01 2.3937e+00 3.1450e+00
3.3193e-03 3.3930e+00 -8.0222e-01 2.5593e+00 3.3615e+00
3.3967e-03 3.6256e+00 -8.5635e-01 2.7357e+00 3.5920e+00
3.4760e-03 3.8732e+00 -9.1386e-01 2.9235e+00 3.8374e+00
3.5572e-03 4.1370e+00 -9.7506e-01 3.1238e+00 4.0988e+00
3.6402e-03 4.4175e+00 -1.0400e+00 3.3368e+00 4.3768e+00
3.7251e-03 4.7165e+00 -1.1091e+00 3.5641e+00 4.6732e+00
3.8121e-03 5.0343e+00 -1.1825e+00 3.8057e+00 4.9882e+00
3.9011e-03 5.3725e+00 -1.2604e+00 4.0630e+00 5.3234e+00
3.9921e-03 5.7320e+00 -1.3431e+00 4.3367e+00 5.6798e+00
4.0853e-03 6.1139e+00 -1.4307e+00 4.6277e+00 6.0584e+00
4.1806e-03 6.5200e+00 -1.5237e+00 4.9373e+00 6.4610e+00
4.2782e-03 6.9514e+00 -1.6223e+00 5.2663e+00 6.8886e+00
4.3781e-03 7.4098e+00 -1.7269e+00 5.6162e+00 7.3431e+00
4.4803e-03 7.8963e+00 -1.8376e+00 5.9879e+00 7.8255e+00
4.5848e-03 8.4128e+00 -1.9549e+00 6.3827e+00 8.3376e+00
4.6918e-03 8.9610e+00 -2.0792e+00 6.8021e+00 8.8812e+00
4.8013e-03 9.5424e+00 -2.2106e+00 7.2472e+00 9.4578e+00
4.9134e-03 1.0159e+01 -2.3497e+00 7.7197e+00 1.0069e+01
5.0281e-03 1.0813e+01 -2.4967e+00 8.2207e+00 1.0717e+01
5.1454e-03 1.1506e+01 -2.6521e+00 8.7524e+00 1.1405e+01
5.2655e-03 1.2240e+01 -2.8164e+00 9.3163e+00 1.2133e+01
5.3884e-03 1.3017e+01 -2.9900e+00 9.9140e+00 1.2904e+01
5.5142e-03 1.3840e+01 -3.1731e+00 1.0547e+01 1.3720e+01
5.6429e-03 1.4711e+01 -3.3664e+00 1.1218e+01 1.4584e+01
5.7746e-03 1.5633e+01 -3.5704e+00 1.1928e+01 1.5499e+01
5.9094e-03 1.6607e+01 -3.7853e+00 1.2680e+01 1.6465e+01
6.0473e-03 1.7638e+01 -4.0120e+00 1.3476e+01 1.7488e+01
6.1885e-03 1.8727e+01 -4.2506e+00 1.4317e+01 1.8568e+01
6.3329e-03 1.9877e+01 -4.5019e+00 1.5208e+01 1.9710e+01
6.4807e-03 2.1092e+01 -4.7664e+00 1.6149e+01 2.0915e+01
6.6320e-03 2.2374e+01 -5.0445e+00 1.7143e+01 2.2187e+01
6.7868e-03 2.3726e+01 -5.3369e+00 1.8192e+01 2.3529e+01
6.9452e-03 2.5153e+01 -5.6443e+00 1.9302e+01 2.4946e+01
7.1073e-03 2.6656e+01 -5.9668e+00 2.0471e+01 2.6438e+01
7.2732e-03 2.8241e+01 -6.3056e+00 2.1706e+01 2.8011e+01
7.4429e-03 2.9910e+01 -6.6609e+00 2.3007e+01 2.9668e+01
7.6166e-03 3.1666e+01 -7.0332e+00 2.4379e+01 3.1412e+01
7.7944e-03 3.3514e+01 -7.4233e+00 2.5823e+01 3.3247e+01
7.9763e-03 3.5458e+01 -7.8319e+00 2.7345e+01 3.5177e+01
8.1625e-03 3.7501e+01 -8.2594e+00 2.8947e+01 3.7206e+01
8.3530e-03 3.9647e+01 -8.7062e+00 3.0631e+01 3.9337e+01
8.5480e-03 4.1901e+01 -9.1736e+00 3.2402e+01 4.1576e+01
8.7475e-03 4.4265e+01 -9.6613e+00 3.4263e+01 4.3924e+01
8.9517e-03 4.6746e+01 -1.0170e+01 3.6218e+01 4.6388e+01
9.1606e-03 4.9347e+01 -1.0702e+01 3.8271e+01 4.8973e+01
9.3744e-03 5.2070e+01 -1.1255e+01 4.0424e+01 5.1678e+01
9.5932e-03 5.4922e+01 -1.1831e+01 4.2681e+01 5.4512e+01
9.8171e-03 5.7905e+01 -1.2430e+01 4.5047e+01 5.7477e+01
1.0046e-02 6.1026e+01 -1.3054e+01 4.7525e+01 6.0578e+01
1.0281e-02 6.4284e+01 -1.3701e+01 5.0116e+01 6.3816e+01
1.0521e-02 6.7690e+01 -1.4373e+01 5.2829e+01 6.7202e+01
1.0766e-02 7.1241e+01 -1.5070e+01 5.5663e+01 7.0733e+01
1.1018e-02 7.4942e+01 -1.5791e+01 5.8621e+01 7.4412e+01
1.1275e-02 7.8801e+01 -1.6538e+01 6.1711e+01 7.8249e+01
1.1538e-02 8.2814e+01 -1.7310e+01 6.4930e+01 8.2240e+01
1.1807e-02 8.6990e+01 -1.8108e+01 6.8286e+01 8.6394e+01
1.2083e-02 9.1332e+01 -1.8931e+01 7.1781e+01 9.0712e+01
1.2365e-02 9.5840e+01 -1.9780e+01 7.5417e+01 9.5196e+01
1.2653e-02 1.0052e+02 -2.0654e+01 7.9198e+01 9.9853e+01
1.2949e-02 1.0537e+02 -2.1554e+01 8.3128e+01 1.0468e+02
1.3251e-02 1.1040e+02 -2.2478e+01 8.7203e+01 1.0968e+02
1.3560e-02 1.1559e+02 -2.3425e+01 9.1424e+01 1.1485e+02
1.3877e-02 1.2095e+02 -2.4394e+01 9.5787e+01 1.2018e+02
1.4201e-02 1.2647e+02 -2.5384e+01 1.0030e+02 1.2568e+02
1.4532e-02 1.3216e+02 -2.6395e+01 1.0495e+02 1.3135e+02
1.4871e-02 1.3804e+02 -2.7429e+01 1.0977e+02 1.3720e+02
1.5218e-02 1.4412e+02 -2.8489e+01 1.1476e+02 1.4325e+02
1.5573e-02 1.5041e+02 -2.9577e+01 1.1994e+02 1.4952e+02
1.5937e-02 1.5692e+02 -3.0692e+01 1.2530e+02 1.5600e+02
1.6309e-02 1.6360e+02 -3.1826e+01 1.3083e+02 1.6266e+02
1.6690e-02 1.7045e+02 -3.2974e+01 1.3650e+02 1.6947e+02
1.7079e-02 1.7742e+02 -3.4129e+01 1.4229e+02 1.7642e+02
1.7478e-02 1.8447e+02 -3.5283e+01 1.4817e+02 1.8345e+02
1.7886e-02 1.9164e+02 -3.6441e+01 1.5415e+02 1.9059e+02
1.8303e-02 1.9891e+02 -3.7601e+01 1.6024e+02 1.9784e+02
1.8730e-02 2.0632e+02 -3.8766e+01 1.6646e+02 2.0522e+02
1.9167e-02 2.1385e+02 -3.9936e+01 1.7280e+02 2.1273e+02
1.9615e-02 2.2149e+02 -4.1107e+01 1.7925e+02 2.2035e+02
2.0073e-02 2.2921e+02 -4.2271e+01 1.8578e+02 2.2805e+02
2.0541e-02 2.3695e+02 -4.3420e+01 1.9235e+02 2.3577e+02
2.1021e-02 2.4469e+02 -4.4546e+01 1.9894e+02 2.4349e+02
2.1511e-02 2.5240e+02 -4.5649e+01 2.0554e+02 2.5118e+02
2.2013e-02 2.6009e+02 -4.6726e+01 2.1214e+02 2.5886e+02
2.2527e-02 2.6780e+02 -4.7785e+01 2.1876e+02 2.6655e+02
2.3053e-02 2.7553e+02 -4.8827e+01 2.2544e+02 2.7426e+02
2.3591e-02 2.8328e+02 -4.9852e+01 2.3215e+02 2.8200e+02
2.4142e-02 2.9104e+02 -5.0856e+01 2.3889e+02 2.8975e+02
2.4705e-02 2.9878e+02 -5.1837e+01 2.4565e+02 2.9748e+02
2.5282e-02 3.0650e+02 -5.2791e+01 2.5240e+02 3.0519e+02
2.5872e-02 3.1416e+02 -5.3716e+01 2.5913e+02 3.1285e+02
2.6476e-02 3.2175e+02 -5.4605e+01 2.6582e+02 3.2043e+02
2.7094e-02 3.2922e+02 -5.5453e+01 2.7244e+02 3.2789e+02
2.7726e-02 3.3654e+02 -5.6255e+01 2.7895e+02 3.3521e+02
2.8373e-02 3.4368e+02 -5.7006e+01 2.8534e+02 3.4235e+02
2.9035e-02 3.5064e+02 -5.7707e+01 2.9160e+02 3.4931e+02
2.9713e-02 3.5740e+02 -5.8356e+01 2.9771e+02 3.5607e+02
3.0406e-02 3.6398e+02 -5.8956e+01 3.0370e+02 3.6265e+02
3.1116e-02 3.7037e+02 -5.9505e+01 3.0954e+02 3.6904e+02
3.1842e-02 3.7658e+02 -6.0007e+01 3.1525e+02 3.7526e+02
3.2586e-02 3.8262e+02 -6.0465e+01 3.2085e+02 3.8132e+02
3.3346e-02 3.8855e+02 -6.0885e+01 3.2637e+02 3.8725e+02
3.4124e-02 3.9438e+02 -6.1273e+01 3.3181e+02 3.9309e+02
3.4921e-02 4.0013e+02 -6.1630e+01 3.3722e+02 3.9885e+02
3.5736e-02 4.0583e+02 -6.1963e+01 3.4261e+02 4.0457e+02
3.6570e-02 4.1148e+02 -6.2268e+01 3.4796e+02 4.1023e+02
3.7424e-02 4.1713e+02 -6.2557e+01 3.5334e+02 4.1590e+02
3.8297e-02 4.2280e+02 -6.2830e+01 3.5876e+02 4.2159e+02
3.9191e-02 4.2853e+02 -6.3092e+01 3.6424e+02 4.2733e+02
4.0106e-02 4.3431e+02 -6.3344e+01 3.6979e+02 4.3313e+02
4.1042e-02 4.4022e+02 -6.3594e+01 3.7547e+02 4.3906e+02
4.2000e-02 4.4628e+02 -6.3845e+01 3.8130e+02 4.4514e+02
4.2980e-02 4.5252e+02 -6.4101e+01 3.8730e+02 4.5140e+02
4.3983e-02 4.5904e+02 -6.4376e+01 3.9357e+02 4.5794e+02
4.5010e-02 4.6593e+02 -6.4679e+01 4.0018e+02 4.6486e+02
4.6060e-02 4.7325e+02 -6.5016e+01 4.0719e+02 4.7221e+02
4.7135e-02 4.8106e+02 -6.5394e+01 4.1464e+02 4.8004e+02
4.8235e-02 4.8934e+02 -6.5808e+01 4.2254e+02 4.8834e+02
4.9361e-02 4.9803e+02 -6.6246e+01 4.3081e+02 4.9706e+02
5.0513e-02 5.0716e+02 -6.6712e+01 4.3950e+02 5.0622e+02
5.1692e-02 5.1670e+02 -6.7199e+01 4.4858e+02 5.1578e+02
5.2899e-02 5.2663e+02 -6.7703e+01 4.5804e+02 5.2574e+02
5.4134e-02 5.3693e+02 -6.8217e+01 4.6785e+02 5.3607e+02
5.5397e-02 5.4752e+02 -6.8731e+01 4.7796e+02 5.4669e+02
5.6690e-02 5.5834e+02 -6.9236e+01 4.8831e+02 5.5754e+02
5.8013e-02 5.6921e+02 -6.9709e+01 4.9873e+02 5.6844e+02
5.9367e-02 5.8002e+02 -7.0136e+01 5.0916e+02 5.7929e+02
6.0753e-02 5.9071e+02 -7.0509e+01 5.1951e+02 5.9002e+02
6.2171e-02 6.0103e+02 -7.0801e+01 5.2957e+02 6.0037e+02
6.3622e-02 6.1086e+02 -7.1000e+01 5.3924e+02 6.1024e+02
6.5107e-02 6.1991e+02 -7.1075e+01 5.4826e+02 6.1933e+02
6.6627e-02 6.2790e+02 -7.0997e+01 5.5636e+02 6.2736e+02
6.8182e-02 6.3464e+02 -7.0752e+01 5.6339e+02 6.3414e+02
6.9773e-02 6.4034e+02 -7.0370e+01 5.6952e+02 6.3988e+02
7.1402e-02 6.4509e+02 -6.9865e+01 5.7482e+02 6.4468e+02
7.3068e-02 6.4856e+02 -6.9208e+01 5.7899e+02 6.4820e+02
7.4773e-02 6.5004e+02 -6.8329e+01 5.8139e+02 6.4971e+02
7.6519e-02 6.4912e+02 -6.7198e+01 5.8164e+02 6.4884e+02
7.8305e-02 6.4619e+02 -6.5867e+01 5.8009e+02 6.4596e+02
8.0132e-02 6.4173e+02 -6.4391e+01 5.7714e+02 6.4153e+02
8.2003e-02 6.3594e+02 -6.2802e+01 5.7299e+02 6.3579e+02
8.3917e-02 6.2899e+02 -6.1119e+01 5.6776e+02 6.2888e+02
8.5875e-02 6.2114e+02 -5.9376e+01 5.6169e+02 6.2107e+02
8.7880e-02 6.1285e+02 -5.7617e+01 5.5519e+02 6.1281e+02
8.9931e-02 6.0450e+02 -5.5882e+01 5.4862e+02 6.0450e+02
9.2030e-02 5.9657e+02 -5.4213e+01 5.4239e+02 5.9660e+02
9.4178e-02 5.8951e+02 -5.2649e+01 5.3693e+02 5.8958e+02
9.6376e-02 5.8373e+02 -5.1222e+01 5.3261e+02 5.8384e+02
9.8625e-02 5.7964e+02 -4.9960e+01 5.2982e+02 5.7978e+02
1.0093e-01 5.7748e+02 -4.8875e+01 5.2877e+02 5.7765e+02
1.0328e-01 5.7739e+02 -4.7970e+01 5.2962e+02 5.7759e+02
1.0569e-01 5.7934e+02 -4.7233e+01 5.3234e+02 5.7958e+02
1.0816e-01 5.8311e+02 -4.6635e+01 5.3675e+02 5.8338e+02
1.1068e-01 5.8841e+02 -4.6146e+01 5.4258e+02 5.8872e+02
1.1327e-01 5.9465e+02 -4.5713e+01 5.4928e+02 5.9499e+02
1.1591e-01 6.0125e+02 -4.5288e+01 5.5635e+02 6.0164e+02
1.1862e-01 6.0746e+02 -4.4814e+01 5.6307e+02 6.0788e+02
1.2139e-01 6.1240e+02 -4.4231e+01 5.6864e+02 6.1287e+02
1.2422e-01 6.1539e+02 -4.3494e+01 5.7240e+02 6.1589e+02
1.2712e-01 6.1561e+02 -4.2557e+01 5.7358e+02 6.1614e+02
1.3009e-01 6.1274e+02 -4.1412e+01 5.7189e+02 6.1330e+02
1.3312e-01 6.0662e+02 -4.0064e+01 5.6714e+02 6.0721e+02
1.3623e-01 5.9740e+02 -3.8537e+01 5.5947e+02 5.9801e+02
1.3941e-01 5.8557e+02 -3.6876e+01 5.4931e+02 5.8619e+02
1.4266e-01 5.7185e+02 -3.5138e+01 5.3735e+02 5.7248e+02
1.4599e-01 5.5722e+02 -3.3390e+01 5.2448e+02 5.5787e+02
1.4940e-01 5.4276e+02 -3.1700e+01 5.1171e+02 5.4341e+02
1.5289e-01 5.2964e+02 -3.0132e+01 5.0017e+02 5.3030e+02
1.5645e-01 5.1906e+02 -2.8748e+01 4.9098e+02 5.1973e+02
1.6011e-01 5.1149e+02 -2.7560e+01 4.8462e+02 5.1218e+02
1.6384e-01 5.0731e+02 -2.6575e+01 4.8143e+02 5.0801e+02
1.6767e-01 5.0587e+02 -2.5745e+01 4.8085e+02 5.0659e+02
1.7158e-01 5.0646e+02 -2.5021e+01 4.8219e+02 5.0721e+02
1.7559e-01 5.0805e+02 -2.4346e+01 4.8447e+02 5.0882e+02
1.7968e-01 5.0940e+02 -2.3657e+01 4.8653e+02 5.1018e+02
1.8388e-01 5.0918e+02 -2.2895e+01 4.8709e+02 5.0998e+02
1.8817e-01 5.0614e+02 -2.2015e+01 4.8495e+02 5.0697e+02
1.9256e-01 4.9955e+02 -2.0996e+01 4.7938e+02 5.0038e+02
1.9706e-01 4.8956e+02 -1.9861e+01 4.7053e+02 4.9039e+02
2.0166e-01 4.7711e+02 -1.8663e+01 4.5928e+02 4.7794e+02
2.0636e-01 4.6348e+02 -1.7458e+01 4.4685e+02 4.6430e+02
2.1118e-01 4.5014e+02 -1.6306e+01 4.3465e+02 4.5095e+02
2.1611e-01 4.3839e+02 -1.5251e+01 4.2395e+02 4.3920e+02
2.2115e-01 4.2924e+02 -1.4319e+01 4.1572e+02 4.3004e+02
2.2631e-01 4.2306e+02 -1.3510e+01 4.1035e+02 4.2386e+02
2.3160e-01 4.1935e+02 -1.2797e+01 4.0737e+02 4.2016e+02
2.3700e-01 4.1697e+02 -1.2136e+01 4.0566e+02 4.1780e+02
2.4253e-01 4.1442e+02 -1.1479e+01 4.0377e+02 4.1525e+02
2.4819e-01 4.1032e+02 -1.0791e+01 4.0036e+02 4.1115e+02
2.5399e-01 4.0370e+02 -1.0054e+01 3.9448e+02 4.0453e+02
2.5991e-01 3.9467e+02 -9.2822e+00 3.8622e+02 3.9550e+02
2.6598e-01 3.8400e+02 -8.5008e+00 3.7631e+02 3.8481e+02
2.7219e-01 3.7307e+02 -7.7461e+00 3.6612e+02 3.7387e+02
2.7854e-01 3.6305e+02 -7.0416e+00 3.5680e+02 3.6384e+02
2.8504e-01 3.5494e+02 -6.4012e+00 3.4932e+02 3.5572e+02
2.9170e-01 3.4881e+02 -5.8183e+00 3.4377e+02 3.4959e+02
2.9850e-01 3.4397e+02 -5.2739e+00 3.3947e+02 3.4474e+02
3.0547e-01 3.3921e+02 -4.7461e+00 3.3524e+02 3.3999e+02
3.1260e-01 3.3351e+02 -4.2213e+00 3.3006e+02 3.3428e+02
3.1990e-01 3.2632e+02 -3.6971e+00 3.2338e+02 3.2708e+02
3.2736e-01 3.1791e+02 -3.1819e+00 3.1547e+02 3.1865e+02
3.3500e-01 3.0913e+02 -2.6879e+00 3.0718e+02 3.0986e+02
3.4282e-01 3.0103e+02 -2.2241e+00 2.9953e+02 3.0175e+02
3.5082e-01 2.9403e+02 -1.7901e+00 2.9295e+02 2.9474e+02
3.5901e-01 2.8806e+02 -1.3813e+00 2.8738e+02 2.8876e+02
3.6739e-01 2.8249e+02 -9.9126e-01 2.8219e+02 2.8318e+02
3.7597e-01 2.7654e+02 -6.1666e-01 2.7660e+02 2.7722e+02
3.8474e-01 2.6986e+02 -2.5848e-01 2.7028e+02 2.7054e+02
3.9372e-01 2.6270e+02 8.0717e-02 2.6344e+02 2.6336e+02
4.0291e-01 2.5559e+02 4.0007e-01 2.5664e+02 2.5624e+02
4.1232e-01 2.4903e+02 7.0133e-01 2.5036e+02 2.4966e+02
4.2194e-01 2.4306e+02 9.8685e-01 2.4467e+02 2.4368e+02
4.3179e-01 2.3737e+02 1.2574e+00 2.3925e+02 2.3799e+02
4.4187e-01 2.3155e+02 1.5113e+00 2.3367e+02 2.3215e+02
4.5218e-01 2.2546e+02 1.7472e+00 2.2780e+02 2.2606e+02
4.6273e-01 2.1928e+02 1.9659e+00 2.2183e+02 2.1986e+02
4.7353e-01 2.1333e+02 2.1703e+00 2.1606e+02 2.1389e+02
4.8459e-01 2.0770e+02 2.3625e+00 2.1061e+02 2.0825e+02
4.9590e-01 2.0229e+02 2.5425e+00 2.0537e+02 2.0283e+02
5.0747e-01 1.9688e+02 2.7083e+00 2.0012e+02 1.9741e+02
5.1931e-01 1.9143e+02 2.8592e+00 1.9480e+02 1.9194e+02
5.3144e-01 1.8603e+02 2.9968e+00 1.8953e+02 1.8653e+02
5.4384e-01 1.8081e+02 3.1235e+00 1.8442e+02 1.8130e+02
5.5653e-01 1.7577e+02 3.2401e+00 1.7949e+02 1.7625e+02
5.6952e-01 1.7082e+02 3.3457e+00 1.7464e+02 1.7129e+02
5.8282e-01 1.6591e+02 3.4394e+00 1.6981e+02 1.6637e+02
5.9642e-01 1.6107e+02 3.5223e+00 1.6504e+02 1.6151e+02
6.1034e-01 1.5637e+02 3.5964e+00 1.6040e+02 1.5681e+02
6.2458e-01 1.5179e+02 3.6616e+00 1.5587e+02 1.5221e+02
6.3916e-01 1.4731e+02 3.7180e+00 1.5144e+02 1.4772e+02
6.5408e-01 1.4293e+02 3.7662e+00 1.4710e+02 1.4333e+02
6.6935e-01 1.3864e+02 3.8059e+00 1.4283e+02 1.3903e+02
6.8497e-01 1.3444e+02 3.8380e+00 1.3866e+02 1.3482e+02
7.0096e-01 1.3033e+02 3.8627e+00 1.3457e+02 1.3070e+02
7.1732e-01 1.2632e+02 3.8805e+00 1.3056e+02 1.2668e+02
7.3406e-01 1.2240e+02 3.8917e+00 1.2664e+02 1.2275e+02
7.5119e-01 1.1858e+02 3.8968e+00 1.2282e+02 1.1892e+02
7.6873e-01 1.1485e+02 3.8961e+00 1.1908e+02 1.1518e+02
7.8667e-01 1.1121e+02 3.8898e+00 1.1542e+02 1.1153e+02
8.0503e-01 1.0765e+02 3.8783e+00 1.1184e+02 1.0796e+02
8.2382e-01 1.0419e+02 3.8620e+00 1.0835e+02 1.0449e+02
8.4305e-01 1.0082e+02 3.8414e+00 1.0495e+02 1.0111e+02
8.6272e-01 9.7536e+01 3.8165e+00 1.0164e+02 9.7821e+01
8.8286e-01 9.4341e+01 3.7878e+00 9.8404e+01 9.4616e+01
9.0347e-01 9.1230e+01 3.7554e+00 9.5253e+01 9.1497e+01
9.2455e-01 8.8207e+01 3.7198e+00 9.2185e+01 8.8465e+01
9.4613e-01 8.5264e+01 3.6810e+00 8.9196e+01 8.5515e+01
9.6822e-01 8.2405e+01 3.6395e+00 8.6287e+01 8.2648e+01
9.9081e-01 7.9626e+01 3.5954e+00 8.3456e+01 7.9861e+01
1.0139e+00 7.6922e+01 3.5487e+00 8.0698e+01 7.7149e+01
1.0376e+00 7.4304e+01 3.5004e+00 7.8024e+01 7.4523e+01
1.0618e+00 7.1749e+01 3.4495e+00 7.5410e+01 7.1961e+01
1.0866e+00 6.9278e+01 3.3973e+00 7.2881e+01 6.9483e+01
1.1120e+00 6.6872e+01 3.3432e+00 7.0414e+01 6.7070e+01
1.1379e+00 6.4542e+01 3.2880e+00 6.8022e+01 6.4734e+01
1.1645e+00 6.2281e+01 3.2315e+00 6.5698e+01 6.2466e+01
1.1917e+00 6.0084e+01 3.1737e+00 6.3436e+01 6.0262e+01
1.2195e+00 5.7957e+01 3.1153e+00 6.1245e+01 5.8129e+01
1.2479e+00 5.5891e+01 3.0558e+00 5.9113e+01 5.6057e+01
1.2771e+00 5.3896e+01 2.9962e+00 5.7053e+01 5.4057e+01
1.3069e+00 5.1954e+01 2.9356e+00 5.5045e+01 5.2109e+01
1.3374e+00 5.0077e+01 2.8749e+00 5.3102e+01 5.0227e+01
1.3686e+00 4.8258e+01 2.8139e+00 5.1217e+01 4.8403e+01
1.4005e+00 4.6496e+01 2.7526e+00 4.9387e+01 4.6635e+01
1.4332e+00 4.4791e+01 2.6915e+00 4.7616e+01 4.4925e+01
1.4667e+00 4.3144e+01 2.6305e+00 4.5903e+01 4.3273e+01
1.5009e+00 4.1546e+01 2.5694e+00 4.4240e+01 4.1670e+01
1.5359e+00 4.0005e+01 2.5089e+00 4.2634e+01 4.0125e+01
1.5718e+00 3.8505e+01 2.4481e+00 4.1069e+01 3.8621e+01
1.6085e+00 3.7066e+01 2.3884e+00 3.9566e+01 3.7177e+01
1.6460e+00 3.5667e+01 2.3286e+00 3.8102e+01 3.5773e+01
1.6844e+00 3.4319e+01 2.2697e+00 3.6691e+01 3.4422e+01
1.7237e+00 3.3015e+01 2.2112e+00 3.5325e+01 3.3114e+01
1.7640e+00 3.1756e+01 2.1534e+00 3.4005e+01 3.1851e+01
1.8051e+00 3.0537e+01 2.0961e+00 3.2725e+01 3.0629e+01
1.8473e+00 2.9365e+01 2.0398e+00 3.1493e+01 2.9453e+01
1.8904e+00 2.8228e+01 1.9839e+00 3.0297e+01 2.8313e+01
1.9345e+00 2.7136e+01 1.9292e+00 2.9146e+01 2.7217e+01
1.9797e+00 2.6079e+01 1.8751e+00 2.8033e+01 2.6157e+01
2.0259e+00 2.5059e+01 1.8219e+00 2.6956e+01 2.5134e+01
2.0732e+00 2.4077e+01 1.7697e+00 2.5919e+01 2.4150e+01
2.1216e+00 2.3130e+01 1.7183e+00 2.4918e+01 2.3199e+01
2.1711e+00 2.2216e+01 1.6679e+00 2.3951e+01 2.2283e+01
2.2217e+00 2.1334e+01 1.6184e+00 2.3017e+01 2.1398e+01
2.2736e+00 2.0487e+01 1.5699e+00 2.2118e+01 2.0548e+01
2.3267e+00 1.9668e+01 1.5223e+00 2.1249e+01 1.9726e+01
2.3810e+00 1.8879e+01 1.4757e+00 2.0411e+01 1.8935e+01
2.4365e+00 1.8120e+01 1.4301e+00 1.9604e+01 1.8174e+01
2.4934e+00 1.7389e+01 1.3856e+00 1.8827e+01 1.7441e+01
2.5516e+00 1.6684e+01 1.3419e+00 1.8076e+01 1.6734e+01
2.6112e+00 1.6006e+01 1.2993e+00 1.7353e+01 1.6054e+01
2.6721e+00 1.5354e+01 1.2577e+00 1.6657e+01 1.5400e+01
2.7345e+00 1.4725e+01 1.2170e+00 1.5986e+01 1.4769e+01
2.7983e+00 1.4121e+01 1.1774e+00 1.5341e+01 1.4163e+01
2.8636e+00 1.3539e+01 1.1387e+00 1.4718e+01 1.3579e+01
2.9304e+00 1.2980e+01 1.1010e+00 1.4120e+01 1.3019e+01
2.9988e+00 1.2442e+01 1.0643e+00 1.3543e+01 1.2479e+01
3.0688e+00 1.1925e+01 1.0285e+00 1.2989e+01 1.1960e+01
3.1405e+00 1.1428e+01 9.9371e-01 1.2455e+01 1.1461e+01
3.2138e+00 1.0949e+01 9.5982e-01 1.1942e+01 1.0982e+01
3.2888e+00 1.0490e+01 9.2686e-01 1.1448e+01 1.0521e+01
3.3655e+00 1.0049e+01 8.9481e-01 1.0973e+01 1.0078e+01
3.4441e+00 9.6244e+00 8.6365e-01 1.0517e+01 9.6529e+00
3.5245e+00 9.2168e+00 8.3337e-01 1.0077e+01 9.2441e+00
3.6067e+00 8.8258e+00 8.0401e-01 9.6559e+00 8.8519e+00
3.6909e+00 8.4497e+00 7.7545e-01 9.2501e+00 8.4747e+00
3.7771e+00 8.0893e+00 7.4779e-01 8.8609e+00 8.1131e+00
3.8652e+00 7.7431e+00 7.2094e-01 8.4869e+00 7.7659e+00
3.9554e+00 7.4108e+00 6.9490e-01 8.1275e+00 7.4326e+00
4.0478e+00 7.0917e+00 6.6964e-01 7.7822e+00 7.1126e+00
4.1422e+00 6.7855e+00 6.4516e-01 7.4506e+00 6.8054e+00
4.2389e+00 6.4920e+00 6.2146e-01 7.1325e+00 6.5111e+00
4.3379e+00 6.2100e+00 5.9847e-01 6.8267e+00 6.2282e+00
4.4391e+00 5.9399e+00 5.7624e-01 6.5335e+00 5.9572e+00
4.5427e+00 5.6808e+00 5.5472e-01 6.2521e+00 5.6974e+00
4.6487e+00 5.4324e+00 5.3390e-01 5.9822e+00 5.4483e+00
4.7572e+00 5.1942e+00 5.1375e-01 5.7231e+00 5.2093e+00
4.8683e+00 4.9660e+00 4.9427e-01 5.4747e+00 4.9804e+00
4.9819e+00 4.7471e+00 4.7543e-01 5.2363e+00 4.7609e+00
5.0982e+00 4.5375e+00 4.5724e-01 5.0079e+00 4.5507e+00
5.2172e+00 4.3364e+00 4.3963e-01 4.7886e+00 4.3490e+00
5.3389e+00 4.1439e+00 4.2264e-01 4.5786e+00 4.1560e+00
5.4636e+00 3.9595e+00 4.0623e-01 4.3772e+00 3.9710e+00
5.5911e+00 3.7830e+00 3.9039e-01 4.1843e+00 3.7940e+00
5.7216e+00 3.6139e+00 3.7510e-01 3.9994e+00 3.6243e+00
5.8551e+00 3.4519e+00 3.6034e-01 3.8222e+00 3.4619e+00
5.9918e+00 3.2970e+00 3.4611e-01 3.6526e+00 3.3065e+00
6.1316e+00 3.1485e+00 3.3236e-01 3.4899e+00 3.1575e+00
6.2747e+00 3.0064e+00 3.1912e-01 3.3342e+00 3.0150e+00
6.4212e+00 2.8705e+00 3.0636e-01 3.1851e+00 2.8788e+00
6.5711e+00 2.7404e+00 2.9405e-01 3.0423e+00 2.7483e+00
6.7244e+00 2.6160e+00 2.8220e-01 2.9057e+00 2.6235e+00
6.8814e+00 2.4969e+00 2.7077e-01 2.7748e+00 2.5041e+00
7.0420e+00 2.3830e+00 2.5977e-01 2.6496e+00 2.3898e+00
7.2064e+00 2.2741e+00 2.4917e-01 2.5297e+00 2.2805e+00
7.3745e+00 2.1699e+00 2.3897e-01 2.4151e+00 2.1761e+00
7.5467e+00 2.0703e+00 2.2915e-01 2.3053e+00 2.0762e+00
7.7228e+00 1.9751e+00 2.1970e-01 2.2004e+00 1.9807e+00
7.9031e+00 1.8840e+00 2.1061e-01 2.1000e+00 1.8894e+00
8.0875e+00 1.7970e+00 2.0187e-01 2.0040e+00 1.8021e+00
8.2763e+00 1.7138e+00 1.9345e-01 1.9121e+00 1.7187e+00
8.4695e+00 1.6343e+00 1.8536e-01 1.8243e+00 1.6390e+00
8.6671e+00 1.5584e+00 1.7759e-01 1.7404e+00 1.5628e+00
8.8694e+00 1.4859e+00 1.7011e-01 1.6602e+00 1.4900e+00
9.0764e+00 1.4166e+00 1.6293e-01 1.5835e+00 1.4205e+00
9.2883e+00 1.3503e+00 1.5603e-01 1.5102e+00 1.3541e+00
9.5051e+00 1.2871e+00 1.4940e-01 1.4401e+00 1.2907e+00
9.7269e+00 1.2267e+00 1.4303e-01 1.3732e+00 1.2302e+00
9.9540e+00 1.1690e+00 1.3691e-01 1.3092e+00 1.1723e+00
1.0186e+01 1.1140e+00 1.3104e-01 1.2482e+00 1.1171e+00
1.0424e+01 1.0615e+00 1.2541e-01 1.1898e+00 1.0644e+00
1.0667e+01 1.0112e+00 1.1999e-01 1.1340e+00 1.0140e+00
1.0916e+01 9.6345e-01 1.1481e-01 1.0809e+00 9.6613e-01
1.1171e+01 9.1764e-01 1.0981e-01 1.0300e+00 9.2019e-01
1.1432e+01 8.7412e-01 1.0505e-01 9.8160e-01 8.7655e-01
1.1699e+01 8.3253e-01 1.0046e-01 9.3530e-01 8.3484e-01
1.1972e+01 7.9272e-01 9.6056e-02 8.9097e-01 7.9492e-01
1.2251e+01 7.5487e-01 9.1844e-02 8.4881e-01 7.5696e-01
1.2537e+01 7.1874e-01 8.7803e-02 8.0853e-01 7.2073e-01
1.2830e+01 6.8429e-01 8.3930e-02 7.7011e-01 6.8618e-01
1.3129e+01 6.5143e-01 8.0218e-02 7.3344e-01 6.5323e-01
1.3436e+01 6.2002e-01 7.6652e-02 6.9838e-01 6.2173e-01
1.3749e+01 5.9021e-01 7.3253e-02 6.6509e-01 5.9184e-01
1.4070e+01 5.6171e-01 6.9985e-02 6.3324e-01 5.6325e-01
1.4398e+01 5.3455e-01 6.6858e-02 6.0287e-01 5.3601e-01
1.4735e+01 5.0867e-01 6.3864e-02 5.7393e-01 5.1006e-01
1.5078e+01 4.8396e-01 6.0992e-02 5.4628e-01 4.8529e-01
1.5430e+01 4.6046e-01 5.8248e-02 5.1997e-01 4.6172e-01
1.5791e+01 4.3806e-01 5.5621e-02 4.9487e-01 4.3925e-01
1.6159e+01 4.1666e-01 5.3100e-02 4.7090e-01 4.1780e-01
1.6536e+01 3.9632e-01 5.0693e-02 4.4809e-01 3.9740e-01
1.6922e+01 3.7695e-01 4.8391e-02 4.2637e-01 3.7798e-01
1.7317e+01 3.5849e-01 4.6187e-02 4.0565e-01 3.5946e-01
1.7721e+01 3.4088e-01 4.4076e-02 3.8588e-01 3.4180e-01
1.8135e+01 3.2414e-01 4.2061e-02 3.6708e-01 3.2502e-01
1.8558e+01 3.0819e-01 4.0132e-02 3.4915e-01 3.0902e-01
1.8991e+01 2.9300e-01 3.8288e-02 3.3208e-01 2.9379e-01
1.9435e+01 2.7853e-01 3.6524e-02 3.1581e-01 2.7928e-01
1.9888e+01 2.6478e-01 3.4841e-02 3.0033e-01 2.6549e-01
2.0352e+01 2.5164e-01 3.3225e-02 2.8554e-01 2.5231e-01
2.0828e+01 2.3917e-01 3.1687e-02 2.7150e-01 2.3981e-01
2.1314e+01 2.2728e-01 3.0214e-02 2.5810e-01 2.2789e-01
2.1811e+01 2.1598e-01 2.8809e-02 2.4537e-01 2.1656e-01
2.2320e+01 2.0523e-01 2.7466e-02 2.3324e-01 2.0578e-01
2.2841e+01 1.9497e-01 2.6181e-02 2.2167e-01 1.9549e-01
2.3374e+01 1.8524e-01 2.4956e-02 2.1069e-01 1.8573e-01
2.3920e+01 1.7595e-01 2.3783e-02 2.0020e-01 1.7642e-01
2.4478e+01 1.6714e-01 2.2666e-02 1.9025e-01 1.6759e-01
2.5049e+01 1.5875e-01 2.1598e-02 1.8077e-01 1.5918e-01
2.5634e+01 1.5077e-01 2.0578e-02 1.7175e-01 1.5117e-01
2.6232e+01 1.4317e-01 1.9605e-02 1.6316e-01 1.4355e-01
2.6845e+01 1.3595e-01 1.8676e-02 1.5499e-01 1.3631e-01
2.7471e+01 1.2910e-01 1.7791e-02 1.4723e-01 1.2944e-01
2.8112e+01 1.2257e-01 1.6945e-02 1.3984e-01 1.2290e-01
2.8769e+01 1.1636e-01 1.6137e-02 1.3281e-01 1.1667e-01
2.9440e+01 1.1046e-01 1.5366e-02 1.2612e-01 1.1075e-01
3.0127e+01 1.0485e-01 1.4632e-02 1.1976e-01 1.0513e-01
3.0830e+01 9.9512e-02 1.3930e-02 1.1370e-01 9.9773e-02
3.1550e+01 9.4442e-02 1.3261e-02 1.0795e-01 9.4691e-02
3.2286e+01 8.9629e-02 1.2624e-02 1.0249e-01 8.9864e-02
3.3040e+01 8.5051e-02 1.2016e-02 9.7291e-02 8.5274e-02
3.3811e+01 8.0698e-02 1.1436e-02 9.2346e-02 8.0909e-02
3.4600e+01 7.6565e-02 1.0884e-02 8.7649e-02 7.6765e-02
3.5408e+01 7.2635e-02 1.0357e-02 8.3182e-02 7.2825e-02
3.6234e+01 6.8900e-02 9.8539e-03 7.8934e-02 6.9080e-02
3.7080e+01 6.5357e-02 9.3754e-03 7.4903e-02 6.5528e-02
3.7945e+01 6.1990e-02 8.9192e-03 7.1070e-02 6.2151e-02
3.8831e+01 5.8788e-02 8.4840e-03 6.7425e-02 5.8941e-02
3.9737e+01 5.5751e-02 8.0698e-03 6.3965e-02 5.5896e-02
4.0665e+01 5.2862e-02 7.6746e-03 6.0674e-02 5.2999e-02
4.1614e+01 5.0122e-02 7.2985e-03 5.7551e-02 5.0252e-02
4.2585e+01 4.7521e-02 6.9404e-03 5.4585e-02 4.7644e-02
4.3579e+01 4.5048e-02 6.5989e-03 5.1764e-02 4.5165e-02
4.4596e+01 4.2704e-02 6.2741e-03 4.9089e-02 4.2815e-02
4.5637e+01 4.0476e-02 5.9643e-03 4.6545e-02 4.0580e-02
4.6702e+01 3.8362e-02 5.6696e-03 4.4131e-02 3.8461e-02
4.7792e+01 3.6354e-02 5.3887e-03 4.1836e-02 3.6448e-02
4.8908e+01 3.4449e-02 5.1214e-03 3.9659e-02 3.4538e-02
5.0049e+01 3.2641e-02 4.8670e-03 3.7593e-02 3.2726e-02
5.1218e+01 3.0925e-02 4.6247e-03 3.5629e-02 3.1004e-02
5.2413e+01 2.9298e-02 4.3943e-03 3.3767e-02 2.9373e-02
5.3636e+01 2.7753e-02 4.1748e-03 3.1999e-02 2.7824e-02
5.4888e+01 2.6287e-02 3.9660e-03 3.0321e-02 2.6355e-02
5.6169e+01 2.4896e-02 3.7672e-03 2.8727e-02 2.4960e-02
5.7480e+01 2.3577e-02 3.5781e-03 2.7216e-02 2.3638e-02
5.8822e+01 2.2326e-02 3.3982e-03 2.5781e-02 2.2383e-02
6.0195e+01 2.1138e-02 3.2269e-03 2.4419e-02 2.1192e-02
6.1600e+01 2.0012e-02 3.0640e-03 2.3128e-02 2.0064e-02
6.3038e+01 1.8945e-02 2.9092e-03 2.1902e-02 1.8993e-02
6.4509e+01 1.7932e-02 2.7618e-03 2.0740e-02 1.7978e-02
6.6014e+01 1.6973e-02 2.6217e-03 1.9638e-02 1.7016e-02
6.7555e+01 1.6062e-02 2.4885e-03 1.8592e-02 1.6103e-02
6.9132e+01 1.5198e-02 2.3616e-03 1.7599e-02 1.5237e-02
7.0746e+01 1.4381e-02 2.2411e-03 1.6658e-02 1.4417e-02
7.2397e+01 1.3604e-02 2.1265e-03 1.5765e-02 1.3639e-02
7.4087e+01 1.2870e-02 2.0176e-03 1.4920e-02 1.2902e-02
7.5816e+01 1.2173e-02 1.9140e-03 1.4118e-02 1.2204e-02
7.7585e+01 1.1513e-02 1.8157e-03 1.3358e-02 1.1542e-02
7.9396e+01 1.0887e-02 1.7221e-03 1.2637e-02 1.0915e-02
8.1249e+01 1.0294e-02 1.6332e-03 1.1953e-02 1.0320e-02
8.3146e+01 9.7322e-03 1.5487e-03 1.1306e-02 9.7569e-03
8.5086e+01 9.2001e-03 1.4684e-03 1.0692e-02 9.2234e-03
8.7072e+01 8.6961e-03 1.3922e-03 1.0110e-02 8.7182e-03
8.9105e+01 8.2183e-03 1.3197e-03 9.5589e-03 8.2392e-03
9.1184e+01 7.7660e-03 1.2508e-03 9.0365e-03 7.7856e-03
9.3313e+01 7.3377e-03 1.1855e-03 8.5417e-03 7.3563e-03
9.5490e+01 6.9320e-03 1.1234e-03 8.0729e-03 6.9496e-03
9.7719e+01 6.5481e-03 1.0644e-03 7.6291e-03 6.5647e-03
1.0000e+02 6.1843e-03 1.0083e-03 7.2083e-03 6.2000e-03
