1.0000e-03 6.8824e-02 -1.6627e-02 5.1097e-02 6.7045e-02
1.0233e-03 7.4288e-02 -1.7950e-02 5.5173e-02 7.2373e-02
1.0472e-03 8.0168e-02 -1.9374e-02 5.9562e-02 7.8108e-02
1.0717e-03 8.6500e-02 -2.0908e-02 6.4289e-02 8.4284e-02
1.0967e-03 9.3325e-02 -2.2561e-02 6.9387e-02 9.0941e-02
1.1223e-03 1.0068e-01 -2.4343e-02 7.4882e-02 9.8114e-02
1.1485e-03 1.0861e-01 -2.6266e-02 8.0814e-02 1.0585e-01
1.1753e-03 1.1715e-01 -2.8336e-02 8.7201e-02 1.1419e-01
1.2027e-03 1.2636e-01 -3.0570e-02 9.4096e-02 1.2318e-01
1.2308e-03 1.3628e-01 -3.2975e-02 1.0152e-01 1.3285e-01
1.2595e-03 1.4696e-01 -3.5566e-02 1.0952e-01 1.4328e-01
1.2889e-03 1.5845e-01 -3.8355e-02 1.1814e-01 1.5450e-01
1.3190e-03 1.7080e-01 -4.1352e-02 1.2741e-01 1.6656e-01
1.3498e-03 1.8408e-01 -4.4574e-02 1.3737e-01 1.7952e-01
1.3813e-03 1.9834e-01 -4.8036e-02 1.4808e-01 1.9345e-01
1.4135e-03 2.1365e-01 -5.1752e-02 1.5958e-01 2.0841e-01
1.4465e-03 2.3006e-01 -5.5733e-02 1.7190e-01 2.2443e-01
1.4803e-03 2.4765e-01 -6.0002e-02 1.8513e-01 2.4162e-01
1.5148e-03 2.6651e-01 -6.4579e-02 1.9931e-01 2.6004e-01
1.5502e-03 2.8672e-01 -6.9482e-02 2.1452e-01 2.7979e-01
1.5864e-03 3.0841e-01 -7.4742e-02 2.3085e-01 3.0098e-01
1.6234e-03 3.3166e-01 -8.0381e-02 2.4836e-01 3.2370e-01
1.6613e-03 3.5660e-01 -8.6430e-02 2.6715e-01 3.4807e-01
1.7000e-03 3.8337e-01 -9.2922e-02 2.8733e-01 3.7423e-01
1.7397e-03 4.1212e-01 -9.9895e-02 3.0902e-01 4.0234e-01
1.7803e-03 4.4296e-01 -1.0737e-01 3.3230e-01 4.3249e-01
1.8219e-03 4.7608e-01 -1.1540e-01 3.5731e-01 4.6487e-01
1.8644e-03 5.1163e-01 -1.2402e-01 3.8416e-01 4.9962e-01
1.9079e-03 5.4971e-01 -1.3325e-01 4.1294e-01 5.3686e-01
1.9525e-03 5.9054e-01 -1.4315e-01 4.4382e-01 5.7679e-01
1.9980e-03 6.3425e-01 -1.5374e-01 4.7690e-01 6.1954e-01
2.0447e-03 6.8103e-01 -1.6507e-01 5.1233e-01 6.6530e-01
2.0924e-03 7.3106e-01 -1.7718e-01 5.5022e-01 7.1424e-01
2.1412e-03 7.8460e-01 -1.9014e-01 5.9078e-01 7.6660e-01
2.1912e-03 8.4184e-01 -2.0398e-01 6.3417e-01 8.2260e-01
2.2423e-03 9.0307e-01 -2.1878e-01 6.8061e-01 8.8249e-01
2.2947e-03 9.6858e-01 -2.3461e-01 7.3033e-01 9.4658e-01
2.3482e-03 1.0387e+00 -2.5154e-01 7.8355e-01 1.0152e+00
2.4030e-03 1.1137e+00 -2.6966e-01 8.4056e-01 1.0886e+00
2.4591e-03 1.1940e+00 -2.8903e-01 9.0158e-01 1.1671e+00
2.5165e-03 1.2799e+00 -3.0975e-01 9.6688e-01 1.2512e+00
2.5753e-03 1.3716e+00 -3.3186e-01 1.0367e+00 1.3410e+00
2.6354e-03 1.4698e+00 -3.5551e-01 1.1114e+00 1.4370e+00
2.6969e-03 1.5744e+00 -3.8071e-01 1.1912e+00 1.5395e+00
2.7598e-03 1.6862e+00 -4.0759e-01 1.2764e+00 1.6488e+00
2.8242e-03 1.8055e+00 -4.3626e-01 1.3673e+00 1.7656e+00
2.8902e-03 1.9329e+00 -4.6685e-01 1.4645e+00 1.8903e+00
2.9576e-03 2.0688e+00 -4.9947e-01 1.5683e+00 2.0233e+00
3.0266e-03 2.2139e+00 -5.3425e-01 1.6791e+00 2.1654e+00
3.0973e-03 2.3688e+00 -5.7136e-01 1.7975e+00 2.3170e+00
3.1696e-03 2.5339e+00 -6.1089e-01 1.9238e+00 2.4787e+00
3.2436e-03 2.7102e+00 -6.5302e-01 2.0587e+00 2.6512e+00
3.3193e-03 2.8981e+00 -6.9787e-01 2.2025e+00 2.8351e+00
3.3967e-03 3.0982e+00 -7.4562e-01 2.3558e+00 3.0310e+00
3.4760e-03 3.3114e+00 -7.9640e-01 2.5192e+00 3.2397e+00
3.5572e-03 3.5386e+00 -8.5048e-01 2.6935e+00 3.4622e+00
3.6402e-03 3.7803e+00 -9.0795e-01 2.8791e+00 3.6988e+00
3.7251e-03 4.0381e+00 -9.6916e-01 3.0771e+00 3.9512e+00
3.8121e-03 4.3123e+00 -1.0342e+00 3.2878e+00 4.2197e+00
3.9011e-03 4.6043e+00 -1.1033e+00 3.5123e+00 4.5055e+00
3.9921e-03 4.9148e+00 -1.1767e+00 3.7512e+00 4.8095e+00
4.0853e-03 5.2448e+00 -1.2546e+00 4.0054e+00 5.1327e+00
4.1806e-03 5.5959e+00 -1.3374e+00 4.2760e+00 5.4765e+00
4.2782e-03 5.9689e+00 -1.4252e+00 4.5638e+00 5.8418e+00
4.3781e-03 6.3657e+00 -1.5184e+00 4.8700e+00 6.2303e+00
4.4803e-03 6.7871e+00 -1.6172e+00 5.1953e+00 6.6428e+00
4.5848e-03 7.2346e+00 -1.7220e+00 5.5412e+00 7.0810e+00
4.6918e-03 7.7099e+00 -1.8330e+00 5.9088e+00 7.5464e+00
4.8013e-03 8.2141e+00 -1.9507e+00 6.2992e+00 8.0402e+00
4.9134e-03 8.7492e+00 -2.0753e+00 6.7139e+00 8.5642e+00
5.0281e-03 9.3165e+00 -2.2071e+00 7.1538e+00 9.1197e+00
5.1454e-03 9.9184e+00 -2.3466e+00 7.6209e+00 9.7092e+00
5.2655e-03 1.0557e+01 -2.4943e+00 8.1164e+00 1.0334e+01
5.3884e-03 1.1233e+01 -2.6503e+00 8.6421e+00 1.0996e+01
5.5142e-03 1.1948e+01 -2.8153e+00 9.1991e+00 1.1697e+01
5.6429e-03 1.2706e+01 -2.9895e+00 9.7897e+00 1.2440e+01
5.7746e-03 1.3509e+01 -3.1736e+00 1.0416e+01 1.3226e+01
5.9094e-03 1.4358e+01 -3.3677e+00 1.1078e+01 1.4057e+01
6.0473e-03 1.5257e+01 -3.5727e+00 1.1780e+01 1.4938e+01
6.1885e-03 1.6206e+01 -3.7887e+00 1.2522e+01 1.5868e+01
6.3329e-03 1.7210e+01 -4.0165e+00 1.3308e+01 1.6851e+01
6.4807e-03 1.8271e+01 -4.2565e+00 1.4139e+01 1.7890e+01
6.6320e-03 1.9390e+01 -4.5092e+00 1.5017e+01 1.8987e+01
6.7868e-03 2.0572e+01 -4.7750e+00 1.5945e+01 2.0145e+01
6.9452e-03 2.1820e+01 -5.0548e+00 1.6926e+01 2.1367e+01
7.1073e-03 2.3135e+01 -5.3488e+00 1.7961e+01 2.2655e+01
7.2732e-03 2.4523e+01 -5.6580e+00 1.9054e+01 2.4015e+01
7.4429e-03 2.5984e+01 -5.9827e+00 2.0207e+01 2.5447e+01
7.6166e-03 2.7523e+01 -6.3236e+00 2.1422e+01 2.6954e+01
7.7944e-03 2.9143e+01 -6.6809e+00 2.2703e+01 2.8542e+01
7.9763e-03 3.0847e+01 -7.0555e+00 2.4053e+01 3.0212e+01
8.1625e-03 3.2640e+01 -7.4482e+00 2.5474e+01 3.1969e+01
8.3530e-03 3.4524e+01 -7.8592e+00 2.6969e+01 3.3815e+01
8.5480e-03 3.6504e+01 -8.2897e+00 2.8543e+01 3.5756e+01
8.7475e-03 3.8582e+01 -8.7397e+00 3.0198e+01 3.7793e+01
8.9517e-03 4.0763e+01 -9.2101e+00 3.1936e+01 3.9930e+01
9.1606e-03 4.3052e+01 -9.7013e+00 3.3763e+01 4.2174e+01
9.3744e-03 4.5448e+01 -1.0214e+01 3.5678e+01 4.4523e+01
9.5932e-03 4.7960e+01 -1.0748e+01 3.7689e+01 4.6986e+01
9.8171e-03 5.0589e+01 -1.1305e+01 3.9797e+01 4.9563e+01
1.0046e-02 5.3340e+01 -1.1886e+01 4.2006e+01 5.2261e+01
1.0281e-02 5.6214e+01 -1.2490e+01 4.4319e+01 5.5079e+01
1.0521e-02 5.9220e+01 -1.3117e+01 4.6740e+01 5.8027e+01
1.0766e-02 6.2356e+01 -1.3769e+01 4.9269e+01 6.1103e+01
1.1018e-02 6.5627e+01 -1.4445e+01 5.1912e+01 6.4310e+01
1.1275e-02 6.9038e+01 -1.5147e+01 5.4674e+01 6.7656e+01
1.1538e-02 7.2589e+01 -1.5874e+01 5.7554e+01 7.1139e+01
1.1807e-02 7.6286e+01 -1.6627e+01 6.0559e+01 7.4766e+01
1.2083e-02 8.0131e+01 -1.7404e+01 6.3688e+01 7.8539e+01
1.2365e-02 8.4126e+01 -1.8208e+01 6.6944e+01 8.2458e+01
1.2653e-02 8.8276e+01 -1.9037e+01 7.0333e+01 8.6531e+01
1.2949e-02 9.2583e+01 -1.9894e+01 7.3858e+01 9.0758e+01
1.3251e-02 9.7045e+01 -2.0775e+01 7.7517e+01 9.5136e+01
1.3560e-02 1.0166e+02 -2.1681e+01 8.1309e+01 9.9666e+01
1.3877e-02 1.0642e+02 -2.2610e+01 8.5231e+01 1.0434e+02
1.4201e-02 1.1134e+02 -2.3561e+01 8.9285e+01 1.0917e+02
1.4532e-02 1.1640e+02 -2.4534e+01 9.3472e+01 1.1414e+02
1.4871e-02 1.2164e+02 -2.5534e+01 9.7811e+01 1.1928e+02
1.5218e-02 1.2706e+02 -2.6561e+01 1.0231e+02 1.2461e+02
1.5573e-02 1.3268e+02 -2.7619e+01 1.0698e+02 1.3012e+02
1.5937e-02 1.3849e+02 -2.8707e+01 1.1182e+02 1.3583e+02
1.6309e-02 1.4446e+02 -2.9815e+01 1.1681e+02 1.4170e+02
1.6690e-02 1.5058e+02 -3.0940e+01 1.2193e+02 1.4771e+02
1.7079e-02 1.5682e+02 -3.2078e+01 1.2717e+02 1.5384e+02
1.7478e-02 1.6314e+02 -3.3221e+01 1.3249e+02 1.6005e+02
1.7886e-02 1.6957e+02 -3.4372e+01 1.3792e+02 1.6637e+02
1.8303e-02 1.7611e+02 -3.5531e+01 1.4344e+02 1.7279e+02
1.8730e-02 1.8276e+02 -3.6699e+01 1.4909e+02 1.7933e+02
1.9167e-02 1.8954e+02 -3.7876e+01 1.5484e+02 1.8599e+02
1.9615e-02 1.9642e+02 -3.9061e+01 1.6071e+02 1.9276e+02
2.0073e-02 2.0338e+02 -4.0246e+01 1.6666e+02 1.9960e+02
2.0541e-02 2.1037e+02 -4.1424e+01 1.7265e+02 2.0648e+02
2.1021e-02 2.1736e+02 -4.2587e+01 1.7867e+02 2.1336e+02
2.1511e-02 2.2435e+02 -4.3733e+01 1.8470e+02 2.2023e+02
2.2013e-02 2.3133e+02 -4.4860e+01 1.9074e+02 2.2709e+02
2.2527e-02 2.3832e+02 -4.5975e+01 1.9681e+02 2.3397e+02
2.3053e-02 2.4535e+02 -4.7083e+01 2.0294e+02 2.4089e+02
2.3591e-02 2.5241e+02 -4.8182e+01 2.0911e+02 2.4784e+02
2.4142e-02 2.5949e+02 -4.9270e+01 2.1532e+02 2.5481e+02
2.4705e-02 2.6657e+02 -5.0344e+01 2.2155e+02 2.6178e+02
2.5282e-02 2.7363e+02 -5.1393e+01 2.2778e+02 2.6873e+02
2.5872e-02 2.8066e+02 -5.2422e+01 2.3401e+02 2.7565e+02
2.6476e-02 2.8763e+02 -5.3426e+01 2.4021e+02 2.8252e+02
2.7094e-02 2.9451e+02 -5.4399e+01 2.4635e+02 2.8929e+02
2.7726e-02 3.0128e+02 -5.5336e+01 2.5242e+02 2.9595e+02
2.8373e-02 3.0789e+02 -5.6233e+01 2.5839e+02 3.0247e+02
2.9035e-02 3.1435e+02 -5.7082e+01 2.6424e+02 3.0884e+02
2.9713e-02 3.2065e+02 -5.7887e+01 2.6997e+02 3.1504e+02
3.0406e-02 3.2680e+02 -5.8653e+01 2.7559e+02 3.2111e+02
3.1116e-02 3.3279e+02 -5.9377e+01 2.8110e+02 3.2701e+02
3.1842e-02 3.3864e+02 -6.0065e+01 2.8652e+02 3.3278e+02
3.2586e-02 3.4436e+02 -6.0719e+01 2.9184e+02 3.3841e+02
3.3346e-02 3.4998e+02 -6.1340e+01 2.9709e+02 3.4396e+02
3.4124e-02 3.5552e+02 -6.1930e+01 3.0229e+02 3.4942e+02
3.4921e-02 3.6101e+02 -6.2500e+01 3.0746e+02 3.5484e+02
3.5736e-02 3.6648e+02 -6.3055e+01 3.1263e+02 3.6023e+02
3.6570e-02 3.7191e+02 -6.3593e+01 3.1779e+02 3.6559e+02
3.7424e-02 3.7737e+02 -6.4125e+01 3.2300e+02 3.7098e+02
3.8297e-02 3.8286e+02 -6.4651e+01 3.2825e+02 3.7639e+02
3.9191e-02 3.8840e+02 -6.5163e+01 3.3355e+02 3.8187e+02
4.0106e-02 3.9403e+02 -6.5676e+01 3.3894e+02 3.8741e+02
4.1042e-02 3.9979e+02 -6.6200e+01 3.4447e+02 3.9310e+02
4.2000e-02 4.0570e+02 -6.6738e+01 3.5016e+02 3.9893e+02
4.2980e-02 4.1181e+02 -6.7294e+01 3.5603e+02 4.0495e+02
4.3983e-02 4.1819e+02 -6.7883e+01 3.6217e+02 4.1125e+02
4.5010e-02 4.2494e+02 -6.8504e+01 3.6862e+02 4.1790e+02
4.6060e-02 4.3209e+02 -6.9171e+01 3.7546e+02 4.2495e+02
4.7135e-02 4.3972e+02 -6.9898e+01 3.8273e+02 4.3247e+02
4.8235e-02 4.4782e+02 -7.0682e+01 3.9044e+02 4.4045e+02
4.9361e-02 4.5632e+02 -7.1512e+01 3.9854e+02 4.4883e+02
5.0513e-02 4.6526e+02 -7.2391e+01 4.0706e+02 4.5764e+02
5.1692e-02 4.7461e+02 -7.3303e+01 4.1595e+02 4.6685e+02
5.2899e-02 4.8436e+02 -7.4243e+01 4.2521e+02 4.7645e+02
5.4134e-02 4.9448e+02 -7.5218e+01 4.3483e+02 4.8642e+02
5.5397e-02 5.0492e+02 -7.6217e+01 4.4477e+02 4.9669e+02
5.6690e-02 5.1562e+02 -7.7232e+01 4.5498e+02 5.0722e+02
5.8013e-02 5.2641e+02 -7.8237e+01 4.6531e+02 5.1784e+02
5.9367e-02 5.3721e+02 -7.9215e+01 4.7567e+02 5.2846e+02
6.0753e-02 5.4792e+02 -8.0131e+01 4.8597e+02 5.3900e+02
6.2171e-02 5.5834e+02 -8.0982e+01 4.9605e+02 5.4925e+02
6.3622e-02 5.6837e+02 -8.1753e+01 5.0582e+02 5.5910e+02
6.5107e-02 5.7774e+02 -8.2409e+01 5.1502e+02 5.6830e+02
6.6627e-02 5.8616e+02 -8.2913e+01 5.2342e+02 5.7657e+02
6.8182e-02 5.9347e+02 -8.3246e+01 5.3085e+02 5.8374e+02
6.9773e-02 5.9984e+02 -8.3403e+01 5.3743e+02 5.8998e+02
7.1402e-02 6.0537e+02 -8.3428e+01 5.4326e+02 5.9539e+02
7.3068e-02 6.0975e+02 -8.3286e+01 5.4808e+02 5.9965e+02
7.4773e-02 6.1229e+02 -8.2893e+01 5.5125e+02 6.0211e+02
7.6519e-02 6.1261e+02 -8.2203e+01 5.5243e+02 6.0238e+02
7.8305e-02 6.1107e+02 -8.1274e+01 5.5193e+02 6.0081e+02
8.0132e-02 6.0808e+02 -8.0140e+01 5.5008e+02 5.9782e+02
8.2003e-02 6.0383e+02 -7.8836e+01 5.4708e+02 5.9359e+02
8.3917e-02 5.9850e+02 -7.7411e+01 5.4307e+02 5.8828e+02
8.5875e-02 5.9232e+02 -7.5897e+01 5.3827e+02 5.8214e+02
8.7880e-02 5.8572e+02 -7.4354e+01 5.3307e+02 5.7558e+02
8.9931e-02 5.7908e+02 -7.2830e+01 5.2781e+02 5.6897e+02
9.2030e-02 5.7283e+02 -7.1369e+01 5.2288e+02 5.6275e+02
9.4178e-02 5.6739e+02 -6.9991e+01 5.1864e+02 5.5732e+02
9.6376e-02 5.6319e+02 -6.8786e+01 5.1552e+02 5.5311e+02
9.8625e-02 5.6064e+02 -6.7797e+01 5.1390e+02 5.5052e+02
1.0093e-01 5.5999e+02 -6.7048e+01 5.1401e+02 5.4978e+02
1.0328e-01 5.6138e+02 -6.6550e+01 5.1599e+02 5.5104e+02
1.0569e-01 5.6480e+02 -6.6294e+01 5.1984e+02 5.5428e+02
1.0816e-01 5.7000e+02 -6.6197e+01 5.2532e+02 5.5929e+02
1.1068e-01 5.7677e+02 -6.6265e+01 5.3224e+02 5.6581e+02
1.1327e-01 5.8453e+02 -6.6434e+01 5.4009e+02 5.7330e+02
1.1591e-01 5.9273e+02 -6.6641e+01 5.4837e+02 5.8122e+02
1.1862e-01 6.0064e+02 -6.6800e+01 5.5638e+02 5.8883e+02
1.2139e-01 6.0738e+02 -6.6819e+01 5.6333e+02 5.9528e+02
1.2422e-01 6.1221e+02 -6.6586e+01 5.6850e+02 5.9987e+02
1.2712e-01 6.1430e+02 -6.6027e+01 5.7113e+02 6.0177e+02
1.3009e-01 6.1336e+02 -6.5146e+01 5.7093e+02 6.0069e+02
1.3312e-01 6.0919e+02 -6.3936e+01 5.6772e+02 5.9645e+02
1.3623e-01 6.0192e+02 -6.2420e+01 5.6158e+02 5.8916e+02
1.3941e-01 5.9200e+02 -6.0659e+01 5.5295e+02 5.7927e+02
1.4266e-01 5.8012e+02 -5.8717e+01 5.4245e+02 5.6746e+02
1.4599e-01 5.6718e+02 -5.6664e+01 5.3095e+02 5.5466e+02
1.4940e-01 5.5436e+02 -5.4663e+01 5.1951e+02 5.4196e+02
1.5289e-01 5.4286e+02 -5.2830e+01 5.0928e+02 5.3056e+02
1.5645e-01 5.3394e+02 -5.1279e+01 5.0143e+02 5.2167e+02
1.6011e-01 5.2811e+02 -5.0050e+01 4.9647e+02 5.1580e+02
1.6384e-01 5.2578e+02 -4.9168e+01 4.9477e+02 5.1333e+02
1.6767e-01 5.2619e+02 -4.8508e+01 4.9567e+02 5.1358e+02
1.7158e-01 5.2875e+02 -4.8042e+01 4.9859e+02 5.1593e+02
1.7559e-01 5.3242e+02 -4.7673e+01 5.0254e+02 5.1933e+02
1.7968e-01 5.3590e+02 -4.7282e+01 5.0632e+02 5.2255e+02
1.8388e-01 5.3779e+02 -4.6749e+01 5.0858e+02 5.2420e+02
1.8817e-01 5.3676e+02 -4.5965e+01 5.0807e+02 5.2299e+02
1.9256e-01 5.3185e+02 -4.4838e+01 5.0391e+02 5.1804e+02
1.9706e-01 5.2324e+02 -4.3405e+01 4.9624e+02 5.0951e+02
2.0166e-01 5.1197e+02 -4.1782e+01 4.8601e+02 4.9838e+02
2.0636e-01 4.9937e+02 -4.0086e+01 4.7449e+02 4.8595e+02
2.1118e-01 4.8702e+02 -3.8447e+01 4.6317e+02 4.7376e+02
2.1611e-01 4.7633e+02 -3.6973e+01 4.5339e+02 4.6318e+02
2.2115e-01 4.6836e+02 -3.5731e+01 4.4620e+02 4.5527e+02
2.2631e-01 4.6348e+02 -3.4727e+01 4.4197e+02 4.5041e+02
2.3160e-01 4.6132e+02 -3.3938e+01 4.4031e+02 4.4817e+02
2.3700e-01 4.6064e+02 -3.3265e+01 4.4006e+02 4.4738e+02
2.4253e-01 4.5979e+02 -3.2584e+01 4.3963e+02 4.4640e+02
2.4819e-01 4.5725e+02 -3.1791e+01 4.3757e+02 4.4377e+02
2.5399e-01 4.5190e+02 -3.0816e+01 4.3280e+02 4.3842e+02
2.5991e-01 4.4362e+02 -2.9645e+01 4.2528e+02 4.3029e+02
2.6598e-01 4.3344e+02 -2.8374e+01 4.1590e+02 4.2031e+02
2.7219e-01 4.2292e+02 -2.7110e+01 4.0616e+02 4.1000e+02
2.7854e-01 4.1337e+02 -2.5939e+01 3.9734e+02 4.0063e+02
2.8504e-01 4.0595e+02 -2.4926e+01 3.9054e+02 3.9331e+02
2.9170e-01 4.0077e+02 -2.4070e+01 3.8586e+02 3.8816e+02
2.9850e-01 3.9692e+02 -2.3302e+01 3.8250e+02 3.8434e+02
3.0547e-01 3.9310e+02 -2.2544e+01 3.7917e+02 3.8057e+02
3.1260e-01 3.8817e+02 -2.1737e+01 3.7476e+02 3.7572e+02
3.1990e-01 3.8149e+02 -2.0849e+01 3.6863e+02 3.6916e+02
3.2736e-01 3.7333e+02 -1.9901e+01 3.6106e+02 3.6118e+02
3.3500e-01 3.6470e+02 -1.8953e+01 3.5300e+02 3.5273e+02
3.4282e-01 3.5675e+02 -1.8062e+01 3.4560e+02 3.4496e+02
3.5082e-01 3.4994e+02 -1.7249e+01 3.3933e+02 3.3833e+02
3.5901e-01 3.4432e+02 -1.6513e+01 3.3419e+02 3.3284e+02
3.6739e-01 3.3915e+02 -1.5814e+01 3.2947e+02 3.2780e+02
3.7597e-01 3.3351e+02 -1.5108e+01 3.2427e+02 3.2228e+02
3.8474e-01 3.2696e+02 -1.4378e+01 3.1817e+02 3.1588e+02
3.9372e-01 3.1976e+02 -1.3639e+01 3.1143e+02 3.0886e+02
4.0291e-01 3.1243e+02 -1.2917e+01 3.0458e+02 3.0175e+02
4.1232e-01 3.0572e+02 -1.2239e+01 2.9833e+02 2.9525e+02
4.2194e-01 2.9971e+02 -1.1607e+01 2.9273e+02 2.8941e+02
4.3179e-01 2.9401e+02 -1.1003e+01 2.8742e+02 2.8387e+02
4.4187e-01 2.8811e+02 -1.0408e+01 2.8190e+02 2.7813e+02
4.5218e-01 2.8184e+02 -9.8160e+00 2.7600e+02 2.7203e+02
4.6273e-01 2.7531e+02 -9.2352e+00 2.6986e+02 2.6571e+02
4.7353e-01 2.6898e+02 -8.6797e+00 2.6391e+02 2.5959e+02
4.8459e-01 2.6302e+02 -8.1525e+00 2.5831e+02 2.5383e+02
4.9590e-01 2.5730e+02 -7.6483e+00 2.5292e+02 2.4829e+02
5.0747e-01 2.5155e+02 -7.1585e+00 2.4750e+02 2.4273e+02
5.1931e-01 2.4571e+02 -6.6811e+00 2.4196e+02 2.3706e+02
5.3144e-01 2.3985e+02 -6.2209e+00 2.3640e+02 2.3139e+02
5.4384e-01 2.3410e+02 -5.7820e+00 2.3096e+02 2.2585e+02
5.5653e-01 2.2855e+02 -5.3625e+00 2.2571e+02 2.2050e+02
5.6952e-01 2.2309e+02 -4.9591e+00 2.2052e+02 2.1523e+02
5.8282e-01 2.1764e+02 -4.5700e+00 2.1534e+02 2.0997e+02
5.9642e-01 2.1225e+02 -4.1958e+00 2.1018e+02 2.0475e+02
6.1034e-01 2.0700e+02 -3.8386e+00 2.0517e+02 1.9968e+02
6.2458e-01 2.0177e+02 -3.5000e+00 2.0019e+02 1.9465e+02
6.3916e-01 1.9665e+02 -3.1760e+00 1.9529e+02 1.8972e+02
6.5408e-01 1.9163e+02 -2.8662e+00 1.9049e+02 1.8488e+02
6.6935e-01 1.8668e+02 -2.5699e+00 1.8575e+02 1.8011e+02
6.8497e-01 1.8184e+02 -2.2871e+00 1.8109e+02 1.7544e+02
7.0096e-01 1.7708e+02 -2.0171e+00 1.7651e+02 1.7085e+02
7.1732e-01 1.7236e+02 -1.7629e+00 1.7197e+02 1.6631e+02
7.3406e-01 1.6771e+02 -1.5219e+00 1.6750e+02 1.6183e+02
7.5119e-01 1.6316e+02 -1.2928e+00 1.6311e+02 1.5746e+02
7.6873e-01 1.5872e+02 -1.0752e+00 1.5882e+02 1.5317e+02
7.8667e-01 1.5436e+02 -8.6859e-01 1.5460e+02 1.4897e+02
8.0503e-01 1.5009e+02 -6.7276e-01 1.5046e+02 1.4486e+02
8.2382e-01 1.4589e+02 -4.8916e-01 1.4638e+02 1.4082e+02
8.4305e-01 1.4176e+02 -3.1786e-01 1.4237e+02 1.3684e+02
8.6272e-01 1.3772e+02 -1.5614e-01 1.3845e+02 1.3296e+02
8.8286e-01 1.3377e+02 -3.6714e-03 1.3461e+02 1.2916e+02
9.0347e-01 1.2992e+02 1.3990e-01 1.3086e+02 1.2545e+02
9.2455e-01 1.2617e+02 2.7490e-01 1.2719e+02 1.2184e+02
9.4613e-01 1.2250e+02 4.0119e-01 1.2360e+02 1.1830e+02
9.6822e-01 1.1887e+02 5.1627e-01 1.2006e+02 1.1482e+02
9.9081e-01 1.1534e+02 6.2385e-01 1.1660e+02 1.1142e+02
1.0139e+00 1.1189e+02 7.2422e-01 1.1322e+02 1.0810e+02
1.0376e+00 1.0854e+02 8.1779e-01 1.0993e+02 1.0488e+02
1.0618e+00 1.0526e+02 9.0462e-01 1.0671e+02 1.0172e+02
1.0866e+00 1.0209e+02 9.8528e-01 1.0358e+02 9.8660e+01
1.1120e+00 9.8948e+01 1.0571e+00 1.0049e+02 9.5640e+01
1.1379e+00 9.5891e+01 1.1226e+00 9.7477e+01 9.2700e+01
1.1645e+00 9.2916e+01 1.1827e+00 9.4540e+01 8.9837e+01
1.1917e+00 9.0015e+01 1.2376e+00 9.1672e+01 8.7044e+01
1.2195e+00 8.7201e+01 1.2876e+00 8.8884e+01 8.4333e+01
1.2479e+00 8.4458e+01 1.3329e+00 8.6163e+01 8.1689e+01
1.2771e+00 8.1786e+01 1.3725e+00 8.3512e+01 7.9116e+01
1.3069e+00 7.9158e+01 1.4063e+00 8.0904e+01 7.6587e+01
1.3374e+00 7.6611e+01 1.4362e+00 7.8373e+01 7.4135e+01
1.3686e+00 7.4137e+01 1.4624e+00 7.5910e+01 7.1752e+01
1.4005e+00 7.1731e+01 1.4850e+00 7.3511e+01 6.9433e+01
1.4332e+00 6.9398e+01 1.5044e+00 7.1181e+01 6.7183e+01
1.4667e+00 6.7133e+01 1.5203e+00 6.8916e+01 6.4999e+01
1.5009e+00 6.4905e+01 1.5311e+00 6.6690e+01 6.2854e+01
1.5359e+00 6.2752e+01 1.5395e+00 6.4536e+01 6.0780e+01
1.5718e+00 6.0648e+01 1.5449e+00 6.2428e+01 5.8752e+01
1.6085e+00 5.8626e+01 1.5483e+00 6.0398e+01 5.6802e+01
1.6460e+00 5.6652e+01 1.5492e+00 5.8414e+01 5.4897e+01
1.6844e+00 5.4747e+01 1.5482e+00 5.6495e+01 5.3057e+01
1.7237e+00 5.2879e+01 1.5435e+00 5.4616e+01 5.1257e+01
1.7640e+00 5.1067e+01 1.5368e+00 5.2791e+01 4.9510e+01
1.8051e+00 4.9308e+01 1.5284e+00 5.1017e+01 4.7813e+01
1.8473e+00 4.7612e+01 1.5187e+00 4.9304e+01 4.6176e+01
1.8904e+00 4.5960e+01 1.5073e+00 4.7633e+01 4.4581e+01
1.9345e+00 4.4371e+01 1.4949e+00 4.6023e+01 4.3045e+01
1.9797e+00 4.2819e+01 1.4804e+00 4.4450e+01 4.1547e+01
2.0259e+00 4.1308e+01 1.4640e+00 4.2919e+01 4.0089e+01
2.0732e+00 3.9850e+01 1.4469e+00 4.1439e+01 3.8681e+01
2.1216e+00 3.8440e+01 1.4289e+00 4.0005e+01 3.7319e+01
2.1711e+00 3.7075e+01 1.4101e+00 3.8616e+01 3.6000e+01
2.2217e+00 3.5754e+01 1.3906e+00 3.7270e+01 3.4722e+01
2.2736e+00 3.4477e+01 1.3704e+00 3.5967e+01 3.3488e+01
2.3267e+00 3.3230e+01 1.3485e+00 3.4695e+01 3.2283e+01
2.3810e+00 3.2026e+01 1.3263e+00 3.3466e+01 3.1119e+01
2.4365e+00 3.0863e+01 1.3038e+00 3.2276e+01 2.9994e+01
2.4934e+00 2.9742e+01 1.2810e+00 3.1128e+01 2.8909e+01
2.5516e+00 2.8655e+01 1.2579e+00 3.0014e+01 2.7858e+01
2.6112e+00 2.7608e+01 1.2347e+00 2.8939e+01 2.6843e+01
2.6721e+00 2.6588e+01 1.2104e+00 2.7893e+01 2.5857e+01
2.7345e+00 2.5601e+01 1.1859e+00 2.6879e+01 2.4902e+01
2.7983e+00 2.4650e+01 1.1615e+00 2.5901e+01 2.3981e+01
2.8636e+00 2.3731e+01 1.1371e+00 2.4954e+01 2.3091e+01
2.9304e+00 2.2846e+01 1.1128e+00 2.4042e+01 2.2233e+01
2.9988e+00 2.1992e+01 1.0886e+00 2.3159e+01 2.1405e+01
3.0688e+00 2.1163e+01 1.0641e+00 2.2303e+01 2.0602e+01
3.1405e+00 2.0361e+01 1.0394e+00 2.1475e+01 1.9825e+01
3.2138e+00 1.9587e+01 1.0149e+00 2.0675e+01 1.9076e+01
3.2888e+00 1.8842e+01 9.9069e-01 1.9903e+01 1.8353e+01
3.3655e+00 1.8124e+01 9.6675e-01 1.9159e+01 1.7656e+01
3.4441e+00 1.7432e+01 9.4308e-01 1.8440e+01 1.6985e+01
3.5245e+00 1.6763e+01 9.1953e-01 1.7745e+01 1.6335e+01
3.6067e+00 1.6115e+01 8.9589e-01 1.7072e+01 1.5707e+01
3.6909e+00 1.5490e+01 8.7256e-01 1.6422e+01 1.5101e+01
3.7771e+00 1.4889e+01 8.4966e-01 1.5797e+01 1.4518e+01
3.8652e+00 1.4311e+01 8.2714e-01 1.5194e+01 1.3956e+01
3.9554e+00 1.3754e+01 8.0500e-01 1.4613e+01 1.3415e+01
4.0478e+00 1.3217e+01 7.8325e-01 1.4052e+01 1.2893e+01
4.1422e+00 1.2696e+01 7.6140e-01 1.3508e+01 1.2387e+01
4.2389e+00 1.2195e+01 7.4001e-01 1.2985e+01 1.1901e+01
4.3379e+00 1.1712e+01 7.1900e-01 1.2479e+01 1.1432e+01
4.4391e+00 1.1249e+01 6.9847e-01 1.1994e+01 1.0981e+01
4.5427e+00 1.0803e+01 6.7838e-01 1.1526e+01 1.0547e+01
4.6487e+00 1.0374e+01 6.5873e-01 1.1075e+01 1.0130e+01
4.7572e+00 9.9589e+00 6.3925e-01 1.0640e+01 9.7265e+00
4.8683e+00 9.5590e+00 6.2011e-01 1.0220e+01 9.3376e+00
4.9819e+00 9.1742e+00 6.0140e-01 9.8150e+00 8.9634e+00
5.0982e+00 8.8049e+00 5.8317e-01 9.4261e+00 8.6039e+00
5.2172e+00 8.4494e+00 5.6534e-01 9.0514e+00 8.2578e+00
5.3389e+00 8.1082e+00 5.4800e-01 8.6914e+00 7.9254e+00
5.4636e+00 7.7793e+00 5.3098e-01 8.3443e+00 7.6051e+00
5.5911e+00 7.4617e+00 5.1421e-01 8.0091e+00 7.2960e+00
5.7216e+00 7.1565e+00 4.9788e-01 7.6866e+00 6.9988e+00
5.8551e+00 6.8634e+00 4.8198e-01 7.3767e+00 6.7133e+00
5.9918e+00 6.5822e+00 4.6653e-01 7.0789e+00 6.4392e+00
6.1316e+00 6.3120e+00 4.5149e-01 6.7924e+00 6.1757e+00
6.2747e+00 6.0526e+00 4.3687e-01 6.5171e+00 5.9226e+00
6.4212e+00 5.8017e+00 4.2244e-01 6.2511e+00 5.6782e+00
6.5711e+00 5.5606e+00 4.0842e-01 5.9954e+00 5.4432e+00
6.7244e+00 5.3295e+00 3.9481e-01 5.7498e+00 5.2179e+00
6.8814e+00 5.1077e+00 3.8159e-01 5.5139e+00 5.0014e+00
7.0420e+00 4.8950e+00 3.6878e-01 5.2874e+00 4.7938e+00
7.2064e+00 4.6908e+00 3.5633e-01 5.0697e+00 4.5943e+00
7.3745e+00 4.4938e+00 3.4415e-01 4.8599e+00 4.4022e+00
7.5467e+00 4.3044e+00 3.3228e-01 4.6580e+00 4.2174e+00
7.7228e+00 4.1229e+00 3.2078e-01 4.4643e+00 4.0402e+00
7.9031e+00 3.9488e+00 3.0964e-01 4.2784e+00 3.8702e+00
8.0875e+00 3.7820e+00 2.9886e-01 4.1001e+00 3.7072e+00
8.2763e+00 3.6220e+00 2.8841e-01 3.9288e+00 3.5508e+00
8.4695e+00 3.4682e+00 2.7825e-01 3.7641e+00 3.4005e+00
8.6671e+00 3.3201e+00 2.6832e-01 3.6056e+00 3.2558e+00
8.8694e+00 3.1781e+00 2.5873e-01 3.4535e+00 3.1171e+00
9.0764e+00 3.0422e+00 2.4945e-01 3.3077e+00 2.9842e+00
9.2883e+00 2.9119e+00 2.4048e-01 3.1678e+00 2.8568e+00
9.5051e+00 2.7871e+00 2.3181e-01 3.0337e+00 2.7347e+00
9.7269e+00 2.6675e+00 2.2342e-01 2.9051e+00 2.6176e+00
9.9540e+00 2.5520e+00 2.1521e-01 2.7809e+00 2.5047e+00
1.0186e+01 2.4416e+00 2.0730e-01 2.6622e+00 2.3967e+00
1.0424e+01 2.3357e+00 1.9964e-01 2.5482e+00 2.2932e+00
1.0667e+01 2.2342e+00 1.9224e-01 2.4389e+00 2.1938e+00
1.0916e+01 2.1375e+00 1.8513e-01 2.3345e+00 2.0991e+00
1.1171e+01 2.0445e+00 1.7823e-01 2.2340e+00 2.0080e+00
1.1432e+01 1.9553e+00 1.7155e-01 2.1378e+00 1.9207e+00
1.1699e+01 1.8696e+00 1.6507e-01 2.0453e+00 1.8368e+00
1.1972e+01 1.7873e+00 1.5880e-01 1.9564e+00 1.7562e+00
1.2251e+01 1.7089e+00 1.5278e-01 1.8716e+00 1.6794e+00
1.2537e+01 1.6339e+00 1.4697e-01 1.7903e+00 1.6058e+00
1.2830e+01 1.5621e+00 1.4137e-01 1.7125e+00 1.5354e+00
1.3129e+01 1.4931e+00 1.3595e-01 1.6377e+00 1.4678e+00
1.3436e+01 1.4267e+00 1.3067e-01 1.5658e+00 1.4028e+00
1.3749e+01 1.3635e+00 1.2562e-01 1.4973e+00 1.3409e+00
1.4070e+01 1.3029e+00 1.2074e-01 1.4315e+00 1.2814e+00
1.4398e+01 1.2450e+00 1.1604e-01 1.3686e+00 1.2246e+00
1.4735e+01 1.1897e+00 1.1152e-01 1.3084e+00 1.1703e+00
1.5078e+01 1.1367e+00 1.0716e-01 1.2506e+00 1.1183e+00
1.5430e+01 1.0857e+00 1.0293e-01 1.1952e+00 1.0683e+00
1.5791e+01 1.0370e+00 9.8855e-02 1.1422e+00 1.0205e+00
1.6159e+01 9.9030e-01 9.4926e-02 1.0914e+00 9.7469e-01
1.6536e+01 9.4581e-01 9.1157e-02 1.0428e+00 9.3101e-01
1.6922e+01 9.0333e-01 8.7536e-02 9.9648e-01 8.8929e-01
1.7317e+01 8.6271e-01 8.4050e-02 9.5210e-01 8.4937e-01
1.7721e+01 8.2358e-01 8.0664e-02 9.0940e-01 8.1096e-01
1.8135e+01 7.8624e-01 7.7412e-02 8.6863e-01 7.7431e-01
1.8558e+01 7.5054e-01 7.4283e-02 8.2960e-01 7.3924e-01
1.8991e+01 7.1645e-01 7.1278e-02 7.9232e-01 7.0575e-01
1.9435e+01 6.8389e-01 6.8389e-02 7.5666e-01 6.7374e-01
1.9888e+01 6.5284e-01 6.5618e-02 7.2264e-01 6.4321e-01
2.0352e+01 6.2297e-01 6.2933e-02 6.8991e-01 6.1385e-01
2.0828e+01 5.9443e-01 6.0351e-02 6.5864e-01 5.8581e-01
2.1314e+01 5.6714e-01 5.7867e-02 6.2873e-01 5.5899e-01
2.1811e+01 5.4113e-01 5.5487e-02 6.0019e-01 5.3342e-01
2.2320e+01 5.1630e-01 5.3201e-02 5.7291e-01 5.0900e-01
2.2841e+01 4.9255e-01 5.1001e-02 5.4680e-01 4.8562e-01
2.3374e+01 4.6990e-01 4.8893e-02 5.2189e-01 4.6333e-01
2.3920e+01 4.4810e-01 4.6848e-02 4.9793e-01 4.4190e-01
2.4478e+01 4.2736e-01 4.4892e-02 4.7512e-01 4.2150e-01
2.5049e+01 4.0754e-01 4.3014e-02 4.5331e-01 4.0200e-01
2.5634e+01 3.8863e-01 4.1211e-02 4.3247e-01 3.8338e-01
2.6232e+01 3.7058e-01 3.9482e-02 4.1257e-01 3.6561e-01
2.6845e+01 3.5338e-01 3.7825e-02 3.9359e-01 3.4866e-01
2.7471e+01 3.3689e-01 3.6226e-02 3.7541e-01 3.3244e-01
2.8112e+01 3.2112e-01 3.4690e-02 3.5802e-01 3.1692e-01
2.8769e+01 3.0607e-01 3.3215e-02 3.4140e-01 3.0210e-01
2.9440e+01 2.9172e-01 3.1802e-02 3.2555e-01 2.8797e-01
3.0127e+01 2.7807e-01 3.0451e-02 3.1045e-01 2.7451e-01
3.0830e+01 2.6501e-01 2.9151e-02 2.9599e-01 2.6164e-01
3.1550e+01 2.5252e-01 2.7903e-02 2.8218e-01 2.4934e-01
3.2286e+01 2.4060e-01 2.6703e-02 2.6899e-01 2.3759e-01
3.3040e+01 2.2922e-01 2.5553e-02 2.5639e-01 2.2639e-01
3.3811e+01 2.1836e-01 2.4451e-02 2.4437e-01 2.1569e-01
3.4600e+01 2.0803e-01 2.3397e-02 2.3291e-01 2.0550e-01
3.5408e+01 1.9818e-01 2.2386e-02 2.2197e-01 1.9578e-01
3.6234e+01 1.8877e-01 2.1416e-02 2.1152e-01 1.8650e-01
3.7080e+01 1.7976e-01 2.0483e-02 2.0153e-01 1.7762e-01
3.7945e+01 1.7117e-01 1.9589e-02 1.9200e-01 1.6916e-01
3.8831e+01 1.6299e-01 1.8733e-02 1.8290e-01 1.6108e-01
3.9737e+01 1.5520e-01 1.7914e-02 1.7424e-01 1.5340e-01
4.0665e+01 1.4776e-01 1.7129e-02 1.6596e-01 1.4606e-01
4.1614e+01 1.4070e-01 1.6380e-02 1.5809e-01 1.3908e-01
4.2585e+01 1.3392e-01 1.5657e-02 1.5055e-01 1.3240e-01
4.3579e+01 1.2745e-01 1.4964e-02 1.4335e-01 1.2602e-01
4.4596e+01 1.2130e-01 1.4303e-02 1.3650e-01 1.1995e-01
4.5637e+01 1.1544e-01 1.3669e-02 1.2996e-01 1.1416e-01
4.6702e+01 1.0986e-01 1.3063e-02 1.2373e-01 1.0865e-01
4.7792e+01 1.0454e-01 1.2484e-02 1.1780e-01 1.0340e-01
4.8908e+01 9.9463e-02 1.1927e-02 1.1212e-01 9.8387e-02
5.0049e+01 9.4613e-02 1.1393e-02 1.0671e-01 9.3601e-02
5.1218e+01 8.9993e-02 1.0882e-02 1.0155e-01 8.9040e-02
5.2413e+01 8.5602e-02 1.0395e-02 9.6640e-02 8.4703e-02
5.3636e+01 8.1420e-02 9.9282e-03 9.1960e-02 8.0571e-02
5.4888e+01 7.7441e-02 9.4825e-03 8.7504e-02 7.6638e-02
5.6169e+01 7.3644e-02 9.0553e-03 8.3251e-02 7.2885e-02
5.7480e+01 7.0014e-02 8.6449e-03 7.9188e-02 6.9301e-02
5.8822e+01 6.6558e-02 8.2525e-03 7.5317e-02 6.5888e-02
6.0195e+01 6.3270e-02 7.8776e-03 7.1631e-02 6.2639e-02
6.1600e+01 6.0144e-02 7.5196e-03 6.8123e-02 5.9548e-02
6.3038e+01 5.7170e-02 7.1776e-03 6.4784e-02 5.6607e-02
6.4509e+01 5.4341e-02 6.8509e-03 6.1605e-02 5.3809e-02
6.6014e+01 5.1633e-02 6.5366e-03 5.8565e-02 5.1133e-02
6.7555e+01 4.9054e-02 6.2362e-03 5.5669e-02 4.8585e-02
6.9132e+01 4.6600e-02 5.9489e-03 5.2910e-02 4.6158e-02
7.0746e+01 4.4271e-02 5.6752e-03 5.0289e-02 4.3854e-02
7.2397e+01 4.2052e-02 5.4134e-03 4.7792e-02 4.1660e-02
7.4087e+01 3.9947e-02 5.1638e-03 4.5419e-02 3.9576e-02
7.5816e+01 3.7934e-02 4.9242e-03 4.3152e-02 3.7585e-02
7.7585e+01 3.6016e-02 4.6949e-03 4.0993e-02 3.5689e-02
7.9396e+01 3.4193e-02 4.4760e-03 3.8938e-02 3.3885e-02
8.1249e+01 3.2460e-02 4.2670e-03 3.6982e-02 3.2170e-02
8.3146e+01 3.0813e-02 4.0676e-03 3.5123e-02 3.0540e-02
8.5086e+01 2.9248e-02 3.8773e-03 3.3355e-02 2.8990e-02
8.7072e+01 2.7758e-02 3.6953e-03 3.1671e-02 2.7515e-02
8.9105e+01 2.6334e-02 3.5206e-03 3.0063e-02 2.6107e-02
9.1184e+01 2.4981e-02 3.3540e-03 2.8534e-02 2.4768e-02
9.3313e+01 2.3697e-02 3.1951e-03 2.7081e-02 2.3497e-02
9.5490e+01 2.2477e-02 3.0436e-03 2.5700e-02 2.2289e-02
9.7719e+01 2.1319e-02 2.8991e-03 2.4388e-02 2.1141e-02
1.0000e+02 2.0218e-02 2.7611e-03 2.3139e-02 2.0050e-02
