1.0000e-03 7.1091e-02 -1.7055e-02 5.2549e-02 6.9605e-02
1.0233e-03 7.6720e-02 -1.8402e-02 5.6714e-02 7.5116e-02
1.0472e-03 8.2777e-02 -1.9851e-02 6.1196e-02 8.1047e-02
1.0717e-03 8.9298e-02 -2.1410e-02 6.6022e-02 8.7432e-02
1.0967e-03 9.6324e-02 -2.3089e-02 7.1222e-02 9.4311e-02
1.1223e-03 1.0389e-01 -2.4898e-02 7.6824e-02 1.0172e-01
1.1485e-03 1.1206e-01 -2.6848e-02 8.2868e-02 1.0972e-01
1.1753e-03 1.2084e-01 -2.8945e-02 8.9369e-02 1.1831e-01
1.2027e-03 1.3031e-01 -3.1206e-02 9.6381e-02 1.2759e-01
1.2308e-03 1.4050e-01 -3.3638e-02 1.0393e-01 1.3757e-01
1.2595e-03 1.5147e-01 -3.6255e-02 1.1205e-01 1.4831e-01
1.2889e-03 1.6328e-01 -3.9070e-02 1.2080e-01 1.5987e-01
1.3190e-03 1.7596e-01 -4.2094e-02 1.3020e-01 1.7229e-01
1.3498e-03 1.8958e-01 -4.5340e-02 1.4029e-01 1.8563e-01
1.3813e-03 2.0422e-01 -4.8825e-02 1.5113e-01 1.9996e-01
1.4135e-03 2.1992e-01 -5.2562e-02 1.6277e-01 2.1533e-01
1.4465e-03 2.3673e-01 -5.6564e-02 1.7524e-01 2.3180e-01
1.4803e-03 2.5477e-01 -6.0852e-02 1.8861e-01 2.4946e-01
1.5148e-03 2.7409e-01 -6.5447e-02 2.0294e-01 2.6839e-01
1.5502e-03 2.9480e-01 -7.0366e-02 2.1830e-01 2.8867e-01
1.5864e-03 3.1700e-01 -7.5636e-02 2.3477e-01 3.1040e-01
1.6234e-03 3.4079e-01 -8.1282e-02 2.5242e-01 3.3370e-01
1.6613e-03 3.6631e-01 -8.7334e-02 2.7136e-01 3.5869e-01
1.7000e-03 3.9368e-01 -9.3822e-02 2.9167e-01 3.8550e-01
1.7397e-03 4.2307e-01 -1.0078e-01 3.1350e-01 4.1428e-01
1.7803e-03 4.5459e-01 -1.0825e-01 3.3690e-01 4.4514e-01
1.8219e-03 4.8840e-01 -1.1625e-01 3.6201e-01 4.7826e-01
1.8644e-03 5.2467e-01 -1.2482e-01 3.8896e-01 5.1378e-01
1.9079e-03 5.6351e-01 -1.3400e-01 4.1782e-01 5.5182e-01
1.9525e-03 6.0514e-01 -1.4383e-01 4.4876e-01 5.9259e-01
1.9980e-03 6.4969e-01 -1.5434e-01 4.8188e-01 6.3622e-01
2.0447e-03 6.9736e-01 -1.6558e-01 5.1733e-01 6.8291e-01
2.0924e-03 7.4831e-01 -1.7758e-01 5.5523e-01 7.3281e-01
2.1412e-03 8.0278e-01 -1.9040e-01 5.9576e-01 7.8616e-01
2.1912e-03 8.6101e-01 -2.0410e-01 6.3910e-01 8.4320e-01
2.2423e-03 9.2327e-01 -2.1873e-01 6.8545e-01 9.0418e-01
2.2947e-03 9.8986e-01 -2.3436e-01 7.3504e-01 9.6940e-01
2.3482e-03 1.0611e+00 -2.5106e-01 7.8808e-01 1.0391e+00
2.4030e-03 1.1373e+00 -2.6892e-01 8.4486e-01 1.1138e+00
2.4591e-03 1.2187e+00 -2.8799e-01 9.0557e-01 1.1936e+00
2.5165e-03 1.3058e+00 -3.0835e-01 9.7051e-01 1.2789e+00
2.5753e-03 1.3988e+00 -3.3008e-01 1.0399e+00 1.3700e+00
2.6354e-03 1.4982e+00 -3.5329e-01 1.1141e+00 1.4674e+00
2.6969e-03 1.6042e+00 -3.7800e-01 1.1932e+00 1.5712e+00
2.7598e-03 1.7173e+00 -4.0434e-01 1.2777e+00 1.6820e+00
2.8242e-03 1.8380e+00 -4.3240e-01 1.3678e+00 1.8002e+00
2.8902e-03 1.9668e+00 -4.6233e-01 1.4641e+00 1.9264e+00
2.9576e-03 2.1042e+00 -4.9420e-01 1.5668e+00 2.0610e+00
3.0266e-03 2.2508e+00 -5.2816e-01 1.6764e+00 2.2046e+00
3.0973e-03 2.4071e+00 -5.6433e-01 1.7934e+00 2.3578e+00
3.1696e-03 2.5737e+00 -6.0284e-01 1.9182e+00 2.5210e+00
3.2436e-03 2.7514e+00 -6.4384e-01 2.0513e+00 2.6951e+00
3.3193e-03 2.9407e+00 -6.8747e-01 2.1932e+00 2.8806e+00
3.3967e-03 3.1424e+00 -7.3385e-01 2.3443e+00 3.0782e+00
3.4760e-03 3.3569e+00 -7.8314e-01 2.5053e+00 3.2884e+00
3.5572e-03 3.5856e+00 -8.3558e-01 2.6769e+00 3.5125e+00
3.6402e-03 3.8287e+00 -8.9125e-01 2.8595e+00 3.7508e+00
3.7251e-03 4.0879e+00 -9.5049e-01 3.0542e+00 4.0047e+00
3.8121e-03 4.3633e+00 -1.0133e+00 3.2613e+00 4.2747e+00
3.9011e-03 4.6564e+00 -1.0801e+00 3.4818e+00 4.5619e+00
3.9921e-03 4.9681e+00 -1.1509e+00 3.7164e+00 4.8673e+00
4.0853e-03 5.2991e+00 -1.2260e+00 3.9657e+00 5.1918e+00
4.1806e-03 5.6511e+00 -1.3058e+00 4.2310e+00 5.5368e+00
4.2782e-03 6.0250e+00 -1.3903e+00 4.5130e+00 5.9032e+00
4.3781e-03 6.4223e+00 -1.4799e+00 4.8129e+00 6.2927e+00
4.4803e-03 6.8440e+00 -1.5748e+00 5.1313e+00 6.7061e+00
4.5848e-03 7.2917e+00 -1.6753e+00 5.4697e+00 7.1450e+00
4.6918e-03 7.7669e+00 -1.7817e+00 5.8291e+00 7.6108e+00
4.8013e-03 8.2709e+00 -1.8944e+00 6.2105e+00 8.1049e+00
4.9134e-03 8.8054e+00 -2.0136e+00 6.6154e+00 8.6290e+00
5.0281e-03 9.3718e+00 -2.1395e+00 7.0447e+00 9.1843e+00
5.1454e-03 9.9725e+00 -2.2728e+00 7.5004e+00 9.7732e+00
5.2655e-03 1.0609e+01 -2.4136e+00 7.9836e+00 1.0397e+01
5.3884e-03 1.1283e+01 -2.5623e+00 8.4958e+00 1.1058e+01
5.5142e-03 1.1996e+01 -2.7192e+00 9.0383e+00 1.1758e+01
5.6429e-03 1.2751e+01 -2.8848e+00 9.6131e+00 1.2498e+01
5.7746e-03 1.3550e+01 -3.0596e+00 1.0222e+01 1.3282e+01
5.9094e-03 1.4395e+01 -3.2438e+00 1.0866e+01 1.4110e+01
6.0473e-03 1.5288e+01 -3.4381e+00 1.1548e+01 1.4986e+01
6.1885e-03 1.6232e+01 -3.6425e+00 1.2269e+01 1.5912e+01
6.3329e-03 1.7229e+01 -3.8580e+00 1.3032e+01 1.6890e+01
6.4807e-03 1.8282e+01 -4.0846e+00 1.3839e+01 1.7923e+01
6.6320e-03 1.9393e+01 -4.3229e+00 1.4690e+01 1.9013e+01
6.7868e-03 2.0566e+01 -4.5735e+00 1.5590e+01 2.0164e+01
6.9452e-03 2.1803e+01 -4.8369e+00 1.6541e+01 2.1377e+01
7.1073e-03 2.3106e+01 -5.1133e+00 1.7543e+01 2.2656e+01
7.2732e-03 2.4480e+01 -5.4036e+00 1.8601e+01 2.4004e+01
7.4429e-03 2.5927e+01 -5.7081e+00 1.9716e+01 2.5424e+01
7.6166e-03 2.7449e+01 -6.0272e+00 2.0891e+01 2.6919e+01
7.7944e-03 2.9051e+01 -6.3614e+00 2.2129e+01 2.8491e+01
7.9763e-03 3.0736e+01 -6.7115e+00 2.3433e+01 3.0145e+01
8.1625e-03 3.2508e+01 -7.0779e+00 2.4806e+01 3.1884e+01
8.3530e-03 3.4368e+01 -7.4609e+00 2.6249e+01 3.3710e+01
8.5480e-03 3.6322e+01 -7.8614e+00 2.7767e+01 3.5629e+01
8.7475e-03 3.8372e+01 -8.2793e+00 2.9362e+01 3.7641e+01
8.9517e-03 4.0522e+01 -8.7156e+00 3.1037e+01 3.9753e+01
9.1606e-03 4.2777e+01 -9.1708e+00 3.2797e+01 4.1968e+01
9.3744e-03 4.5138e+01 -9.6448e+00 3.4641e+01 4.4286e+01
9.5932e-03 4.7610e+01 -1.0139e+01 3.6576e+01 4.6714e+01
9.8171e-03 5.0197e+01 -1.0652e+01 3.8603e+01 4.9255e+01
1.0046e-02 5.2902e+01 -1.1186e+01 4.0726e+01 5.1913e+01
1.0281e-02 5.5727e+01 -1.1741e+01 4.2947e+01 5.4688e+01
1.0521e-02 5.8680e+01 -1.2317e+01 4.5272e+01 5.7589e+01
1.0766e-02 6.1759e+01 -1.2914e+01 4.7701e+01 6.0615e+01
1.1018e-02 6.4967e+01 -1.3532e+01 5.0236e+01 6.3768e+01
1.1275e-02 6.8313e+01 -1.4172e+01 5.2884e+01 6.7056e+01
1.1538e-02 7.1792e+01 -1.4834e+01 5.5642e+01 7.0476e+01
1.1807e-02 7.5414e+01 -1.5517e+01 5.8518e+01 7.4036e+01
1.2083e-02 7.9178e+01 -1.6223e+01 6.1513e+01 7.7736e+01
1.2365e-02 8.3086e+01 -1.6950e+01 6.4629e+01 8.1579e+01
1.2653e-02 8.7144e+01 -1.7700e+01 6.7870e+01 8.5569e+01
1.2949e-02 9.1353e+01 -1.8471e+01 7.1237e+01 8.9708e+01
1.3251e-02 9.5709e+01 -1.9263e+01 7.4729e+01 9.3992e+01
1.3560e-02 1.0021e+02 -2.0074e+01 7.8346e+01 9.8421e+01
1.3877e-02 1.0486e+02 -2.0904e+01 8.2085e+01 1.0299e+02
1.4201e-02 1.0965e+02 -2.1753e+01 8.5949e+01 1.0770e+02
1.4532e-02 1.1458e+02 -2.2619e+01 8.9938e+01 1.1256e+02
1.4871e-02 1.1968e+02 -2.3506e+01 9.4067e+01 1.1757e+02
1.5218e-02 1.2495e+02 -2.4414e+01 9.8344e+01 1.2276e+02
1.5573e-02 1.3040e+02 -2.5346e+01 1.0278e+02 1.2813e+02
1.5937e-02 1.3604e+02 -2.6301e+01 1.0738e+02 1.3368e+02
1.6309e-02 1.4184e+02 -2.7274e+01 1.1212e+02 1.3939e+02
1.6690e-02 1.4778e+02 -2.8257e+01 1.1697e+02 1.4523e+02
1.7079e-02 1.5382e+02 -2.9247e+01 1.2193e+02 1.5118e+02
1.7478e-02 1.5994e+02 -3.0236e+01 1.2697e+02 1.5721e+02
1.7886e-02 1.6615e+02 -3.1228e+01 1.3210e+02 1.6333e+02
1.8303e-02 1.7246e+02 -3.2222e+01 1.3732e+02 1.6954e+02
1.8730e-02 1.7888e+02 -3.3221e+01 1.4265e+02 1.7587e+02
1.9167e-02 1.8541e+02 -3.4223e+01 1.4808e+02 1.8230e+02
1.9615e-02 1.9204e+02 -3.5226e+01 1.5361e+02 1.8883e+02
2.0073e-02 1.9873e+02 -3.6224e+01 1.5920e+02 1.9543e+02
2.0541e-02 2.0545e+02 -3.7209e+01 1.6484e+02 2.0205e+02
2.1021e-02 2.1216e+02 -3.8174e+01 1.7048e+02 2.0866e+02
2.1511e-02 2.1885e+02 -3.9119e+01 1.7613e+02 2.1525e+02
2.2013e-02 2.2552e+02 -4.0042e+01 1.8179e+02 2.2183e+02
2.2527e-02 2.3220e+02 -4.0949e+01 1.8747e+02 2.2842e+02
2.3053e-02 2.3890e+02 -4.1842e+01 1.9319e+02 2.3503e+02
2.3591e-02 2.4563e+02 -4.2721e+01 1.9894e+02 2.4166e+02
2.4142e-02 2.5235e+02 -4.3581e+01 2.0472e+02 2.4830e+02
2.4705e-02 2.5907e+02 -4.4422e+01 2.1051e+02 2.5493e+02
2.5282e-02 2.6576e+02 -4.5240e+01 2.1629e+02 2.6153e+02
2.5872e-02 2.7241e+02 -4.6032e+01 2.2206e+02 2.6810e+02
2.6476e-02 2.7899e+02 -4.6794e+01 2.2780e+02 2.7459e+02
2.7094e-02 2.8547e+02 -4.7520e+01 2.3347e+02 2.8099e+02
2.7726e-02 2.9182e+02 -4.8208e+01 2.3905e+02 2.8726e+02
2.8373e-02 2.9801e+02 -4.8852e+01 2.4453e+02 2.9338e+02
2.9035e-02 3.0405e+02 -4.9453e+01 2.4989e+02 2.9934e+02
2.9713e-02 3.0991e+02 -5.0009e+01 2.5513e+02 3.0514e+02
3.0406e-02 3.1562e+02 -5.0523e+01 2.6026e+02 3.1078e+02
3.1116e-02 3.2116e+02 -5.0993e+01 2.6526e+02 3.1625e+02
3.1842e-02 3.2655e+02 -5.1423e+01 2.7016e+02 3.2158e+02
3.2586e-02 3.3179e+02 -5.1816e+01 2.7495e+02 3.2677e+02
3.3346e-02 3.3693e+02 -5.2176e+01 2.7968e+02 3.3186e+02
3.4124e-02 3.4199e+02 -5.2508e+01 2.8435e+02 3.3686e+02
3.4921e-02 3.4697e+02 -5.2814e+01 2.8898e+02 3.4180e+02
3.5736e-02 3.5193e+02 -5.3099e+01 2.9360e+02 3.4670e+02
3.6570e-02 3.5682e+02 -5.3361e+01 2.9819e+02 3.5155e+02
3.7424e-02 3.6173e+02 -5.3608e+01 3.0280e+02 3.5641e+02
3.8297e-02 3.6665e+02 -5.3842e+01 3.0744e+02 3.6128e+02
3.9191e-02 3.7161e+02 -5.4067e+01 3.1213e+02 3.6620e+02
4.0106e-02 3.7663e+02 -5.4283e+01 3.1689e+02 3.7117e+02
4.1042e-02 3.8176e+02 -5.4497e+01 3.2176e+02 3.7626e+02
4.2000e-02 3.8701e+02 -5.4713e+01 3.2675e+02 3.8147e+02
4.2980e-02 3.9243e+02 -5.4932e+01 3.3190e+02 3.8683e+02
4.3983e-02 3.9808e+02 -5.5167e+01 3.3727e+02 3.9244e+02
4.5010e-02 4.0407e+02 -5.5427e+01 3.4294e+02 3.9837e+02
4.6060e-02 4.1042e+02 -5.5716e+01 3.4894e+02 4.0466e+02
4.7135e-02 4.1719e+02 -5.6039e+01 3.5533e+02 4.1137e+02
4.8235e-02 4.2437e+02 -5.6394e+01 3.6209e+02 4.1849e+02
4.9361e-02 4.3191e+02 -5.6770e+01 3.6919e+02 4.2596e+02
5.0513e-02 4.3983e+02 -5.7170e+01 3.7663e+02 4.3380e+02
5.1692e-02 4.4810e+02 -5.7586e+01 3.8441e+02 4.4200e+02
5.2899e-02 4.5672e+02 -5.8018e+01 3.9252e+02 4.5054e+02
5.4134e-02 4.6566e+02 -5.8459e+01 4.0093e+02 4.5939e+02
5.5397e-02 4.7484e+02 -5.8900e+01 4.0959e+02 4.6849e+02
5.6690e-02 4.8423e+02 -5.9332e+01 4.1846e+02 4.7779e+02
5.8013e-02 4.9366e+02 -5.9737e+01 4.2739e+02 4.8713e+02
5.9367e-02 5.0304e+02 -6.0103e+01 4.3632e+02 4.9643e+02
6.0753e-02 5.1231e+02 -6.0423e+01 4.4519e+02 5.0562e+02
6.2171e-02 5.2126e+02 -6.0673e+01 4.5382e+02 5.1449e+02
6.3622e-02 5.2978e+02 -6.0843e+01 4.6210e+02 5.2295e+02
6.5107e-02 5.3764e+02 -6.0908e+01 4.6983e+02 5.3074e+02
6.6627e-02 5.4457e+02 -6.0841e+01 4.7678e+02 5.3762e+02
6.8182e-02 5.5042e+02 -6.0632e+01 4.8280e+02 5.4343e+02
6.9773e-02 5.5536e+02 -6.0304e+01 4.8805e+02 5.4835e+02
7.1402e-02 5.5949e+02 -5.9871e+01 4.9259e+02 5.5246e+02
7.3068e-02 5.6250e+02 -5.9308e+01 4.9617e+02 5.5548e+02
7.4773e-02 5.6378e+02 -5.8555e+01 4.9822e+02 5.5678e+02
7.6519e-02 5.6298e+02 -5.7585e+01 4.9844e+02 5.5602e+02
7.8305e-02 5.6045e+02 -5.6445e+01 4.9711e+02 5.5356e+02
8.0132e-02 5.5658e+02 -5.5180e+01 4.9459e+02 5.4977e+02
8.2003e-02 5.5156e+02 -5.3818e+01 4.9102e+02 5.4484e+02
8.3917e-02 5.4554e+02 -5.2377e+01 4.8655e+02 5.3892e+02
8.5875e-02 5.3873e+02 -5.0882e+01 4.8135e+02 5.3223e+02
8.7880e-02 5.3154e+02 -4.9375e+01 4.7578e+02 5.2515e+02
8.9931e-02 5.2430e+02 -4.7888e+01 4.7014e+02 5.1803e+02
9.2030e-02 5.1742e+02 -4.6458e+01 4.6480e+02 5.1126e+02
9.4178e-02 5.1130e+02 -4.5118e+01 4.6012e+02 5.0524e+02
9.6376e-02 5.0629e+02 -4.3895e+01 4.5643e+02 5.0032e+02
9.8625e-02 5.0274e+02 -4.2814e+01 4.5403e+02 4.9684e+02
1.0093e-01 5.0087e+02 -4.1884e+01 4.5314e+02 4.9502e+02
1.0328e-01 5.0080e+02 -4.1108e+01 4.5386e+02 4.9497e+02
1.0569e-01 5.0249e+02 -4.0476e+01 4.5619e+02 4.9667e+02
1.0816e-01 5.0576e+02 -3.9964e+01 4.5997e+02 4.9993e+02
1.1068e-01 5.1036e+02 -3.9545e+01 4.6496e+02 5.0451e+02
1.1327e-01 5.1577e+02 -3.9174e+01 4.7071e+02 5.0988e+02
1.1591e-01 5.2150e+02 -3.8810e+01 4.7677e+02 5.1558e+02
1.1862e-01 5.2688e+02 -3.8404e+01 4.8252e+02 5.2093e+02
1.2139e-01 5.3117e+02 -3.7904e+01 4.8730e+02 5.2520e+02
1.2422e-01 5.3377e+02 -3.7272e+01 4.9052e+02 5.2779e+02
1.2712e-01 5.3396e+02 -3.6470e+01 4.9154e+02 5.2801e+02
1.3009e-01 5.3147e+02 -3.5489e+01 4.9008e+02 5.2557e+02
1.3312e-01 5.2616e+02 -3.4333e+01 4.8602e+02 5.2035e+02
1.3623e-01 5.1816e+02 -3.3024e+01 4.7944e+02 5.1246e+02
1.3941e-01 5.0790e+02 -3.1601e+01 4.7074e+02 5.0234e+02
1.4266e-01 4.9600e+02 -3.0111e+01 4.6048e+02 4.9059e+02
1.4599e-01 4.8332e+02 -2.8614e+01 4.4946e+02 4.7807e+02
1.4940e-01 4.7077e+02 -2.7165e+01 4.3852e+02 4.6568e+02
1.5289e-01 4.5939e+02 -2.5822e+01 4.2862e+02 4.5444e+02
1.5645e-01 4.5022e+02 -2.4635e+01 4.2075e+02 4.4538e+02
1.6011e-01 4.4366e+02 -2.3618e+01 4.1530e+02 4.3891e+02
1.6384e-01 4.4003e+02 -2.2774e+01 4.1257e+02 4.3534e+02
1.6767e-01 4.3878e+02 -2.2062e+01 4.1207e+02 4.3413e+02
1.7158e-01 4.3930e+02 -2.1442e+01 4.1321e+02 4.3465e+02
1.7559e-01 4.4067e+02 -2.0863e+01 4.1517e+02 4.3603e+02
1.7968e-01 4.4184e+02 -2.0273e+01 4.1693e+02 4.3721e+02
1.8388e-01 4.4165e+02 -1.9620e+01 4.1741e+02 4.3703e+02
1.8817e-01 4.3902e+02 -1.8866e+01 4.1558e+02 4.3445e+02
1.9256e-01 4.3330e+02 -1.7992e+01 4.1081e+02 4.2880e+02
1.9706e-01 4.2463e+02 -1.7020e+01 4.0322e+02 4.2024e+02
2.0166e-01 4.1384e+02 -1.5993e+01 3.9358e+02 4.0958e+02
2.0636e-01 4.0202e+02 -1.4961e+01 3.8293e+02 3.9789e+02
2.1118e-01 3.9044e+02 -1.3974e+01 3.7247e+02 3.8645e+02
2.1611e-01 3.8025e+02 -1.3069e+01 3.6330e+02 3.7637e+02
2.2115e-01 3.7231e+02 -1.2271e+01 3.5625e+02 3.6853e+02
2.2631e-01 3.6695e+02 -1.1578e+01 3.5166e+02 3.6323e+02
2.3160e-01 3.6374e+02 -1.0967e+01 3.4909e+02 3.6006e+02
2.3700e-01 3.6168e+02 -1.0400e+01 3.4763e+02 3.5803e+02
2.4253e-01 3.5946e+02 -9.8371e+00 3.4601e+02 3.5585e+02
2.4819e-01 3.5590e+02 -9.2475e+00 3.4309e+02 3.5234e+02
2.5399e-01 3.5016e+02 -8.6163e+00 3.3805e+02 3.4667e+02
2.5991e-01 3.4234e+02 -7.9544e+00 3.3097e+02 3.3893e+02
2.6598e-01 3.3307e+02 -7.2848e+00 3.2248e+02 3.2977e+02
2.7219e-01 3.2359e+02 -6.6380e+00 3.1375e+02 3.2039e+02
2.7854e-01 3.1491e+02 -6.0343e+00 3.0576e+02 3.1180e+02
2.8504e-01 3.0787e+02 -5.4856e+00 2.9935e+02 3.0484e+02
2.9170e-01 3.0255e+02 -4.9860e+00 2.9460e+02 2.9958e+02
2.9850e-01 2.9835e+02 -4.5195e+00 2.9091e+02 2.9543e+02
3.0547e-01 2.9423e+02 -4.0672e+00 2.8728e+02 2.9135e+02
3.1260e-01 2.8928e+02 -3.6175e+00 2.8284e+02 2.8646e+02
3.1990e-01 2.8305e+02 -3.1683e+00 2.7713e+02 2.8029e+02
3.2736e-01 2.7575e+02 -2.7268e+00 2.7035e+02 2.7307e+02
3.3500e-01 2.6813e+02 -2.3034e+00 2.6324e+02 2.6554e+02
3.4282e-01 2.6111e+02 -1.9059e+00 2.5668e+02 2.5859e+02
3.5082e-01 2.5504e+02 -1.5340e+00 2.5105e+02 2.5258e+02
3.5901e-01 2.4986e+02 -1.1837e+00 2.4627e+02 2.4745e+02
3.6739e-01 2.4502e+02 -8.4947e-01 2.4182e+02 2.4267e+02
3.7597e-01 2.3986e+02 -5.2845e-01 2.3704e+02 2.3757e+02
3.8474e-01 2.3407e+02 -2.2151e-01 2.3162e+02 2.3184e+02
3.9372e-01 2.2786e+02 6.9171e-02 2.2575e+02 2.2569e+02
4.0291e-01 2.2169e+02 3.4284e-01 2.1993e+02 2.1958e+02
4.1232e-01 2.1600e+02 6.0100e-01 2.1455e+02 2.1395e+02
4.2194e-01 2.1082e+02 8.4568e-01 2.0967e+02 2.0882e+02
4.3179e-01 2.0589e+02 1.0775e+00 2.0502e+02 2.0394e+02
4.4187e-01 2.0084e+02 1.2951e+00 2.0024e+02 1.9895e+02
4.5218e-01 1.9556e+02 1.4973e+00 1.9522e+02 1.9372e+02
4.6273e-01 1.9020e+02 1.6846e+00 1.9009e+02 1.8841e+02
4.7353e-01 1.8503e+02 1.8598e+00 1.8516e+02 1.8330e+02
4.8459e-01 1.8015e+02 2.0246e+00 1.8049e+02 1.7846e+02
4.9590e-01 1.7546e+02 2.1788e+00 1.7599e+02 1.7381e+02
5.0747e-01 1.7077e+02 2.3209e+00 1.7149e+02 1.6917e+02
5.1931e-01 1.6604e+02 2.4502e+00 1.6694e+02 1.6449e+02
5.3144e-01 1.6135e+02 2.5681e+00 1.6242e+02 1.5985e+02
5.4384e-01 1.5682e+02 2.6767e+00 1.5804e+02 1.5537e+02
5.5653e-01 1.5245e+02 2.7766e+00 1.5381e+02 1.5104e+02
5.6952e-01 1.4816e+02 2.8671e+00 1.4965e+02 1.4679e+02
5.8282e-01 1.4390e+02 2.9474e+00 1.4552e+02 1.4257e+02
5.9642e-01 1.3970e+02 3.0184e+00 1.4143e+02 1.3841e+02
6.1034e-01 1.3563e+02 3.0820e+00 1.3746e+02 1.3438e+02
6.2458e-01 1.3165e+02 3.1378e+00 1.3358e+02 1.3044e+02
6.3916e-01 1.2777e+02 3.1862e+00 1.2978e+02 1.2659e+02
6.5408e-01 1.2397e+02 3.2274e+00 1.2606e+02 1.2283e+02
6.6935e-01 1.2025e+02 3.2615e+00 1.2240e+02 1.1914e+02
6.8497e-01 1.1661e+02 3.2890e+00 1.1882e+02 1.1554e+02
7.0096e-01 1.1304e+02 3.3101e+00 1.1532e+02 1.1201e+02
7.1732e-01 1.0957e+02 3.3254e+00 1.1189e+02 1.0856e+02
7.3406e-01 1.0616e+02 3.3350e+00 1.0853e+02 1.0519e+02
7.5119e-01 1.0285e+02 3.3394e+00 1.0525e+02 1.0191e+02
7.6873e-01 9.9613e+01 3.3388e+00 1.0204e+02 9.8703e+01
7.8667e-01 9.6454e+01 3.3334e+00 9.8907e+01 9.5574e+01
8.0503e-01 9.3372e+01 3.3236e+00 9.5844e+01 9.2521e+01
8.2382e-01 9.0368e+01 3.3096e+00 9.2854e+01 8.9545e+01
8.4305e-01 8.7445e+01 3.2919e+00 8.9941e+01 8.6649e+01
8.6272e-01 8.4597e+01 3.2706e+00 8.7098e+01 8.3828e+01
8.8286e-01 8.1825e+01 3.2459e+00 8.4328e+01 8.1082e+01
9.0347e-01 7.9127e+01 3.2182e+00 8.1627e+01 7.8409e+01
9.2455e-01 7.6505e+01 3.1877e+00 7.8998e+01 7.5811e+01
9.4613e-01 7.3953e+01 3.1545e+00 7.6437e+01 7.3282e+01
9.6822e-01 7.1473e+01 3.1189e+00 7.3944e+01 7.0825e+01
9.9081e-01 6.9062e+01 3.0811e+00 7.1518e+01 6.8437e+01
1.0139e+00 6.6717e+01 3.0411e+00 6.9154e+01 6.6113e+01
1.0376e+00 6.4446e+01 2.9997e+00 6.6863e+01 6.3863e+01
1.0618e+00 6.2229e+01 2.9560e+00 6.4623e+01 6.1667e+01
1.0866e+00 6.0087e+01 2.9113e+00 6.2455e+01 5.9544e+01
1.1120e+00 5.8000e+01 2.8650e+00 6.0341e+01 5.7476e+01
1.1379e+00 5.5979e+01 2.8176e+00 5.8292e+01 5.5474e+01
1.1645e+00 5.4018e+01 2.7692e+00 5.6300e+01 5.3531e+01
1.1917e+00 5.2112e+01 2.7197e+00 5.4362e+01 5.1642e+01
1.2195e+00 5.0267e+01 2.6696e+00 5.2484e+01 4.9814e+01
1.2479e+00 4.8475e+01 2.6187e+00 5.0657e+01 4.8039e+01
1.2771e+00 4.6745e+01 2.5676e+00 4.8892e+01 4.6324e+01
1.3069e+00 4.5060e+01 2.5157e+00 4.7171e+01 4.4655e+01
1.3374e+00 4.3432e+01 2.4637e+00 4.5506e+01 4.3042e+01
1.3686e+00 4.1855e+01 2.4114e+00 4.3890e+01 4.1479e+01
1.4005e+00 4.0326e+01 2.3589e+00 4.2323e+01 3.9964e+01
1.4332e+00 3.8847e+01 2.3065e+00 4.0805e+01 3.8499e+01
1.4667e+00 3.7419e+01 2.2542e+00 3.9337e+01 3.7083e+01
1.5009e+00 3.6033e+01 2.2019e+00 3.7911e+01 3.5709e+01
1.5359e+00 3.4696e+01 2.1500e+00 3.6535e+01 3.4385e+01
1.5718e+00 3.3396e+01 2.0979e+00 3.5194e+01 3.3096e+01
1.6085e+00 3.2147e+01 2.0468e+00 3.3906e+01 3.1859e+01
1.6460e+00 3.0933e+01 1.9955e+00 3.2652e+01 3.0656e+01
1.6844e+00 2.9764e+01 1.9450e+00 3.1443e+01 2.9498e+01
1.7237e+00 2.8634e+01 1.8949e+00 3.0272e+01 2.8377e+01
1.7640e+00 2.7542e+01 1.8454e+00 2.9140e+01 2.7295e+01
1.8051e+00 2.6485e+01 1.7962e+00 2.8044e+01 2.6248e+01
1.8473e+00 2.5468e+01 1.7480e+00 2.6988e+01 2.5240e+01
1.8904e+00 2.4482e+01 1.7001e+00 2.5963e+01 2.4263e+01
1.9345e+00 2.3534e+01 1.6532e+00 2.4977e+01 2.3324e+01
1.9797e+00 2.2618e+01 1.6069e+00 2.4023e+01 2.2416e+01
2.0259e+00 2.1733e+01 1.5613e+00 2.3100e+01 2.1539e+01
2.0732e+00 2.0882e+01 1.5165e+00 2.2212e+01 2.0695e+01
2.1216e+00 2.0060e+01 1.4725e+00 2.1353e+01 1.9881e+01
2.1711e+00 1.9268e+01 1.4293e+00 2.0525e+01 1.9095e+01
2.2217e+00 1.8503e+01 1.3869e+00 1.9724e+01 1.8337e+01
2.2736e+00 1.7767e+01 1.3454e+00 1.8954e+01 1.7609e+01
2.3267e+00 1.7057e+01 1.3046e+00 1.8209e+01 1.6905e+01
2.3810e+00 1.6373e+01 1.2646e+00 1.7491e+01 1.6227e+01
2.4365e+00 1.5714e+01 1.2255e+00 1.6800e+01 1.5574e+01
2.4934e+00 1.5081e+01 1.1874e+00 1.6134e+01 1.4946e+01
2.5516e+00 1.4470e+01 1.1500e+00 1.5490e+01 1.4340e+01
2.6112e+00 1.3881e+01 1.1134e+00 1.4871e+01 1.3757e+01
2.6721e+00 1.3316e+01 1.0778e+00 1.4275e+01 1.3197e+01
2.7345e+00 1.2771e+01 1.0430e+00 1.3699e+01 1.2656e+01
2.7983e+00 1.2247e+01 1.0090e+00 1.3146e+01 1.2137e+01
2.8636e+00 1.1742e+01 9.7580e-01 1.2612e+01 1.1637e+01
2.9304e+00 1.1257e+01 9.4354e-01 1.2100e+01 1.1156e+01
2.9988e+00 1.0790e+01 9.1206e-01 1.1606e+01 1.0694e+01
3.0688e+00 1.0342e+01 8.8139e-01 1.1131e+01 1.0249e+01
3.1405e+00 9.9105e+00 8.5157e-01 1.0674e+01 9.8220e+00
3.2138e+00 9.4959e+00 8.2252e-01 1.0234e+01 9.4110e+00
3.2888e+00 9.0974e+00 7.9428e-01 9.8104e+00 9.0161e+00
3.3655e+00 8.7146e+00 7.6681e-01 9.4036e+00 8.6367e+00
3.4441e+00 8.3467e+00 7.4011e-01 9.0122e+00 8.2721e+00
3.5245e+00 7.9932e+00 7.1416e-01 8.6359e+00 7.9217e+00
3.6067e+00 7.6541e+00 6.8900e-01 8.2747e+00 7.5857e+00
3.6909e+00 7.3279e+00 6.6453e-01 7.9270e+00 7.2624e+00
3.7771e+00 7.0153e+00 6.4082e-01 7.5934e+00 6.9526e+00
3.8652e+00 6.7151e+00 6.1782e-01 7.2729e+00 6.6551e+00
3.9554e+00 6.4269e+00 5.9550e-01 6.9649e+00 6.3694e+00
4.0478e+00 6.1501e+00 5.7385e-01 6.6690e+00 6.0951e+00
4.1422e+00 5.8846e+00 5.5287e-01 6.3848e+00 5.8319e+00
4.2389e+00 5.6300e+00 5.3257e-01 6.1123e+00 5.5797e+00
4.3379e+00 5.3855e+00 5.1286e-01 5.8502e+00 5.3373e+00
4.4391e+00 5.1512e+00 4.9381e-01 5.5989e+00 5.1051e+00
4.5427e+00 4.9265e+00 4.7537e-01 5.3578e+00 4.8824e+00
4.6487e+00 4.7111e+00 4.5753e-01 5.1265e+00 4.6690e+00
4.7572e+00 4.5045e+00 4.4026e-01 4.9044e+00 4.4642e+00
4.8683e+00 4.3066e+00 4.2357e-01 4.6916e+00 4.2680e+00
4.9819e+00 4.1167e+00 4.0742e-01 4.4873e+00 4.0799e+00
5.0982e+00 3.9350e+00 3.9183e-01 4.2916e+00 3.8997e+00
5.2172e+00 3.7606e+00 3.7674e-01 4.1036e+00 3.7269e+00
5.3389e+00 3.5937e+00 3.6218e-01 3.9237e+00 3.5615e+00
5.4636e+00 3.4337e+00 3.4812e-01 3.7511e+00 3.4030e+00
5.5911e+00 3.2806e+00 3.3455e-01 3.5858e+00 3.2512e+00
5.7216e+00 3.1340e+00 3.2144e-01 3.4273e+00 3.1059e+00
5.8551e+00 2.9935e+00 3.0879e-01 3.2755e+00 2.9667e+00
5.9918e+00 2.8591e+00 2.9660e-01 3.1301e+00 2.8335e+00
6.1316e+00 2.7303e+00 2.8482e-01 2.9907e+00 2.7059e+00
6.2747e+00 2.6071e+00 2.7347e-01 2.8572e+00 2.5838e+00
6.4212e+00 2.4893e+00 2.6254e-01 2.7295e+00 2.4670e+00
6.5711e+00 2.3765e+00 2.5199e-01 2.6071e+00 2.3552e+00
6.7244e+00 2.2686e+00 2.4183e-01 2.4901e+00 2.2482e+00
6.8814e+00 2.1653e+00 2.3204e-01 2.3779e+00 2.1459e+00
7.0420e+00 2.0665e+00 2.2261e-01 2.2706e+00 2.0480e+00
7.2064e+00 1.9720e+00 2.1353e-01 2.1679e+00 1.9543e+00
7.3745e+00 1.8817e+00 2.0479e-01 2.0696e+00 1.8648e+00
7.5467e+00 1.7953e+00 1.9637e-01 1.9756e+00 1.7792e+00
7.7228e+00 1.7127e+00 1.8828e-01 1.8856e+00 1.6973e+00
7.9031e+00 1.6338e+00 1.8048e-01 1.7996e+00 1.6191e+00
8.0875e+00 1.5583e+00 1.7299e-01 1.7173e+00 1.5443e+00
8.2763e+00 1.4862e+00 1.6578e-01 1.6386e+00 1.4728e+00
8.4695e+00 1.4173e+00 1.5885e-01 1.5634e+00 1.4045e+00
8.6671e+00 1.3514e+00 1.5218e-01 1.4914e+00 1.3392e+00
8.8694e+00 1.2885e+00 1.4578e-01 1.4227e+00 1.2769e+00
9.0764e+00 1.2284e+00 1.3962e-01 1.3570e+00 1.2173e+00
9.2883e+00 1.1710e+00 1.3371e-01 1.2941e+00 1.1604e+00
9.5051e+00 1.1161e+00 1.2803e-01 1.2341e+00 1.1061e+00
9.7269e+00 1.0638e+00 1.2257e-01 1.1768e+00 1.0542e+00
9.9540e+00 1.0137e+00 1.1733e-01 1.1219e+00 1.0046e+00
1.0186e+01 9.6605e-01 1.1230e-01 1.0696e+00 9.5735e-01
1.0424e+01 9.2047e-01 1.0747e-01 1.0196e+00 9.1217e-01
1.0667e+01 8.7689e-01 1.0282e-01 9.7181e-01 8.6898e-01
1.0916e+01 8.3546e-01 9.8385e-02 9.2632e-01 8.2793e-01
1.1171e+01 7.9574e-01 9.4106e-02 8.8267e-01 7.8856e-01
1.1432e+01 7.5800e-01 9.0020e-02 8.4119e-01 7.5117e-01
1.1699e+01 7.2193e-01 8.6094e-02 8.0151e-01 7.1542e-01
1.1972e+01 6.8741e-01 8.2315e-02 7.6352e-01 6.8121e-01
1.2251e+01 6.5459e-01 7.8706e-02 7.2739e-01 6.4868e-01
1.2537e+01 6.2326e-01 7.5243e-02 6.9288e-01 6.1763e-01
1.2830e+01 5.9339e-01 7.1925e-02 6.5995e-01 5.8803e-01
1.3129e+01 5.6489e-01 6.8743e-02 6.2853e-01 5.5978e-01
1.3436e+01 5.3765e-01 6.5687e-02 5.9848e-01 5.3279e-01
1.3749e+01 5.1180e-01 6.2774e-02 5.6995e-01 5.0718e-01
1.4070e+01 4.8708e-01 5.9974e-02 5.4265e-01 4.8268e-01
1.4398e+01 4.6353e-01 5.7294e-02 5.1663e-01 4.5934e-01
1.4735e+01 4.4109e-01 5.4728e-02 4.9183e-01 4.3710e-01
1.5078e+01 4.1966e-01 5.2267e-02 4.6814e-01 4.1587e-01
1.5430e+01 3.9928e-01 4.9916e-02 4.4559e-01 3.9567e-01
1.5791e+01 3.7986e-01 4.7665e-02 4.2408e-01 3.7642e-01
1.6159e+01 3.6130e-01 4.5504e-02 4.0354e-01 3.5803e-01
1.6536e+01 3.4367e-01 4.3442e-02 3.8400e-01 3.4055e-01
1.6922e+01 3.2687e-01 4.1469e-02 3.6538e-01 3.2391e-01
1.7317e+01 3.1086e-01 3.9580e-02 3.4763e-01 3.0805e-01
1.7721e+01 2.9559e-01 3.7771e-02 3.3068e-01 2.9291e-01
1.8135e+01 2.8107e-01 3.6044e-02 3.1457e-01 2.7853e-01
1.8558e+01 2.6724e-01 3.4391e-02 2.9921e-01 2.6482e-01
1.8991e+01 2.5407e-01 3.2811e-02 2.8458e-01 2.5177e-01
1.9435e+01 2.4152e-01 3.1300e-02 2.7063e-01 2.3933e-01
1.9888e+01 2.2959e-01 2.9857e-02 2.5737e-01 2.2751e-01
2.0352e+01 2.1820e-01 2.8473e-02 2.4469e-01 2.1622e-01
2.0828e+01 2.0739e-01 2.7154e-02 2.3266e-01 2.0551e-01
2.1314e+01 1.9708e-01 2.5892e-02 2.2118e-01 1.9529e-01
2.1811e+01 1.8728e-01 2.4688e-02 2.1027e-01 1.8558e-01
2.2320e+01 1.7796e-01 2.3537e-02 1.9988e-01 1.7634e-01
2.2841e+01 1.6906e-01 2.2436e-02 1.8996e-01 1.6753e-01
2.3374e+01 1.6062e-01 2.1386e-02 1.8055e-01 1.5916e-01
2.3920e+01 1.5257e-01 2.0381e-02 1.7157e-01 1.5118e-01
2.4478e+01 1.4493e-01 1.9424e-02 1.6304e-01 1.4362e-01
2.5049e+01 1.3766e-01 1.8509e-02 1.5491e-01 1.3641e-01
2.5634e+01 1.3073e-01 1.7635e-02 1.4718e-01 1.2955e-01
2.6232e+01 1.2415e-01 1.6800e-02 1.3982e-01 1.2302e-01
2.6845e+01 1.1789e-01 1.6004e-02 1.3282e-01 1.1681e-01
2.7471e+01 1.1194e-01 1.5246e-02 1.2617e-01 1.1093e-01
2.8112e+01 1.0628e-01 1.4521e-02 1.1984e-01 1.0532e-01
2.8769e+01 1.0090e-01 1.3829e-02 1.1381e-01 9.9980e-02
2.9440e+01 9.5779e-02 1.3168e-02 1.0808e-01 9.4908e-02
3.0127e+01 9.0918e-02 1.2539e-02 1.0263e-01 9.0091e-02
3.0830e+01 8.6287e-02 1.1937e-02 9.7439e-02 8.5501e-02
3.1550e+01 8.1891e-02 1.1364e-02 9.2510e-02 8.1146e-02
3.2286e+01 7.7717e-02 1.0818e-02 8.7828e-02 7.7010e-02
3.3040e+01 7.3748e-02 1.0298e-02 8.3374e-02 7.3076e-02
3.3811e+01 6.9973e-02 9.8004e-03 7.9136e-02 6.9336e-02
3.4600e+01 6.6389e-02 9.3269e-03 7.5111e-02 6.5784e-02
3.5408e+01 6.2981e-02 8.8751e-03 7.1283e-02 6.2408e-02
3.6234e+01 5.9743e-02 8.4443e-03 6.7643e-02 5.9199e-02
3.7080e+01 5.6671e-02 8.0343e-03 6.4189e-02 5.6154e-02
3.7945e+01 5.3750e-02 7.6433e-03 6.0904e-02 5.3261e-02
3.8831e+01 5.0975e-02 7.2704e-03 5.7781e-02 5.0510e-02
3.9737e+01 4.8341e-02 6.9154e-03 5.4815e-02 4.7900e-02
4.0665e+01 4.5836e-02 6.5768e-03 5.1995e-02 4.5418e-02
4.1614e+01 4.3460e-02 6.2545e-03 4.9318e-02 4.3064e-02
4.2585e+01 4.1205e-02 5.9476e-03 4.6777e-02 4.0829e-02
4.3579e+01 3.9061e-02 5.6549e-03 4.4359e-02 3.8704e-02
4.4596e+01 3.7028e-02 5.3766e-03 4.2067e-02 3.6691e-02
4.5637e+01 3.5096e-02 5.1111e-03 3.9887e-02 3.4776e-02
4.6702e+01 3.3263e-02 4.8586e-03 3.7818e-02 3.2959e-02
4.7792e+01 3.1522e-02 4.6179e-03 3.5852e-02 3.1234e-02
4.8908e+01 2.9870e-02 4.3888e-03 3.3986e-02 2.9597e-02
5.0049e+01 2.8303e-02 4.1708e-03 3.2215e-02 2.8044e-02
5.1218e+01 2.6814e-02 3.9631e-03 3.0533e-02 2.6569e-02
5.2413e+01 2.5403e-02 3.7657e-03 2.8937e-02 2.5171e-02
5.3636e+01 2.4064e-02 3.5776e-03 2.7422e-02 2.3844e-02
5.4888e+01 2.2793e-02 3.3987e-03 2.5984e-02 2.2585e-02
5.6169e+01 2.1587e-02 3.2283e-03 2.4618e-02 2.1390e-02
5.7480e+01 2.0443e-02 3.0663e-03 2.3323e-02 2.0257e-02
5.8822e+01 1.9358e-02 2.9121e-03 2.2093e-02 1.9181e-02
6.0195e+01 1.8328e-02 2.7653e-03 2.0926e-02 1.8161e-02
6.1600e+01 1.7352e-02 2.6257e-03 1.9819e-02 1.7194e-02
6.3038e+01 1.6426e-02 2.4930e-03 1.8769e-02 1.6276e-02
6.4509e+01 1.5548e-02 2.3667e-03 1.7773e-02 1.5406e-02
6.6014e+01 1.4716e-02 2.2467e-03 1.6829e-02 1.4582e-02
6.7555e+01 1.3927e-02 2.1325e-03 1.5932e-02 1.3800e-02
6.9132e+01 1.3178e-02 2.0238e-03 1.5081e-02 1.3057e-02
7.0746e+01 1.2469e-02 1.9205e-03 1.4275e-02 1.2355e-02
7.2397e+01 1.1796e-02 1.8223e-03 1.3510e-02 1.1688e-02
7.4087e+01 1.1159e-02 1.7290e-03 1.2786e-02 1.1057e-02
7.5816e+01 1.0554e-02 1.6402e-03 1.2098e-02 1.0458e-02
7.7585e+01 9.9822e-03 1.5559e-03 1.1447e-02 9.8910e-03
7.9396e+01 9.4396e-03 1.4758e-03 1.0829e-02 9.3535e-03
8.1249e+01 8.9255e-03 1.3996e-03 1.0244e-02 8.8440e-03
8.3146e+01 8.4383e-03 1.3272e-03 9.6884e-03 8.3613e-03
8.5086e+01 7.9769e-03 1.2584e-03 9.1624e-03 7.9041e-03
8.7072e+01 7.5399e-03 1.1931e-03 8.6641e-03 7.4711e-03
8.9105e+01 7.1257e-03 1.1309e-03 8.1915e-03 7.0606e-03
9.1184e+01 6.7334e-03 1.0719e-03 7.7439e-03 6.6719e-03
9.3313e+01 6.3621e-03 1.0159e-03 7.3199e-03 6.3040e-03
9.5490e+01 6.0103e-03 9.6266e-04 6.9181e-03 5.9555e-03
9.7719e+01 5.6775e-03 9.1214e-04 6.5378e-03 5.6257e-03
1.0000e+02 5.3620e-03 8.6411e-04 6.1772e-03 5.3131e-03
