1.0000e-03 1.6042e-01 -2.5419e-02 7.7691e-02 1.0022e-01
1.0233e-03 1.7336e-01 -2.7463e-02 8.3940e-02 1.0823e-01
1.0472e-03 1.8730e-01 -2.9666e-02 9.0674e-02 1.1685e-01
1.0717e-03 2.0233e-01 -3.2040e-02 9.7933e-02 1.2613e-01
1.0967e-03 2.1855e-01 -3.4603e-02 1.0577e-01 1.3614e-01
1.1223e-03 2.3606e-01 -3.7367e-02 1.1422e-01 1.4694e-01
1.1485e-03 2.5497e-01 -4.0352e-02 1.2335e-01 1.5859e-01
1.1753e-03 2.7536e-01 -4.3571e-02 1.3319e-01 1.7114e-01
1.2027e-03 2.9741e-01 -4.7048e-02 1.4382e-01 1.8470e-01
1.2308e-03 3.2117e-01 -5.0795e-02 1.5528e-01 1.9930e-01
1.2595e-03 3.4681e-01 -5.4836e-02 1.6763e-01 2.1503e-01
1.2889e-03 3.7444e-01 -5.9191e-02 1.8095e-01 2.3197e-01
1.3190e-03 4.0418e-01 -6.3877e-02 1.9528e-01 2.5019e-01
1.3498e-03 4.3618e-01 -6.8917e-02 2.1070e-01 2.6979e-01
1.3813e-03 4.7062e-01 -7.4337e-02 2.2728e-01 2.9086e-01
1.4135e-03 5.0763e-01 -8.0159e-02 2.4510e-01 3.1348e-01
1.4465e-03 5.4733e-01 -8.6402e-02 2.6421e-01 3.3774e-01
1.4803e-03 5.8996e-01 -9.3103e-02 2.8472e-01 3.6376e-01
1.5148e-03 6.3570e-01 -1.0029e-01 3.0674e-01 3.9167e-01
1.5502e-03 6.8478e-01 -1.0800e-01 3.3037e-01 4.2160e-01
1.5864e-03 7.3749e-01 -1.1627e-01 3.5571e-01 4.5373e-01
1.6234e-03 7.9407e-01 -1.2515e-01 3.8293e-01 4.8820e-01
1.6613e-03 8.5486e-01 -1.3467e-01 4.1215e-01 5.2519e-01
1.7000e-03 9.2019e-01 -1.4491e-01 4.4356e-01 5.6492e-01
1.7397e-03 9.9047e-01 -1.5592e-01 4.7735e-01 6.0762e-01
1.7803e-03 1.0660e+00 -1.6774e-01 5.1364e-01 6.5346e-01
1.8219e-03 1.1472e+00 -1.8044e-01 5.5264e-01 7.0271e-01
1.8644e-03 1.2344e+00 -1.9407e-01 5.9453e-01 7.5561e-01
1.9079e-03 1.3280e+00 -2.0870e-01 6.3948e-01 8.1232e-01
1.9525e-03 1.4285e+00 -2.2439e-01 6.8772e-01 8.7315e-01
1.9980e-03 1.5362e+00 -2.4120e-01 7.3944e-01 9.3832e-01
2.0447e-03 1.6517e+00 -2.5920e-01 7.9486e-01 1.0081e+00
2.0924e-03 1.7752e+00 -2.7845e-01 8.5415e-01 1.0827e+00
2.1412e-03 1.9074e+00 -2.9903e-01 9.1760e-01 1.1626e+00
2.1912e-03 2.0490e+00 -3.2105e-01 9.8553e-01 1.2481e+00
2.2423e-03 2.2006e+00 -3.4461e-01 1.0583e+00 1.3396e+00
2.2947e-03 2.3630e+00 -3.6984e-01 1.1362e+00 1.4375e+00
2.3482e-03 2.5370e+00 -3.9684e-01 1.2197e+00 1.5424e+00
2.4030e-03 2.7236e+00 -4.2577e-01 1.3092e+00 1.6547e+00
2.4591e-03 2.9232e+00 -4.5668e-01 1.4049e+00 1.7749e+00
2.5165e-03 3.1370e+00 -4.8977e-01 1.5074e+00 1.9035e+00
2.5753e-03 3.3657e+00 -5.2514e-01 1.6171e+00 2.0410e+00
2.6354e-03 3.6107e+00 -5.6297e-01 1.7345e+00 2.1882e+00
2.6969e-03 3.8722e+00 -6.0334e-01 1.8599e+00 2.3452e+00
2.7598e-03 4.1517e+00 -6.4644e-01 1.9940e+00 2.5129e+00
2.8242e-03 4.4500e+00 -6.9237e-01 2.1370e+00 2.6920e+00
2.8902e-03 4.7689e+00 -7.4142e-01 2.2899e+00 2.8833e+00
2.9576e-03 5.1095e+00 -7.9376e-01 2.4533e+00 3.0875e+00
3.0266e-03 5.4735e+00 -8.4963e-01 2.6279e+00 3.3056e+00
3.0973e-03 5.8625e+00 -9.0928e-01 2.8144e+00 3.5385e+00
3.1696e-03 6.2779e+00 -9.7290e-01 3.0136e+00 3.7870e+00
3.2436e-03 6.7211e+00 -1.0407e+00 3.2263e+00 4.0521e+00
3.3193e-03 7.1937e+00 -1.1129e+00 3.4530e+00 4.3349e+00
3.3967e-03 7.6978e+00 -1.1898e+00 3.6948e+00 4.6363e+00
3.4760e-03 8.2350e+00 -1.2716e+00 3.9526e+00 4.9573e+00
3.5572e-03 8.8085e+00 -1.3589e+00 4.2278e+00 5.2997e+00
3.6402e-03 9.4192e+00 -1.4517e+00 4.5210e+00 5.6642e+00
3.7251e-03 1.0071e+01 -1.5506e+00 4.8339e+00 6.0530e+00
3.8121e-03 1.0764e+01 -1.6555e+00 5.1666e+00 6.4665e+00
3.9011e-03 1.1502e+01 -1.7672e+00 5.5213e+00 6.9069e+00
3.9921e-03 1.2288e+01 -1.8859e+00 5.8990e+00 7.3755e+00
4.0853e-03 1.3125e+01 -2.0120e+00 6.3009e+00 7.8738e+00
4.1806e-03 1.4016e+01 -2.1462e+00 6.7291e+00 8.4042e+00
4.2782e-03 1.4963e+01 -2.2886e+00 7.1848e+00 8.9680e+00
4.3781e-03 1.5970e+01 -2.4396e+00 7.6691e+00 9.5674e+00
4.4803e-03 1.7040e+01 -2.5998e+00 8.1838e+00 1.0204e+01
4.5848e-03 1.8177e+01 -2.7698e+00 8.7313e+00 1.0881e+01
4.6918e-03 1.9386e+01 -2.9502e+00 9.3135e+00 1.1600e+01
4.8013e-03 2.0671e+01 -3.1415e+00 9.9321e+00 1.2363e+01
4.9134e-03 2.2035e+01 -3.3443e+00 1.0590e+01 1.3173e+01
5.0281e-03 2.3481e+01 -3.5588e+00 1.1287e+01 1.4031e+01
5.1454e-03 2.5015e+01 -3.7858e+00 1.2027e+01 1.4943e+01
5.2655e-03 2.6643e+01 -4.0262e+00 1.2812e+01 1.5909e+01
5.3884e-03 2.8369e+01 -4.2806e+00 1.3645e+01 1.6933e+01
5.5142e-03 3.0199e+01 -4.5497e+00 1.4529e+01 1.8018e+01
5.6429e-03 3.2139e+01 -4.8343e+00 1.5467e+01 1.9168e+01
5.7746e-03 3.4195e+01 -5.1352e+00 1.6461e+01 2.0385e+01
5.9094e-03 3.6366e+01 -5.4521e+00 1.7511e+01 2.1672e+01
6.0473e-03 3.8666e+01 -5.7870e+00 1.8625e+01 2.3035e+01
6.1885e-03 4.1099e+01 -6.1404e+00 1.9803e+01 2.4476e+01
6.3329e-03 4.3674e+01 -6.5136e+00 2.1051e+01 2.6000e+01
6.4807e-03 4.6398e+01 -6.9072e+00 2.2372e+01 2.7611e+01
6.6320e-03 4.9277e+01 -7.3220e+00 2.3769e+01 2.9312e+01
6.7868e-03 5.2310e+01 -7.7578e+00 2.5242e+01 3.1107e+01
6.9452e-03 5.5515e+01 -8.2169e+00 2.6800e+01 3.3002e+01
7.1073e-03 5.8896e+01 -8.6998e+00 2.8445e+01 3.5001e+01
7.2732e-03 6.2468e+01 -9.2084e+00 3.0183e+01 3.7110e+01
7.4429e-03 6.6234e+01 -9.7432e+00 3.2018e+01 3.9334e+01
7.6166e-03 7.0205e+01 -1.0305e+01 3.3953e+01 4.1676e+01
7.7944e-03 7.4381e+01 -1.0894e+01 3.5991e+01 4.4141e+01
7.9763e-03 7.8775e+01 -1.1512e+01 3.8137e+01 4.6735e+01
8.1625e-03 8.3401e+01 -1.2160e+01 4.0398e+01 4.9464e+01
8.3530e-03 8.8267e+01 -1.2839e+01 4.2778e+01 5.2333e+01
8.5480e-03 9.3390e+01 -1.3551e+01 4.5286e+01 5.5351e+01
8.7475e-03 9.8771e+01 -1.4297e+01 4.7923e+01 5.8519e+01
8.9517e-03 1.0442e+02 -1.5077e+01 5.0694e+01 6.1845e+01
9.1606e-03 1.1034e+02 -1.5891e+01 5.3602e+01 6.5334e+01
9.3744e-03 1.1655e+02 -1.6741e+01 5.6653e+01 6.8989e+01
9.5932e-03 1.2306e+02 -1.7630e+01 5.9858e+01 7.2821e+01
9.8171e-03 1.2989e+02 -1.8557e+01 6.3220e+01 7.6836e+01
1.0046e-02 1.3704e+02 -1.9525e+01 6.6746e+01 8.1039e+01
1.0281e-02 1.4453e+02 -2.0533e+01 7.0439e+01 8.5432e+01
1.0521e-02 1.5233e+02 -2.1579e+01 7.4299e+01 9.0024e+01
1.0766e-02 1.6049e+02 -2.2667e+01 7.8334e+01 9.4816e+01
1.1018e-02 1.6901e+02 -2.3798e+01 8.2552e+01 9.9816e+01
1.1275e-02 1.7790e+02 -2.4975e+01 8.6963e+01 1.0504e+02
1.1538e-02 1.8717e+02 -2.6195e+01 9.1565e+01 1.1047e+02
1.1807e-02 1.9685e+02 -2.7461e+01 9.6370e+01 1.1614e+02
1.2083e-02 2.0689e+02 -2.8769e+01 1.0137e+02 1.2203e+02
1.2365e-02 2.1733e+02 -3.0120e+01 1.0657e+02 1.2814e+02
1.2653e-02 2.2818e+02 -3.1519e+01 1.1199e+02 1.3451e+02
1.2949e-02 2.3947e+02 -3.2965e+01 1.1763e+02 1.4111e+02
1.3251e-02 2.5118e+02 -3.4458e+01 1.2348e+02 1.4796e+02
1.3560e-02 2.6331e+02 -3.5995e+01 1.2956e+02 1.5505e+02
1.3877e-02 2.7584e+02 -3.7573e+01 1.3584e+02 1.6236e+02
1.4201e-02 2.8874e+02 -3.9187e+01 1.4233e+02 1.6991e+02
1.4532e-02 3.0207e+02 -4.0844e+01 1.4903e+02 1.7770e+02
1.4871e-02 3.1587e+02 -4.2550e+01 1.5599e+02 1.8576e+02
1.5218e-02 3.3017e+02 -4.4308e+01 1.6320e+02 1.9410e+02
1.5573e-02 3.4502e+02 -4.6123e+01 1.7070e+02 2.0275e+02
1.5937e-02 3.6042e+02 -4.7993e+01 1.7848e+02 2.1170e+02
1.6309e-02 3.7619e+02 -4.9894e+01 1.8648e+02 2.2091e+02
1.6690e-02 3.9238e+02 -5.1832e+01 1.9469e+02 2.3034e+02
1.7079e-02 4.0892e+02 -5.3796e+01 2.0310e+02 2.3996e+02
1.7478e-02 4.2572e+02 -5.5776e+01 2.1165e+02 2.4973e+02
1.7886e-02 4.4285e+02 -5.7779e+01 2.2038e+02 2.5967e+02
1.8303e-02 4.6029e+02 -5.9802e+01 2.2929e+02 2.6978e+02
1.8730e-02 4.7802e+02 -6.1841e+01 2.3837e+02 2.8008e+02
1.9167e-02 4.9608e+02 -6.3899e+01 2.4763e+02 2.9056e+02
1.9615e-02 5.1447e+02 -6.5978e+01 2.5708e+02 3.0122e+02
2.0073e-02 5.3310e+02 -6.8067e+01 2.6666e+02 3.1202e+02
2.0541e-02 5.5189e+02 -7.0153e+01 2.7634e+02 3.2287e+02
2.1021e-02 5.7073e+02 -7.2224e+01 2.8607e+02 3.3375e+02
2.1511e-02 5.8956e+02 -7.4270e+01 2.9582e+02 3.4462e+02
2.2013e-02 6.0832e+02 -7.6282e+01 3.0556e+02 3.5547e+02
2.2527e-02 6.2719e+02 -7.8285e+01 3.1538e+02 3.6636e+02
2.3053e-02 6.4621e+02 -8.0285e+01 3.2529e+02 3.7732e+02
2.3591e-02 6.6539e+02 -8.2282e+01 3.3530e+02 3.8835e+02
2.4142e-02 6.8467e+02 -8.4270e+01 3.4538e+02 3.9942e+02
2.4705e-02 7.0403e+02 -8.6245e+01 3.5551e+02 4.1051e+02
2.5282e-02 7.2321e+02 -8.8169e+01 3.6560e+02 4.2155e+02
2.5872e-02 7.4237e+02 -9.0069e+01 3.7571e+02 4.3256e+02
2.6476e-02 7.6146e+02 -9.1938e+01 3.8579e+02 4.4351e+02
2.7094e-02 7.8037e+02 -9.3765e+01 3.9579e+02 4.5433e+02
2.7726e-02 7.9905e+02 -9.5543e+01 4.0570e+02 4.6499e+02
2.8373e-02 8.1743e+02 -9.7264e+01 4.1546e+02 4.7544e+02
2.9035e-02 8.3528e+02 -9.8896e+01 4.2501e+02 4.8564e+02
2.9713e-02 8.5270e+02 -1.0046e+02 4.3437e+02 4.9560e+02
3.0406e-02 8.6980e+02 -1.0196e+02 4.4358e+02 5.0534e+02
3.1116e-02 8.8656e+02 -1.0340e+02 4.5262e+02 5.1486e+02
3.1842e-02 9.0303e+02 -1.0480e+02 4.6153e+02 5.2418e+02
3.2586e-02 9.1923e+02 -1.0614e+02 4.7031e+02 5.3333e+02
3.3346e-02 9.3513e+02 -1.0743e+02 4.7897e+02 5.4232e+02
3.4124e-02 9.5070e+02 -1.0865e+02 4.8752e+02 5.5117e+02
3.4921e-02 9.6621e+02 -1.0986e+02 4.9605e+02 5.5997e+02
3.5736e-02 9.8176e+02 -1.1105e+02 5.0460e+02 5.6876e+02
3.6570e-02 9.9729e+02 -1.1222e+02 5.1316e+02 5.7752e+02
3.7424e-02 1.0130e+03 -1.1340e+02 5.2181e+02 5.8634e+02
3.8297e-02 1.0288e+03 -1.1457e+02 5.3055e+02 5.9523e+02
3.9191e-02 1.0446e+03 -1.1570e+02 5.3933e+02 6.0417e+02
4.0106e-02 1.0606e+03 -1.1684e+02 5.4827e+02 6.1326e+02
4.1042e-02 1.0771e+03 -1.1802e+02 5.5746e+02 6.2259e+02
4.2000e-02 1.0941e+03 -1.1924e+02 5.6692e+02 6.3219e+02
4.2980e-02 1.1117e+03 -1.2050e+02 5.7672e+02 6.4211e+02
4.3983e-02 1.1301e+03 -1.2184e+02 5.8698e+02 6.5249e+02
4.5010e-02 1.1493e+03 -1.2321e+02 5.9771e+02 6.6341e+02
4.6060e-02 1.1696e+03 -1.2468e+02 6.0905e+02 6.7499e+02
4.7135e-02 1.1913e+03 -1.2627e+02 6.2115e+02 6.8734e+02
4.8235e-02 1.2143e+03 -1.2797e+02 6.3398e+02 7.0046e+02
4.9361e-02 1.2386e+03 -1.2979e+02 6.4747e+02 7.1425e+02
5.0513e-02 1.2642e+03 -1.3171e+02 6.6167e+02 7.2876e+02
5.1692e-02 1.2908e+03 -1.3368e+02 6.7648e+02 7.4391e+02
5.2899e-02 1.3182e+03 -1.3570e+02 6.9186e+02 7.5968e+02
5.4134e-02 1.3468e+03 -1.3779e+02 7.0787e+02 7.7608e+02
5.5397e-02 1.3764e+03 -1.3996e+02 7.2443e+02 7.9302e+02
5.6690e-02 1.4068e+03 -1.4218e+02 7.4147e+02 8.1041e+02
5.8013e-02 1.4376e+03 -1.4440e+02 7.5876e+02 8.2800e+02
5.9367e-02 1.4685e+03 -1.4659e+02 7.7613e+02 8.4561e+02
6.0753e-02 1.4987e+03 -1.4862e+02 7.9333e+02 8.6307e+02
6.2171e-02 1.5282e+03 -1.5054e+02 8.1021e+02 8.8011e+02
6.3622e-02 1.5567e+03 -1.5235e+02 8.2661e+02 8.9658e+02
6.5107e-02 1.5836e+03 -1.5395e+02 8.4216e+02 9.1205e+02
6.6627e-02 1.6080e+03 -1.5530e+02 8.5642e+02 9.2607e+02
6.8182e-02 1.6295e+03 -1.5634e+02 8.6916e+02 9.3839e+02
6.9773e-02 1.6479e+03 -1.5700e+02 8.8042e+02 9.4916e+02
7.1402e-02 1.6638e+03 -1.5739e+02 8.9047e+02 9.5861e+02
7.3068e-02 1.6768e+03 -1.5749e+02 8.9889e+02 9.6627e+02
7.4773e-02 1.6847e+03 -1.5712e+02 9.0467e+02 9.7106e+02
7.6519e-02 1.6867e+03 -1.5620e+02 9.0721e+02 9.7236e+02
7.8305e-02 1.6837e+03 -1.5482e+02 9.0702e+02 9.7074e+02
8.0132e-02 1.6763e+03 -1.5301e+02 9.0457e+02 9.6675e+02
8.2003e-02 1.6651e+03 -1.5082e+02 9.0016e+02 9.6072e+02
8.3917e-02 1.6509e+03 -1.4840e+02 8.9412e+02 9.5297e+02
8.5875e-02 1.6345e+03 -1.4580e+02 8.8680e+02 9.4389e+02
8.7880e-02 1.6170e+03 -1.4315e+02 8.7885e+02 9.3415e+02
8.9931e-02 1.5995e+03 -1.4052e+02 8.7081e+02 9.2434e+02
9.2030e-02 1.5829e+03 -1.3799e+02 8.6331e+02 9.1514e+02
9.4178e-02 1.5680e+03 -1.3555e+02 8.5684e+02 9.0713e+02
9.6376e-02 1.5565e+03 -1.3343e+02 8.5224e+02 9.0112e+02
9.8625e-02 1.5497e+03 -1.3173e+02 8.5014e+02 8.9776e+02
1.0093e-01 1.5482e+03 -1.3049e+02 8.5093e+02 8.9745e+02
1.0328e-01 1.5525e+03 -1.2975e+02 8.5486e+02 9.0045e+02
1.0569e-01 1.5624e+03 -1.2947e+02 8.6192e+02 9.0674e+02
1.0816e-01 1.5766e+03 -1.2944e+02 8.7157e+02 9.1578e+02
1.1068e-01 1.5951e+03 -1.2972e+02 8.8363e+02 9.2735e+02
1.1327e-01 1.6164e+03 -1.3020e+02 8.9729e+02 9.4055e+02
1.1591e-01 1.6390e+03 -1.3075e+02 9.1171e+02 9.5453e+02
1.1862e-01 1.6609e+03 -1.3121e+02 9.2574e+02 9.6806e+02
1.2139e-01 1.6796e+03 -1.3140e+02 9.3805e+02 9.7976e+02
1.2422e-01 1.6927e+03 -1.3105e+02 9.4734e+02 9.8830e+02
1.2712e-01 1.6979e+03 -1.3003e+02 9.5233e+02 9.9239e+02
1.3009e-01 1.6947e+03 -1.2836e+02 9.5265e+02 9.9159e+02
1.3312e-01 1.6828e+03 -1.2604e+02 9.4797e+02 9.8560e+02
1.3623e-01 1.6623e+03 -1.2311e+02 9.3843e+02 9.7458e+02
1.3941e-01 1.6345e+03 -1.1968e+02 9.2474e+02 9.5928e+02
1.4266e-01 1.6013e+03 -1.1588e+02 9.0788e+02 9.4075e+02
1.4599e-01 1.5647e+03 -1.1183e+02 8.8917e+02 9.2036e+02
1.4940e-01 1.5286e+03 -1.0787e+02 8.7059e+02 9.0015e+02
1.5289e-01 1.4962e+03 -1.0423e+02 8.5404e+02 8.8209e+02
1.5645e-01 1.4709e+03 -1.0115e+02 8.4149e+02 8.6819e+02
1.6011e-01 1.4542e+03 -9.8683e+01 8.3378e+02 8.5933e+02
1.6384e-01 1.4472e+03 -9.6895e+01 8.3158e+02 8.5616e+02
1.6767e-01 1.4474e+03 -9.5539e+01 8.3360e+02 8.5733e+02
1.7158e-01 1.4535e+03 -9.4556e+01 8.3902e+02 8.6201e+02
1.7559e-01 1.4627e+03 -9.3750e+01 8.4621e+02 8.6850e+02
1.7968e-01 1.4713e+03 -9.2890e+01 8.5314e+02 8.7471e+02
1.8388e-01 1.4756e+03 -9.1738e+01 8.5756e+02 8.7834e+02
1.8817e-01 1.4719e+03 -9.0083e+01 8.5732e+02 8.7721e+02
1.9256e-01 1.4575e+03 -8.7764e+01 8.5082e+02 8.6967e+02
1.9706e-01 1.4328e+03 -8.4854e+01 8.3833e+02 8.5603e+02
2.0166e-01 1.4010e+03 -8.1564e+01 8.2152e+02 8.3802e+02
2.0636e-01 1.3655e+03 -7.8126e+01 8.0252e+02 8.1782e+02
2.1118e-01 1.3307e+03 -7.4795e+01 7.8386e+02 7.9801e+02
2.1611e-01 1.3006e+03 -7.1781e+01 7.6780e+02 7.8090e+02
2.2115e-01 1.2779e+03 -6.9228e+01 7.5608e+02 7.6822e+02
2.2631e-01 1.2636e+03 -6.7165e+01 7.4928e+02 7.6055e+02
2.3160e-01 1.2567e+03 -6.5511e+01 7.4684e+02 7.5732e+02
2.3700e-01 1.2538e+03 -6.4071e+01 7.4679e+02 7.5653e+02
2.4253e-01 1.2505e+03 -6.2607e+01 7.4646e+02 7.5546e+02
2.4819e-01 1.2426e+03 -6.0918e+01 7.4336e+02 7.5161e+02
2.5399e-01 1.2271e+03 -5.8872e+01 7.3568e+02 7.4314e+02
2.5991e-01 1.2037e+03 -5.6513e+01 7.2319e+02 7.2980e+02
2.6598e-01 1.1751e+03 -5.3960e+01 7.0753e+02 7.1330e+02
2.7219e-01 1.1456e+03 -5.1419e+01 6.9126e+02 6.9623e+02
2.7854e-01 1.1188e+03 -4.9051e+01 6.7654e+02 6.8076e+02
2.8504e-01 1.0978e+03 -4.6980e+01 6.6526e+02 6.6877e+02
2.9170e-01 1.0829e+03 -4.5200e+01 6.5761e+02 6.6046e+02
2.9850e-01 1.0716e+03 -4.3625e+01 6.5212e+02 6.5432e+02
3.0547e-01 1.0605e+03 -4.2088e+01 6.4666e+02 6.4822e+02
3.1260e-01 1.0464e+03 -4.0452e+01 6.3934e+02 6.4028e+02
3.1990e-01 1.0275e+03 -3.8663e+01 6.2911e+02 6.2944e+02
3.2736e-01 1.0047e+03 -3.6762e+01 6.1641e+02 6.1615e+02
3.3500e-01 9.8066e+02 -3.4859e+01 6.0287e+02 6.0207e+02
3.4282e-01 9.5850e+02 -3.3084e+01 5.9043e+02 5.8910e+02
3.5082e-01 9.3950e+02 -3.1489e+01 5.7986e+02 5.7801e+02
3.5901e-01 9.2371e+02 -3.0032e+01 5.7123e+02 5.6887e+02
3.6739e-01 9.0916e+02 -2.8642e+01 5.6332e+02 5.6048e+02
3.7597e-01 8.9331e+02 -2.7237e+01 5.5458e+02 5.5127e+02
3.8474e-01 8.7506e+02 -2.5788e+01 5.4430e+02 5.4057e+02
3.9372e-01 8.5511e+02 -2.4326e+01 5.3291e+02 5.2878e+02
4.0291e-01 8.3493e+02 -2.2943e+01 5.2130e+02 5.1678e+02
4.1232e-01 8.1643e+02 -2.1641e+01 5.1070e+02 5.0580e+02
4.2194e-01 7.9978e+02 -2.0419e+01 5.0121e+02 4.9595e+02
4.3179e-01 7.8401e+02 -1.9247e+01 4.9222e+02 4.8662e+02
4.4187e-01 7.6769e+02 -1.8090e+01 4.8286e+02 4.7694e+02
4.5218e-01 7.5041e+02 -1.6940e+01 4.7285e+02 4.6664e+02
4.6273e-01 7.3252e+02 -1.5840e+01 4.6240e+02 4.5591e+02
4.7353e-01 7.1522e+02 -1.4798e+01 4.5227e+02 4.4552e+02
4.8459e-01 6.9892e+02 -1.3804e+01 4.4273e+02 4.3574e+02
4.9590e-01 6.8326e+02 -1.2851e+01 4.3356e+02 4.2634e+02
5.0747e-01 6.6755e+02 -1.1924e+01 4.2432e+02 4.1689e+02
5.1931e-01 6.5158e+02 -1.1020e+01 4.1488e+02 4.0726e+02
5.3144e-01 6.3561e+02 -1.0160e+01 4.0540e+02 3.9761e+02
5.4384e-01 6.2003e+02 -9.3555e+00 3.9612e+02 3.8816e+02
5.5653e-01 6.0498e+02 -8.5854e+00 3.8714e+02 3.7903e+02
5.6952e-01 5.9017e+02 -7.8435e+00 3.7828e+02 3.7003e+02
5.8282e-01 5.7540e+02 -7.1272e+00 3.6941e+02 3.6105e+02
5.9642e-01 5.6078e+02 -6.4375e+00 3.6061e+02 3.5215e+02
6.1034e-01 5.4657e+02 -5.7794e+00 3.5203e+02 3.4349e+02
6.2458e-01 5.3249e+02 -5.1756e+00 3.4351e+02 3.3487e+02
6.3916e-01 5.1870e+02 -4.5973e+00 3.3513e+02 3.2643e+02
6.5408e-01 5.0519e+02 -4.0437e+00 3.2690e+02 3.1815e+02
6.6935e-01 4.9189e+02 -3.5136e+00 3.1879e+02 3.0999e+02
6.8497e-01 4.7886e+02 -3.0071e+00 3.1081e+02 3.0198e+02
7.0096e-01 4.6607e+02 -2.5231e+00 3.0297e+02 2.9412e+02
7.1732e-01 4.5343e+02 -2.0796e+00 2.9519e+02 2.8633e+02
7.3406e-01 4.4099e+02 -1.6627e+00 2.8751e+02 2.7865e+02
7.5119e-01 4.2884e+02 -1.2662e+00 2.8000e+02 2.7114e+02
7.6873e-01 4.1694e+02 -8.8949e-01 2.7262e+02 2.6379e+02
7.8667e-01 4.0530e+02 -5.3189e-01 2.6539e+02 2.5658e+02
8.0503e-01 3.9390e+02 -1.9283e-01 2.5829e+02 2.4952e+02
8.2382e-01 3.8270e+02 1.1994e-01 2.5130e+02 2.4257e+02
8.4305e-01 3.7171e+02 4.0528e-01 2.4442e+02 2.3574e+02
8.6272e-01 3.6096e+02 6.7438e-01 2.3768e+02 2.2906e+02
8.8286e-01 3.5048e+02 9.2784e-01 2.3109e+02 2.2253e+02
9.0347e-01 3.4025e+02 1.1662e+00 2.2465e+02 2.1615e+02
9.2455e-01 3.3028e+02 1.3901e+00 2.1836e+02 2.0994e+02
9.4613e-01 3.2053e+02 1.5982e+00 2.1219e+02 2.0385e+02
9.6822e-01 3.1094e+02 1.7804e+00 2.0612e+02 1.9786e+02
9.9081e-01 3.0159e+02 1.9501e+00 2.0018e+02 1.9201e+02
1.0139e+00 2.9247e+02 2.1079e+00 1.9438e+02 1.8630e+02
1.0376e+00 2.8362e+02 2.2544e+00 1.8873e+02 1.8075e+02
1.0618e+00 2.7495e+02 2.3896e+00 1.8320e+02 1.7532e+02
1.0866e+00 2.6655e+02 2.5147e+00 1.7782e+02 1.7005e+02
1.1120e+00 2.5828e+02 2.6205e+00 1.7251e+02 1.6485e+02
1.1379e+00 2.5022e+02 2.7151e+00 1.6734e+02 1.5978e+02
1.1645e+00 2.4239e+02 2.8010e+00 1.6230e+02 1.5485e+02
1.1917e+00 2.3475e+02 2.8783e+00 1.5737e+02 1.5004e+02
1.2195e+00 2.2734e+02 2.9478e+00 1.5258e+02 1.4537e+02
1.2479e+00 2.2011e+02 3.0096e+00 1.4791e+02 1.4082e+02
1.2771e+00 2.1309e+02 3.0604e+00 1.4336e+02 1.3638e+02
1.3069e+00 2.0619e+02 3.0998e+00 1.3888e+02 1.3202e+02
1.3374e+00 1.9951e+02 3.1332e+00 1.3453e+02 1.2780e+02
1.3686e+00 1.9301e+02 3.1608e+00 1.3030e+02 1.2369e+02
1.4005e+00 1.8670e+02 3.1828e+00 1.2618e+02 1.1970e+02
1.4332e+00 1.8058e+02 3.1996e+00 1.2218e+02 1.1582e+02
1.4667e+00 1.7464e+02 3.2107e+00 1.1829e+02 1.1205e+02
1.5009e+00 1.6881e+02 3.2116e+00 1.1447e+02 1.0835e+02
1.5359e+00 1.6317e+02 3.2088e+00 1.1077e+02 1.0478e+02
1.5718e+00 1.5767e+02 3.2014e+00 1.0715e+02 1.0129e+02
1.6085e+00 1.5238e+02 3.1914e+00 1.0366e+02 9.7923e+01
1.6460e+00 1.4721e+02 3.1773e+00 1.0025e+02 9.4639e+01
1.6844e+00 1.4223e+02 3.1606e+00 9.6958e+01 9.1468e+01
1.7237e+00 1.3735e+02 3.1367e+00 9.3732e+01 8.8364e+01
1.7640e+00 1.3262e+02 3.1096e+00 9.0599e+01 8.5352e+01
1.8051e+00 1.2803e+02 3.0801e+00 8.7552e+01 8.2427e+01
1.8473e+00 1.2361e+02 3.0489e+00 8.4611e+01 7.9605e+01
1.8904e+00 1.1930e+02 3.0153e+00 8.1742e+01 7.6855e+01
1.9345e+00 1.1515e+02 2.9805e+00 7.8977e+01 7.4207e+01
1.9797e+00 1.1110e+02 2.9418e+00 7.6276e+01 7.1624e+01
2.0259e+00 1.0717e+02 2.9001e+00 7.3648e+01 6.9110e+01
2.0732e+00 1.0337e+02 2.8575e+00 7.1109e+01 6.6684e+01
2.1216e+00 9.9696e+01 2.8140e+00 6.8647e+01 6.4334e+01
2.1711e+00 9.6142e+01 2.7695e+00 6.6262e+01 6.2060e+01
2.2217e+00 9.2703e+01 2.7242e+00 6.3951e+01 5.9858e+01
2.2736e+00 8.9380e+01 2.6779e+00 6.1715e+01 5.7729e+01
2.3267e+00 8.6136e+01 2.6287e+00 5.9532e+01 5.5652e+01
2.3810e+00 8.3005e+01 2.5793e+00 5.7421e+01 5.3645e+01
2.4365e+00 7.9981e+01 2.5298e+00 5.5380e+01 5.1706e+01
2.4934e+00 7.7066e+01 2.4803e+00 5.3409e+01 4.9836e+01
2.5516e+00 7.4242e+01 2.4306e+00 5.1498e+01 4.8023e+01
2.6112e+00 7.1520e+01 2.3810e+00 4.9652e+01 4.6274e+01
2.6721e+00 6.8871e+01 2.3296e+00 4.7856e+01 4.4573e+01
2.7345e+00 6.6309e+01 2.2782e+00 4.6116e+01 4.2927e+01
2.7983e+00 6.3839e+01 2.2273e+00 4.4438e+01 4.1340e+01
2.8636e+00 6.1452e+01 2.1766e+00 4.2813e+01 3.9804e+01
2.9304e+00 5.9156e+01 2.1266e+00 4.1248e+01 3.8327e+01
2.9988e+00 5.6939e+01 2.0769e+00 3.9733e+01 3.6899e+01
3.0688e+00 5.4788e+01 2.0268e+00 3.8265e+01 3.5514e+01
3.1405e+00 5.2708e+01 1.9767e+00 3.6844e+01 3.4175e+01
3.2138e+00 5.0703e+01 1.9273e+00 3.5471e+01 3.2883e+01
3.2888e+00 4.8770e+01 1.8786e+00 3.4147e+01 3.1638e+01
3.3655e+00 4.6908e+01 1.8306e+00 3.2869e+01 3.0437e+01
3.4441e+00 4.5113e+01 1.7833e+00 3.1636e+01 2.9278e+01
3.5245e+00 4.3379e+01 1.7365e+00 3.0444e+01 2.8159e+01
3.6067e+00 4.1700e+01 1.6896e+00 2.9290e+01 2.7076e+01
3.6909e+00 4.0081e+01 1.6435e+00 2.8175e+01 2.6031e+01
3.7771e+00 3.8524e+01 1.5984e+00 2.7102e+01 2.5026e+01
3.8652e+00 3.7025e+01 1.5542e+00 2.6067e+01 2.4058e+01
3.9554e+00 3.5582e+01 1.5108e+00 2.5070e+01 2.3125e+01
4.0478e+00 3.4193e+01 1.4683e+00 2.4108e+01 2.2226e+01
4.1422e+00 3.2844e+01 1.4258e+00 2.3175e+01 2.1354e+01
4.2389e+00 3.1547e+01 1.3842e+00 2.2277e+01 2.0515e+01
4.3379e+00 3.0297e+01 1.3435e+00 2.1410e+01 1.9707e+01
4.4391e+00 2.9096e+01 1.3038e+00 2.0577e+01 1.8930e+01
4.5427e+00 2.7942e+01 1.2650e+00 1.9774e+01 1.8182e+01
4.6487e+00 2.6832e+01 1.2272e+00 1.9002e+01 1.7463e+01
4.7572e+00 2.5758e+01 1.1897e+00 1.8254e+01 1.6767e+01
4.8683e+00 2.4723e+01 1.1530e+00 1.7534e+01 1.6097e+01
4.9819e+00 2.3727e+01 1.1172e+00 1.6840e+01 1.5452e+01
5.0982e+00 2.2771e+01 1.0824e+00 1.6173e+01 1.4832e+01
5.2172e+00 2.1852e+01 1.0484e+00 1.5530e+01 1.4236e+01
5.3389e+00 2.0969e+01 1.0153e+00 1.4912e+01 1.3663e+01
5.4636e+00 2.0118e+01 9.8295e-01 1.4317e+01 1.3111e+01
5.5911e+00 1.9296e+01 9.5114e-01 1.3742e+01 1.2578e+01
5.7216e+00 1.8507e+01 9.2019e-01 1.3189e+01 1.2066e+01
5.8551e+00 1.7749e+01 8.9011e-01 1.2657e+01 1.1574e+01
5.9918e+00 1.7022e+01 8.6092e-01 1.2146e+01 1.1101e+01
6.1316e+00 1.6323e+01 8.3252e-01 1.1655e+01 1.0647e+01
6.2747e+00 1.5652e+01 8.0496e-01 1.1183e+01 1.0211e+01
6.4212e+00 1.5003e+01 7.7782e-01 1.0727e+01 9.7893e+00
6.5711e+00 1.4380e+01 7.5146e-01 1.0288e+01 9.3844e+00
6.7244e+00 1.3782e+01 7.2593e-01 9.8667e+00 8.9960e+00
6.8814e+00 1.3209e+01 7.0115e-01 9.4620e+00 8.6229e+00
7.0420e+00 1.2659e+01 6.7714e-01 9.0734e+00 8.2650e+00
7.2064e+00 1.2131e+01 6.5386e-01 8.7000e+00 7.9213e+00
7.3745e+00 1.1621e+01 6.3110e-01 8.3402e+00 7.5901e+00
7.5467e+00 1.1132e+01 6.0895e-01 7.9939e+00 7.2716e+00
7.7228e+00 1.0662e+01 5.8752e-01 7.6616e+00 6.9661e+00
7.9031e+00 1.0212e+01 5.6677e-01 7.3427e+00 6.6731e+00
8.0875e+00 9.7811e+00 5.4670e-01 7.0368e+00 6.3922e+00
8.2763e+00 9.3674e+00 5.2727e-01 6.7429e+00 6.1225e+00
8.4695e+00 8.9699e+00 5.0840e-01 6.4605e+00 5.8635e+00
8.6671e+00 8.5868e+00 4.9000e-01 6.1885e+00 5.6141e+00
8.8694e+00 8.2199e+00 4.7222e-01 5.9277e+00 5.3750e+00
9.0764e+00 7.8684e+00 4.5504e-01 5.6775e+00 5.1459e+00
9.2883e+00 7.5315e+00 4.3844e-01 5.4375e+00 4.9263e+00
9.5051e+00 7.2090e+00 4.2240e-01 5.2075e+00 4.7158e+00
9.7269e+00 6.8998e+00 4.0690e-01 4.9868e+00 4.5140e+00
9.9540e+00 6.6012e+00 3.9176e-01 4.7738e+00 4.3194e+00
1.0186e+01 6.3157e+00 3.7716e-01 4.5701e+00 4.1333e+00
1.0424e+01 6.0421e+00 3.6306e-01 4.3746e+00 3.9548e+00
1.0667e+01 5.7798e+00 3.4943e-01 4.1869e+00 3.7835e+00
1.0916e+01 5.5298e+00 3.3636e-01 4.0079e+00 3.6202e+00
1.1171e+01 5.2892e+00 3.2366e-01 3.8355e+00 3.4631e+00
1.1432e+01 5.0586e+00 3.1139e-01 3.6704e+00 3.3125e+00
1.1699e+01 4.8371e+00 2.9950e-01 3.5117e+00 3.1680e+00
1.1972e+01 4.6244e+00 2.8799e-01 3.3591e+00 3.0291e+00
1.2251e+01 4.4217e+00 2.7695e-01 3.2136e+00 2.8966e+00
1.2537e+01 4.2276e+00 2.6630e-01 3.0741e+00 2.7698e+00
1.2830e+01 4.0420e+00 2.5605e-01 2.9406e+00 2.6484e+00
1.3129e+01 3.8637e+00 2.4612e-01 2.8123e+00 2.5319e+00
1.3436e+01 3.6920e+00 2.3648e-01 2.6889e+00 2.4197e+00
1.3749e+01 3.5287e+00 2.2725e-01 2.5713e+00 2.3130e+00
1.4070e+01 3.3720e+00 2.1833e-01 2.4584e+00 2.2105e+00
1.4398e+01 3.2223e+00 2.0976e-01 2.3504e+00 2.1126e+00
1.4735e+01 3.0792e+00 2.0151e-01 2.2471e+00 2.0189e+00
1.5078e+01 2.9420e+00 1.9355e-01 2.1480e+00 1.9292e+00
1.5430e+01 2.8102e+00 1.8584e-01 2.0529e+00 1.8430e+00
1.5791e+01 2.6842e+00 1.7842e-01 1.9619e+00 1.7606e+00
1.6159e+01 2.5635e+00 1.7127e-01 1.8746e+00 1.6816e+00
1.6536e+01 2.4485e+00 1.6441e-01 1.7914e+00 1.6063e+00
1.6922e+01 2.3386e+00 1.5782e-01 1.7118e+00 1.5343e+00
1.7317e+01 2.2335e+00 1.5148e-01 1.6356e+00 1.4655e+00
1.7721e+01 2.1323e+00 1.4533e-01 1.5623e+00 1.3993e+00
1.8135e+01 2.0357e+00 1.3943e-01 1.4923e+00 1.3361e+00
1.8558e+01 1.9434e+00 1.3375e-01 1.4253e+00 1.2756e+00
1.8991e+01 1.8552e+00 1.2830e-01 1.3613e+00 1.2178e+00
1.9435e+01 1.7710e+00 1.2306e-01 1.3001e+00 1.1626e+00
1.9888e+01 1.6907e+00 1.1803e-01 1.2417e+00 1.1100e+00
2.0352e+01 1.6134e+00 1.1317e-01 1.1855e+00 1.0593e+00
2.0828e+01 1.5395e+00 1.0849e-01 1.1318e+00 1.0110e+00
2.1314e+01 1.4689e+00 1.0400e-01 1.0804e+00 9.6472e-01
2.1811e+01 1.4016e+00 9.9688e-02 1.0314e+00 9.2061e-01
2.2320e+01 1.3374e+00 9.5553e-02 9.8461e-01 8.7849e-01
2.2841e+01 1.2759e+00 9.1575e-02 9.3976e-01 8.3816e-01
2.3374e+01 1.2173e+00 8.7764e-02 8.9700e-01 7.9972e-01
2.3920e+01 1.1609e+00 8.4070e-02 8.5585e-01 7.6275e-01
2.4478e+01 1.1072e+00 8.0539e-02 8.1667e-01 7.2755e-01
2.5049e+01 1.0559e+00 7.7148e-02 7.7921e-01 6.9392e-01
2.5634e+01 1.0070e+00 7.3895e-02 7.4342e-01 6.6180e-01
2.6232e+01 9.6026e-01 7.0774e-02 7.0924e-01 6.3114e-01
2.6845e+01 9.1574e-01 6.7786e-02 6.7664e-01 6.0190e-01
2.7471e+01 8.7305e-01 6.4905e-02 6.4541e-01 5.7391e-01
2.8112e+01 8.3223e-01 6.2136e-02 6.1553e-01 5.4714e-01
2.8769e+01 7.9326e-01 5.9480e-02 5.8699e-01 5.2157e-01
2.9440e+01 7.5613e-01 5.6936e-02 5.5976e-01 4.9719e-01
3.0127e+01 7.2076e-01 5.4502e-02 5.3381e-01 4.7396e-01
3.0830e+01 6.8695e-01 5.2164e-02 5.0898e-01 4.5175e-01
3.1550e+01 6.5463e-01 4.9918e-02 4.8525e-01 4.3053e-01
3.2286e+01 6.2374e-01 4.7761e-02 4.6258e-01 4.1026e-01
3.3040e+01 5.9427e-01 4.5694e-02 4.4093e-01 3.9092e-01
3.3811e+01 5.6617e-01 4.3712e-02 4.2027e-01 3.7246e-01
3.4600e+01 5.3941e-01 4.1818e-02 4.0058e-01 3.5488e-01
3.5408e+01 5.1389e-01 4.0002e-02 3.8179e-01 3.3810e-01
3.6234e+01 4.8951e-01 3.8261e-02 3.6383e-01 3.2208e-01
3.7080e+01 4.6618e-01 3.6585e-02 3.4666e-01 3.0676e-01
3.7945e+01 4.4393e-01 3.4981e-02 3.3027e-01 2.9215e-01
3.8831e+01 4.2272e-01 3.3445e-02 3.1464e-01 2.7822e-01
3.9737e+01 4.0254e-01 3.1977e-02 2.9975e-01 2.6495e-01
4.0665e+01 3.8329e-01 3.0570e-02 2.8553e-01 2.5229e-01
4.1614e+01 3.6497e-01 2.9225e-02 2.7199e-01 2.4024e-01
4.2585e+01 3.4740e-01 2.7930e-02 2.5903e-01 2.2870e-01
4.3579e+01 3.3064e-01 2.6689e-02 2.4665e-01 2.1769e-01
4.4596e+01 3.1471e-01 2.5505e-02 2.3487e-01 2.0721e-01
4.5637e+01 2.9951e-01 2.4370e-02 2.2363e-01 1.9722e-01
4.6702e+01 2.8505e-01 2.3285e-02 2.1293e-01 1.8771e-01
4.7792e+01 2.7128e-01 2.2248e-02 2.0272e-01 1.7864e-01
4.8908e+01 2.5811e-01 2.1252e-02 1.9297e-01 1.6998e-01
5.0049e+01 2.4554e-01 2.0297e-02 1.8366e-01 1.6172e-01
5.1218e+01 2.3356e-01 1.9383e-02 1.7478e-01 1.5385e-01
5.2413e+01 2.2218e-01 1.8511e-02 1.6634e-01 1.4636e-01
5.3636e+01 2.1133e-01 1.7678e-02 1.5829e-01 1.3922e-01
5.4888e+01 2.0102e-01 1.6881e-02 1.5063e-01 1.3243e-01
5.6169e+01 1.9117e-01 1.6117e-02 1.4332e-01 1.2595e-01
5.7480e+01 1.8176e-01 1.5384e-02 1.3633e-01 1.1976e-01
5.8822e+01 1.7280e-01 1.4684e-02 1.2967e-01 1.1386e-01
6.0195e+01 1.6427e-01 1.4014e-02 1.2333e-01 1.0825e-01
6.1600e+01 1.5616e-01 1.3375e-02 1.1729e-01 1.0291e-01
6.3038e+01 1.4845e-01 1.2765e-02 1.1155e-01 9.7836e-02
6.4509e+01 1.4111e-01 1.2182e-02 1.0608e-01 9.3002e-02
6.6014e+01 1.3409e-01 1.1621e-02 1.0085e-01 8.8380e-02
6.7555e+01 1.2740e-01 1.1085e-02 9.5867e-02 8.3979e-02
6.9132e+01 1.2103e-01 1.0573e-02 9.1120e-02 7.9787e-02
7.0746e+01 1.1499e-01 1.0085e-02 8.6610e-02 7.5807e-02
7.2397e+01 1.0923e-01 9.6180e-03 8.2313e-02 7.2016e-02
7.4087e+01 1.0377e-01 9.1732e-03 7.8230e-02 6.8415e-02
7.5816e+01 9.8543e-02 8.7462e-03 7.4329e-02 6.4975e-02
7.7585e+01 9.3566e-02 8.3378e-03 7.0612e-02 6.1700e-02
7.9396e+01 8.8834e-02 7.9478e-03 6.7074e-02 5.8584e-02
8.1249e+01 8.4336e-02 7.5757e-03 6.3709e-02 5.5621e-02
8.3146e+01 8.0061e-02 7.2205e-03 6.0509e-02 5.2803e-02
8.5086e+01 7.6000e-02 6.8817e-03 5.7465e-02 5.0126e-02
8.7072e+01 7.2133e-02 6.5578e-03 5.4567e-02 4.7577e-02
8.9105e+01 6.8435e-02 6.2470e-03 5.1798e-02 4.5142e-02
9.1184e+01 6.4924e-02 5.9505e-03 4.9166e-02 4.2830e-02
9.3313e+01 6.1589e-02 5.6679e-03 4.6665e-02 4.0633e-02
9.5490e+01 5.8422e-02 5.3983e-03 4.4287e-02 3.8544e-02
9.7719e+01 5.5415e-02 5.1413e-03 4.2028e-02 3.6562e-02
1.0000e+02 5.2556e-02 4.8959e-03 3.9878e-02 3.4676e-02
