1.0000e-03 1.6018e-01 -2.5531e-02 7.8711e-02 1.0424e-01
1.0233e-03 1.7287e-01 -2.7547e-02 8.4949e-02 1.1250e-01
1.0472e-03 1.8651e-01 -2.9716e-02 9.1663e-02 1.2138e-01
1.0717e-03 2.0120e-01 -3.2050e-02 9.8890e-02 1.3094e-01
1.0967e-03 2.1704e-01 -3.4564e-02 1.0668e-01 1.4124e-01
1.1223e-03 2.3409e-01 -3.7271e-02 1.1507e-01 1.5234e-01
1.1485e-03 2.5248e-01 -4.0191e-02 1.2412e-01 1.6431e-01
1.1753e-03 2.7227e-01 -4.3330e-02 1.3386e-01 1.7719e-01
1.2027e-03 2.9361e-01 -4.6714e-02 1.4436e-01 1.9108e-01
1.2308e-03 3.1657e-01 -5.0355e-02 1.5567e-01 2.0602e-01
1.2595e-03 3.4129e-01 -5.4272e-02 1.6784e-01 2.2211e-01
1.2889e-03 3.6789e-01 -5.8487e-02 1.8094e-01 2.3943e-01
1.3190e-03 3.9647e-01 -6.3013e-02 1.9501e-01 2.5803e-01
1.3498e-03 4.2717e-01 -6.7872e-02 2.1013e-01 2.7801e-01
1.3813e-03 4.6014e-01 -7.3089e-02 2.2638e-01 2.9946e-01
1.4135e-03 4.9551e-01 -7.8684e-02 2.4381e-01 3.2249e-01
1.4465e-03 5.3341e-01 -8.4674e-02 2.6248e-01 3.4715e-01
1.4803e-03 5.7404e-01 -9.1093e-02 2.8251e-01 3.7360e-01
1.5148e-03 6.1759e-01 -9.7971e-02 3.0397e-01 4.0194e-01
1.5502e-03 6.6425e-01 -1.0533e-01 3.2698e-01 4.3231e-01
1.5864e-03 7.1426e-01 -1.1322e-01 3.5164e-01 4.6487e-01
1.6234e-03 7.6787e-01 -1.2168e-01 3.7809e-01 4.9976e-01
1.6613e-03 8.2536e-01 -1.3073e-01 4.0645e-01 5.3718e-01
1.7000e-03 8.8704e-01 -1.4045e-01 4.3688e-01 5.7733e-01
1.7397e-03 9.5326e-01 -1.5087e-01 4.6957e-01 6.2044e-01
1.7803e-03 1.0243e+00 -1.6204e-01 5.0462e-01 6.6666e-01
1.8219e-03 1.1005e+00 -1.7402e-01 5.4224e-01 7.1626e-01
1.8644e-03 1.1822e+00 -1.8685e-01 5.8260e-01 7.6945e-01
1.9079e-03 1.2697e+00 -2.0059e-01 6.2583e-01 8.2643e-01
1.9525e-03 1.3635e+00 -2.1531e-01 6.7217e-01 8.8748e-01
1.9980e-03 1.4639e+00 -2.3104e-01 7.2179e-01 9.5283e-01
2.0447e-03 1.5713e+00 -2.4787e-01 7.7488e-01 1.0228e+00
2.0924e-03 1.6861e+00 -2.6583e-01 8.3165e-01 1.0975e+00
2.1412e-03 1.8088e+00 -2.8503e-01 8.9236e-01 1.1774e+00
2.1912e-03 1.9400e+00 -3.0553e-01 9.5727e-01 1.2628e+00
2.2423e-03 2.0803e+00 -3.2743e-01 1.0267e+00 1.3541e+00
2.2947e-03 2.2304e+00 -3.5083e-01 1.1010e+00 1.4518e+00
2.3482e-03 2.3908e+00 -3.7583e-01 1.1804e+00 1.5563e+00
2.4030e-03 2.5625e+00 -4.0256e-01 1.2655e+00 1.6680e+00
2.4591e-03 2.7460e+00 -4.3110e-01 1.3564e+00 1.7875e+00
2.5165e-03 2.9422e+00 -4.6159e-01 1.4537e+00 1.9153e+00
2.5753e-03 3.1517e+00 -4.9411e-01 1.5576e+00 2.0517e+00
2.6354e-03 3.3758e+00 -5.2885e-01 1.6687e+00 2.1976e+00
2.6969e-03 3.6146e+00 -5.6584e-01 1.7872e+00 2.3531e+00
2.7598e-03 3.8695e+00 -6.0527e-01 1.9138e+00 2.5190e+00
2.8242e-03 4.1414e+00 -6.4728e-01 2.0488e+00 2.6961e+00
2.8902e-03 4.4316e+00 -6.9207e-01 2.1930e+00 2.8851e+00
2.9576e-03 4.7412e+00 -7.3978e-01 2.3469e+00 3.0866e+00
3.0266e-03 5.0714e+00 -7.9061e-01 2.5111e+00 3.3017e+00
3.0973e-03 5.4237e+00 -8.4477e-01 2.6863e+00 3.5311e+00
3.1696e-03 5.7991e+00 -9.0241e-01 2.8732e+00 3.7756e+00
3.2436e-03 6.1995e+00 -9.6379e-01 3.0725e+00 4.0363e+00
3.3193e-03 6.6261e+00 -1.0291e+00 3.2850e+00 4.3141e+00
3.3967e-03 7.0804e+00 -1.0985e+00 3.5115e+00 4.6100e+00
3.4760e-03 7.5638e+00 -1.1723e+00 3.7526e+00 4.9249e+00
3.5572e-03 8.0791e+00 -1.2508e+00 4.0096e+00 5.2605e+00
3.6402e-03 8.6269e+00 -1.3341e+00 4.2831e+00 5.6173e+00
3.7251e-03 9.2108e+00 -1.4228e+00 4.5748e+00 5.9976e+00
3.8121e-03 9.8314e+00 -1.5169e+00 4.8850e+00 6.4019e+00
3.9011e-03 1.0492e+01 -1.6168e+00 5.2152e+00 6.8321e+00
3.9921e-03 1.1194e+01 -1.7229e+00 5.5666e+00 7.2895e+00
4.0853e-03 1.1940e+01 -1.8353e+00 5.9400e+00 7.7753e+00
4.1806e-03 1.2733e+01 -1.9546e+00 6.3374e+00 8.2921e+00
4.2782e-03 1.3575e+01 -2.0811e+00 6.7598e+00 8.8408e+00
4.3781e-03 1.4471e+01 -2.2152e+00 7.2089e+00 9.4242e+00
4.4803e-03 1.5421e+01 -2.3573e+00 7.6860e+00 1.0043e+01
4.5848e-03 1.6430e+01 -2.5078e+00 8.1928e+00 1.0701e+01
4.6918e-03 1.7500e+01 -2.6671e+00 8.7311e+00 1.1398e+01
4.8013e-03 1.8636e+01 -2.8357e+00 9.3024e+00 1.2138e+01
4.9134e-03 1.9840e+01 -3.0141e+00 9.9089e+00 1.2923e+01
5.0281e-03 2.1117e+01 -3.2027e+00 1.0552e+01 1.3755e+01
5.1454e-03 2.2470e+01 -3.4021e+00 1.1235e+01 1.4637e+01
5.2655e-03 2.3904e+01 -3.6128e+00 1.1958e+01 1.5571e+01
5.3884e-03 2.5422e+01 -3.8354e+00 1.2725e+01 1.6561e+01
5.5142e-03 2.7029e+01 -4.0703e+00 1.3538e+01 1.7608e+01
5.6429e-03 2.8731e+01 -4.3183e+00 1.4399e+01 1.8717e+01
5.7746e-03 3.0531e+01 -4.5799e+00 1.5311e+01 1.9891e+01
5.9094e-03 3.2434e+01 -4.8556e+00 1.6276e+01 2.1131e+01
6.0473e-03 3.4447e+01 -5.1464e+00 1.7298e+01 2.2444e+01
6.1885e-03 3.6574e+01 -5.4524e+00 1.8378e+01 2.3830e+01
6.3329e-03 3.8821e+01 -5.7749e+00 1.9521e+01 2.5296e+01
6.4807e-03 4.1194e+01 -6.1142e+00 2.0729e+01 2.6843e+01
6.6320e-03 4.3697e+01 -6.4708e+00 2.2004e+01 2.8475e+01
6.7868e-03 4.6338e+01 -6.8458e+00 2.3352e+01 3.0198e+01
6.9452e-03 4.9126e+01 -7.2401e+00 2.4775e+01 3.2016e+01
7.1073e-03 5.2062e+01 -7.6538e+00 2.6276e+01 3.3930e+01
7.2732e-03 5.5158e+01 -8.0884e+00 2.7861e+01 3.5950e+01
7.4429e-03 5.8418e+01 -8.5441e+00 2.9532e+01 3.8076e+01
7.6166e-03 6.1849e+01 -9.0217e+00 3.1292e+01 4.0314e+01
7.7944e-03 6.5458e+01 -9.5221e+00 3.3147e+01 4.2669e+01
7.9763e-03 6.9255e+01 -1.0046e+01 3.5100e+01 4.5146e+01
8.1625e-03 7.3246e+01 -1.0595e+01 3.7156e+01 4.7750e+01
8.3530e-03 7.7437e+01 -1.1168e+01 3.9317e+01 5.0485e+01
8.5480e-03 8.1841e+01 -1.1767e+01 4.1592e+01 5.3359e+01
8.7475e-03 8.6459e+01 -1.2393e+01 4.3980e+01 5.6373e+01
8.9517e-03 9.1304e+01 -1.3046e+01 4.6489e+01 5.9535e+01
9.1606e-03 9.6385e+01 -1.3727e+01 4.9125e+01 6.2852e+01
9.3744e-03 1.0170e+02 -1.4437e+01 5.1887e+01 6.6324e+01
9.5932e-03 1.0728e+02 -1.5176e+01 5.4785e+01 6.9961e+01
9.8171e-03 1.1310e+02 -1.5944e+01 5.7822e+01 7.3766e+01
1.0046e-02 1.1920e+02 -1.6744e+01 6.1002e+01 7.7746e+01
1.0281e-02 1.2556e+02 -1.7574e+01 6.4328e+01 8.1902e+01
1.0521e-02 1.3222e+02 -1.8436e+01 6.7811e+01 8.6247e+01
1.0766e-02 1.3915e+02 -1.9330e+01 7.1449e+01 9.0778e+01
1.1018e-02 1.4638e+02 -2.0255e+01 7.5246e+01 9.5501e+01
1.1275e-02 1.5392e+02 -2.1213e+01 7.9212e+01 1.0043e+02
1.1538e-02 1.6176e+02 -2.2203e+01 8.3344e+01 1.0555e+02
1.1807e-02 1.6992e+02 -2.3226e+01 8.7652e+01 1.1088e+02
1.2083e-02 1.7840e+02 -2.4282e+01 9.2137e+01 1.1642e+02
1.2365e-02 1.8721e+02 -2.5371e+01 9.6804e+01 1.2218e+02
1.2653e-02 1.9635e+02 -2.6492e+01 1.0166e+02 1.2815e+02
1.2949e-02 2.0584e+02 -2.7647e+01 1.0670e+02 1.3435e+02
1.3251e-02 2.1565e+02 -2.8832e+01 1.1193e+02 1.4076e+02
1.3560e-02 2.2580e+02 -3.0047e+01 1.1735e+02 1.4740e+02
1.3877e-02 2.3626e+02 -3.1289e+01 1.2295e+02 1.5424e+02
1.4201e-02 2.4706e+02 -3.2559e+01 1.2874e+02 1.6130e+02
1.4532e-02 2.5817e+02 -3.3855e+01 1.3471e+02 1.6857e+02
1.4871e-02 2.6966e+02 -3.5182e+01 1.4090e+02 1.7608e+02
1.5218e-02 2.8153e+02 -3.6542e+01 1.4730e+02 1.8385e+02
1.5573e-02 2.9382e+02 -3.7937e+01 1.5395e+02 1.9189e+02
1.5937e-02 3.0653e+02 -3.9366e+01 1.6084e+02 2.0020e+02
1.6309e-02 3.1960e+02 -4.0821e+01 1.6793e+02 2.0875e+02
1.6690e-02 3.3297e+02 -4.2293e+01 1.7521e+02 2.1750e+02
1.7079e-02 3.4659e+02 -4.3775e+01 1.8264e+02 2.2641e+02
1.7478e-02 3.6038e+02 -4.5255e+01 1.9018e+02 2.3544e+02
1.7886e-02 3.7438e+02 -4.6740e+01 1.9786e+02 2.4460e+02
1.8303e-02 3.8859e+02 -4.8227e+01 2.0568e+02 2.5391e+02
1.8730e-02 4.0306e+02 -4.9722e+01 2.1366e+02 2.6338e+02
1.9167e-02 4.1778e+02 -5.1222e+01 2.2180e+02 2.7302e+02
1.9615e-02 4.3271e+02 -5.2724e+01 2.3008e+02 2.8280e+02
2.0073e-02 4.4779e+02 -5.4217e+01 2.3846e+02 2.9268e+02
2.0541e-02 4.6292e+02 -5.5691e+01 2.4690e+02 3.0259e+02
2.1021e-02 4.7803e+02 -5.7136e+01 2.5535e+02 3.1249e+02
2.1511e-02 4.9310e+02 -5.8549e+01 2.6382e+02 3.2237e+02
2.2013e-02 5.0814e+02 -5.9932e+01 2.7229e+02 3.3222e+02
2.2527e-02 5.2319e+02 -6.1289e+01 2.8080e+02 3.4209e+02
2.3053e-02 5.3829e+02 -6.2625e+01 2.8936e+02 3.5199e+02
2.3591e-02 5.5344e+02 -6.3940e+01 2.9798e+02 3.6192e+02
2.4142e-02 5.6860e+02 -6.5228e+01 3.0663e+02 3.7186e+02
2.4705e-02 5.8374e+02 -6.6486e+01 3.1530e+02 3.8179e+02
2.5282e-02 5.9882e+02 -6.7710e+01 3.2397e+02 3.9168e+02
2.5872e-02 6.1380e+02 -6.8895e+01 3.3261e+02 4.0151e+02
2.6476e-02 6.2863e+02 -7.0036e+01 3.4120e+02 4.1124e+02
2.7094e-02 6.4322e+02 -7.1123e+01 3.4969e+02 4.2081e+02
2.7726e-02 6.5752e+02 -7.2152e+01 3.5805e+02 4.3020e+02
2.8373e-02 6.7148e+02 -7.3116e+01 3.6625e+02 4.3937e+02
2.9035e-02 6.8508e+02 -7.4015e+01 3.7428e+02 4.4830e+02
2.9713e-02 6.9830e+02 -7.4847e+01 3.8213e+02 4.5698e+02
3.0406e-02 7.1116e+02 -7.5616e+01 3.8981e+02 4.6543e+02
3.1116e-02 7.2364e+02 -7.6320e+01 3.9731e+02 4.7363e+02
3.1842e-02 7.3578e+02 -7.6964e+01 4.0464e+02 4.8161e+02
3.2586e-02 7.4760e+02 -7.7551e+01 4.1183e+02 4.8938e+02
3.3346e-02 7.5918e+02 -7.8091e+01 4.1890e+02 4.9700e+02
3.4124e-02 7.7056e+02 -7.8587e+01 4.2590e+02 5.0449e+02
3.4921e-02 7.8180e+02 -7.9045e+01 4.3284e+02 5.1188e+02
3.5736e-02 7.9296e+02 -7.9472e+01 4.3975e+02 5.1922e+02
3.6570e-02 8.0399e+02 -7.9863e+01 4.4662e+02 5.2649e+02
3.7424e-02 8.1505e+02 -8.0233e+01 4.5353e+02 5.3376e+02
3.8297e-02 8.2613e+02 -8.0583e+01 4.6048e+02 5.4106e+02
3.9191e-02 8.3732e+02 -8.0919e+01 4.6751e+02 5.4843e+02
4.0106e-02 8.4863e+02 -8.1241e+01 4.7464e+02 5.5588e+02
4.1042e-02 8.6018e+02 -8.1562e+01 4.8193e+02 5.6349e+02
4.2000e-02 8.7202e+02 -8.1885e+01 4.8941e+02 5.7129e+02
4.2980e-02 8.8421e+02 -8.2213e+01 4.9711e+02 5.7932e+02
4.3983e-02 8.9696e+02 -8.2564e+01 5.0516e+02 5.8772e+02
4.5010e-02 9.1044e+02 -8.2953e+01 5.1365e+02 5.9660e+02
4.6060e-02 9.2475e+02 -8.3384e+01 5.2264e+02 6.0602e+02
4.7135e-02 9.4001e+02 -8.3869e+01 5.3221e+02 6.1608e+02
4.8235e-02 9.5620e+02 -8.4399e+01 5.4234e+02 6.2674e+02
4.9361e-02 9.7318e+02 -8.4962e+01 5.5296e+02 6.3792e+02
5.0513e-02 9.9103e+02 -8.5559e+01 5.6411e+02 6.4967e+02
5.1692e-02 1.0097e+03 -8.6182e+01 5.7576e+02 6.6195e+02
5.2899e-02 1.0291e+03 -8.6828e+01 5.8791e+02 6.7473e+02
5.4134e-02 1.0492e+03 -8.7488e+01 6.0050e+02 6.8799e+02
5.5397e-02 1.0699e+03 -8.8147e+01 6.1347e+02 7.0162e+02
5.6690e-02 1.0911e+03 -8.8794e+01 6.2675e+02 7.1554e+02
5.8013e-02 1.1123e+03 -8.9400e+01 6.4013e+02 7.2953e+02
5.9367e-02 1.1334e+03 -8.9948e+01 6.5351e+02 7.4346e+02
6.0753e-02 1.1543e+03 -9.0427e+01 6.6679e+02 7.5722e+02
6.2171e-02 1.1745e+03 -9.0801e+01 6.7971e+02 7.7051e+02
6.3622e-02 1.1937e+03 -9.1056e+01 6.9212e+02 7.8317e+02
6.5107e-02 1.2114e+03 -9.1153e+01 7.0369e+02 7.9485e+02
6.6627e-02 1.2270e+03 -9.1053e+01 7.1409e+02 8.0515e+02
6.8182e-02 1.2402e+03 -9.0740e+01 7.2311e+02 8.1385e+02
6.9773e-02 1.2513e+03 -9.0249e+01 7.3097e+02 8.2122e+02
7.1402e-02 1.2606e+03 -8.9603e+01 7.3778e+02 8.2738e+02
7.3068e-02 1.2674e+03 -8.8760e+01 7.4313e+02 8.3189e+02
7.4773e-02 1.2703e+03 -8.7633e+01 7.4620e+02 8.3384e+02
7.6519e-02 1.2685e+03 -8.6183e+01 7.4653e+02 8.3271e+02
7.8305e-02 1.2628e+03 -8.4476e+01 7.4454e+02 8.2902e+02
8.0132e-02 1.2541e+03 -8.2584e+01 7.4075e+02 8.2334e+02
8.2003e-02 1.2428e+03 -8.0546e+01 7.3542e+02 8.1596e+02
8.3917e-02 1.2292e+03 -7.8389e+01 7.2871e+02 8.0710e+02
8.5875e-02 1.2139e+03 -7.6152e+01 7.2092e+02 7.9707e+02
8.7880e-02 1.1977e+03 -7.3896e+01 7.1258e+02 7.8648e+02
8.9931e-02 1.1813e+03 -7.1671e+01 7.0414e+02 7.7581e+02
9.2030e-02 1.1659e+03 -6.9531e+01 6.9614e+02 7.6567e+02
9.4178e-02 1.1521e+03 -6.7525e+01 6.8913e+02 7.5666e+02
9.6376e-02 1.1408e+03 -6.5694e+01 6.8359e+02 7.4929e+02
9.8625e-02 1.1328e+03 -6.4075e+01 6.8000e+02 7.4408e+02
1.0093e-01 1.1286e+03 -6.2683e+01 6.7867e+02 7.4135e+02
1.0328e-01 1.1284e+03 -6.1522e+01 6.7976e+02 7.4128e+02
1.0569e-01 1.1322e+03 -6.0575e+01 6.8325e+02 7.4382e+02
1.0816e-01 1.1396e+03 -5.9809e+01 6.8890e+02 7.4871e+02
1.1068e-01 1.1499e+03 -5.9182e+01 6.9638e+02 7.5556e+02
1.1327e-01 1.1621e+03 -5.8626e+01 7.0498e+02 7.6361e+02
1.1591e-01 1.1750e+03 -5.8081e+01 7.1405e+02 7.7213e+02
1.1862e-01 1.1872e+03 -5.7473e+01 7.2268e+02 7.8015e+02
1.2139e-01 1.1968e+03 -5.6725e+01 7.2982e+02 7.8655e+02
1.2422e-01 1.2027e+03 -5.5780e+01 7.3465e+02 7.9043e+02
1.2712e-01 1.2031e+03 -5.4580e+01 7.3617e+02 7.9075e+02
1.3009e-01 1.1975e+03 -5.3112e+01 7.3399e+02 7.8710e+02
1.3312e-01 1.1855e+03 -5.1383e+01 7.2790e+02 7.7928e+02
1.3623e-01 1.1675e+03 -4.9425e+01 7.1805e+02 7.6747e+02
1.3941e-01 1.1444e+03 -4.7295e+01 7.0501e+02 7.5231e+02
1.4266e-01 1.1176e+03 -4.5066e+01 6.8965e+02 7.3472e+02
1.4599e-01 1.0890e+03 -4.2825e+01 6.7314e+02 7.1596e+02
1.4940e-01 1.0607e+03 -4.0657e+01 6.5675e+02 6.9741e+02
1.5289e-01 1.0351e+03 -3.8646e+01 6.4193e+02 6.8058e+02
1.5645e-01 1.0144e+03 -3.6870e+01 6.3014e+02 6.6701e+02
1.6011e-01 9.9965e+02 -3.5347e+01 6.2198e+02 6.5732e+02
1.6384e-01 9.9147e+02 -3.4084e+01 6.1789e+02 6.5197e+02
1.6767e-01 9.8867e+02 -3.3019e+01 6.1714e+02 6.5016e+02
1.7158e-01 9.8982e+02 -3.2090e+01 6.1885e+02 6.5094e+02
1.7559e-01 9.9292e+02 -3.1224e+01 6.2178e+02 6.5301e+02
1.7968e-01 9.9555e+02 -3.0340e+01 6.2442e+02 6.5476e+02
1.8388e-01 9.9512e+02 -2.9364e+01 6.2514e+02 6.5451e+02
1.8817e-01 9.8920e+02 -2.8235e+01 6.2240e+02 6.5064e+02
1.9256e-01 9.7630e+02 -2.6928e+01 6.1525e+02 6.4218e+02
1.9706e-01 9.5678e+02 -2.5473e+01 6.0389e+02 6.2936e+02
2.0166e-01 9.3246e+02 -2.3936e+01 5.8945e+02 6.1339e+02
2.0636e-01 9.0582e+02 -2.2391e+01 5.7349e+02 5.9588e+02
2.1118e-01 8.7975e+02 -2.0914e+01 5.5784e+02 5.7875e+02
2.1611e-01 8.5678e+02 -1.9561e+01 5.4410e+02 5.6366e+02
2.2115e-01 8.3889e+02 -1.8365e+01 5.3354e+02 5.5191e+02
2.2631e-01 8.2682e+02 -1.7328e+01 5.2666e+02 5.4398e+02
2.3160e-01 8.1957e+02 -1.6414e+01 5.2282e+02 5.3923e+02
2.3700e-01 8.1493e+02 -1.5566e+01 5.2063e+02 5.3619e+02
2.4253e-01 8.0993e+02 -1.4723e+01 5.1820e+02 5.3292e+02
2.4819e-01 8.0192e+02 -1.3841e+01 5.1383e+02 5.2767e+02
2.5399e-01 7.8899e+02 -1.2896e+01 5.0628e+02 5.1917e+02
2.5991e-01 7.7135e+02 -1.1905e+01 4.9568e+02 5.0758e+02
2.6598e-01 7.5048e+02 -1.0903e+01 4.8296e+02 4.9386e+02
2.7219e-01 7.2912e+02 -9.9355e+00 4.6988e+02 4.7982e+02
2.7854e-01 7.0954e+02 -9.0319e+00 4.5792e+02 4.6695e+02
2.8504e-01 6.9369e+02 -8.2106e+00 4.4832e+02 4.5653e+02
2.9170e-01 6.8172e+02 -7.4629e+00 4.4120e+02 4.4866e+02
2.9850e-01 6.7224e+02 -6.7647e+00 4.3567e+02 4.4244e+02
3.0547e-01 6.6295e+02 -6.0878e+00 4.3025e+02 4.3633e+02
3.1260e-01 6.5180e+02 -5.4147e+00 4.2359e+02 4.2901e+02
3.1990e-01 6.3776e+02 -4.7425e+00 4.1503e+02 4.1977e+02
3.2736e-01 6.2131e+02 -4.0817e+00 4.0488e+02 4.0896e+02
3.3500e-01 6.0416e+02 -3.4482e+00 3.9423e+02 3.9768e+02
3.4282e-01 5.8833e+02 -2.8532e+00 3.8441e+02 3.8726e+02
3.5082e-01 5.7465e+02 -2.2967e+00 3.7597e+02 3.7827e+02
3.5901e-01 5.6297e+02 -1.7723e+00 3.6882e+02 3.7059e+02
3.6739e-01 5.5209e+02 -1.2721e+00 3.6216e+02 3.6343e+02
3.7597e-01 5.4046e+02 -7.9165e-01 3.5499e+02 3.5578e+02
3.8474e-01 5.2741e+02 -3.3228e-01 3.4687e+02 3.4720e+02
3.9372e-01 5.1341e+02 1.0276e-01 3.3809e+02 3.3799e+02
4.0291e-01 4.9952e+02 5.1236e-01 3.2936e+02 3.2885e+02
4.1232e-01 4.8669e+02 8.9874e-01 3.2131e+02 3.2042e+02
4.2194e-01 4.7502e+02 1.2650e+00 3.1400e+02 3.1274e+02
4.3179e-01 4.6392e+02 1.6119e+00 3.0704e+02 3.0543e+02
4.4187e-01 4.5254e+02 1.9376e+00 2.9988e+02 2.9794e+02
4.5218e-01 4.4064e+02 2.2402e+00 2.9236e+02 2.9012e+02
4.6273e-01 4.2856e+02 2.5206e+00 2.8469e+02 2.8217e+02
4.7353e-01 4.1692e+02 2.7828e+00 2.7729e+02 2.7451e+02
4.8459e-01 4.0592e+02 3.0294e+00 2.7030e+02 2.6727e+02
4.9590e-01 3.9534e+02 3.2603e+00 2.6357e+02 2.6031e+02
5.0747e-01 3.8477e+02 3.4729e+00 2.5683e+02 2.5335e+02
5.1931e-01 3.7411e+02 3.6665e+00 2.5001e+02 2.4634e+02
5.3144e-01 3.6356e+02 3.8429e+00 2.4324e+02 2.3939e+02
5.4384e-01 3.5336e+02 4.0054e+00 2.3668e+02 2.3268e+02
5.5653e-01 3.4351e+02 4.1551e+00 2.3035e+02 2.2620e+02
5.6952e-01 3.3384e+02 4.2904e+00 2.2412e+02 2.1983e+02
5.8282e-01 3.2424e+02 4.4107e+00 2.1792e+02 2.1351e+02
5.9642e-01 3.1478e+02 4.5170e+00 2.1180e+02 2.0728e+02
6.1034e-01 3.0560e+02 4.6121e+00 2.0586e+02 2.0124e+02
6.2458e-01 2.9664e+02 4.6957e+00 2.0004e+02 1.9535e+02
6.3916e-01 2.8789e+02 4.7681e+00 1.9435e+02 1.8958e+02
6.5408e-01 2.7933e+02 4.8298e+00 1.8878e+02 1.8395e+02
6.6935e-01 2.7094e+02 4.8808e+00 1.8331e+02 1.7843e+02
6.8497e-01 2.6274e+02 4.9220e+00 1.7795e+02 1.7303e+02
7.0096e-01 2.5471e+02 4.9536e+00 1.7270e+02 1.6774e+02
7.1732e-01 2.4687e+02 4.9766e+00 1.6756e+02 1.6258e+02
7.3406e-01 2.3921e+02 4.9909e+00 1.6253e+02 1.5754e+02
7.5119e-01 2.3174e+02 4.9975e+00 1.5762e+02 1.5262e+02
7.6873e-01 2.2445e+02 4.9966e+00 1.5282e+02 1.4782e+02
7.8667e-01 2.1733e+02 4.9886e+00 1.4812e+02 1.4313e+02
8.0503e-01 2.1039e+02 4.9738e+00 1.4353e+02 1.3856e+02
8.2382e-01 2.0362e+02 4.9529e+00 1.3906e+02 1.3410e+02
8.4305e-01 1.9703e+02 4.9265e+00 1.3469e+02 1.2977e+02
8.6272e-01 1.9061e+02 4.8946e+00 1.3044e+02 1.2554e+02
8.8286e-01 1.8437e+02 4.8577e+00 1.2629e+02 1.2143e+02
9.0347e-01 1.7829e+02 4.8162e+00 1.2224e+02 1.1743e+02
9.2455e-01 1.7238e+02 4.7706e+00 1.1831e+02 1.1354e+02
9.4613e-01 1.6663e+02 4.7209e+00 1.1447e+02 1.0975e+02
9.6822e-01 1.6104e+02 4.6676e+00 1.1074e+02 1.0607e+02
9.9081e-01 1.5561e+02 4.6111e+00 1.0710e+02 1.0249e+02
1.0139e+00 1.5033e+02 4.5513e+00 1.0356e+02 9.9012e+01
1.0376e+00 1.4521e+02 4.4892e+00 1.0013e+02 9.5643e+01
1.0618e+00 1.4022e+02 4.4239e+00 9.6778e+01 9.2354e+01
1.0866e+00 1.3539e+02 4.3571e+00 9.3531e+01 8.9174e+01
1.1120e+00 1.3068e+02 4.2877e+00 9.0365e+01 8.6077e+01
1.1379e+00 1.2613e+02 4.2169e+00 8.7296e+01 8.3079e+01
1.1645e+00 1.2171e+02 4.1444e+00 8.4313e+01 8.0168e+01
1.1917e+00 1.1742e+02 4.0703e+00 8.1410e+01 7.7340e+01
1.2195e+00 1.1326e+02 3.9954e+00 7.8598e+01 7.4603e+01
1.2479e+00 1.0922e+02 3.9192e+00 7.5863e+01 7.1943e+01
1.2771e+00 1.0533e+02 3.8427e+00 7.3219e+01 6.9376e+01
1.3069e+00 1.0153e+02 3.7650e+00 7.0641e+01 6.6876e+01
1.3374e+00 9.7862e+01 3.6871e+00 6.8147e+01 6.4460e+01
1.3686e+00 9.4307e+01 3.6089e+00 6.5728e+01 6.2119e+01
1.4005e+00 9.0862e+01 3.5303e+00 6.3381e+01 5.9850e+01
1.4332e+00 8.7531e+01 3.4519e+00 6.1108e+01 5.7656e+01
1.4667e+00 8.4312e+01 3.3737e+00 5.8910e+01 5.5536e+01
1.5009e+00 8.1189e+01 3.2954e+00 5.6774e+01 5.3479e+01
1.5359e+00 7.8178e+01 3.2178e+00 5.4714e+01 5.1496e+01
1.5718e+00 7.5247e+01 3.1398e+00 5.2705e+01 4.9566e+01
1.6085e+00 7.2434e+01 3.0633e+00 5.0776e+01 4.7713e+01
1.6460e+00 6.9699e+01 2.9866e+00 4.8898e+01 4.5911e+01
1.6844e+00 6.7065e+01 2.9110e+00 4.7087e+01 4.4176e+01
1.7237e+00 6.4517e+01 2.8360e+00 4.5334e+01 4.2498e+01
1.7640e+00 6.2057e+01 2.7618e+00 4.3639e+01 4.0878e+01
1.8051e+00 5.9675e+01 2.6883e+00 4.1997e+01 3.9309e+01
1.8473e+00 5.7385e+01 2.6162e+00 4.0417e+01 3.7800e+01
1.8904e+00 5.5162e+01 2.5445e+00 3.8881e+01 3.6336e+01
1.9345e+00 5.3028e+01 2.4743e+00 3.7405e+01 3.4930e+01
1.9797e+00 5.0963e+01 2.4050e+00 3.5975e+01 3.3570e+01
2.0259e+00 4.8970e+01 2.3367e+00 3.4594e+01 3.2257e+01
2.0732e+00 4.7051e+01 2.2697e+00 3.3263e+01 3.0993e+01
2.1216e+00 4.5199e+01 2.2039e+00 3.1978e+01 2.9774e+01
2.1711e+00 4.3414e+01 2.1392e+00 3.0737e+01 2.8598e+01
2.2217e+00 4.1690e+01 2.0756e+00 2.9538e+01 2.7462e+01
2.2736e+00 4.0033e+01 2.0135e+00 2.8384e+01 2.6371e+01
2.3267e+00 3.8433e+01 1.9525e+00 2.7269e+01 2.5317e+01
2.3810e+00 3.6892e+01 1.8927e+00 2.6194e+01 2.4302e+01
2.4365e+00 3.5408e+01 1.8342e+00 2.5158e+01 2.3324e+01
2.4934e+00 3.3981e+01 1.7771e+00 2.4161e+01 2.2384e+01
2.5516e+00 3.2603e+01 1.7211e+00 2.3197e+01 2.1476e+01
2.6112e+00 3.1278e+01 1.6665e+00 2.2270e+01 2.0603e+01
2.6721e+00 3.0003e+01 1.6131e+00 2.1377e+01 1.9764e+01
2.7345e+00 2.8775e+01 1.5609e+00 2.0516e+01 1.8955e+01
2.7983e+00 2.7594e+01 1.5101e+00 1.9687e+01 1.8177e+01
2.8636e+00 2.6456e+01 1.4604e+00 1.8888e+01 1.7427e+01
2.9304e+00 2.5364e+01 1.4122e+00 1.8120e+01 1.6708e+01
2.9988e+00 2.4313e+01 1.3650e+00 1.7380e+01 1.6015e+01
3.0688e+00 2.3302e+01 1.3192e+00 1.6669e+01 1.5349e+01
3.1405e+00 2.2330e+01 1.2745e+00 1.5984e+01 1.4710e+01
3.2138e+00 2.1396e+01 1.2310e+00 1.5325e+01 1.4094e+01
3.2888e+00 2.0498e+01 1.1888e+00 1.4692e+01 1.3503e+01
3.3655e+00 1.9636e+01 1.1477e+00 1.4082e+01 1.2935e+01
3.4441e+00 1.8807e+01 1.1077e+00 1.3496e+01 1.2388e+01
3.5245e+00 1.8010e+01 1.0689e+00 1.2933e+01 1.1864e+01
3.6067e+00 1.7246e+01 1.0312e+00 1.2392e+01 1.1360e+01
3.6909e+00 1.6511e+01 9.9459e-01 1.1871e+01 1.0876e+01
3.7771e+00 1.5807e+01 9.5911e-01 1.1371e+01 1.0412e+01
3.8652e+00 1.5130e+01 9.2468e-01 1.0891e+01 9.9667e+00
3.9554e+00 1.4481e+01 8.9127e-01 1.0430e+01 9.5389e+00
4.0478e+00 1.3857e+01 8.5888e-01 9.9871e+00 9.1282e+00
4.1422e+00 1.3259e+01 8.2747e-01 9.5615e+00 8.7340e+00
4.2389e+00 1.2686e+01 7.9709e-01 9.1533e+00 8.3563e+00
4.3379e+00 1.2135e+01 7.6759e-01 8.7608e+00 7.9932e+00
4.4391e+00 1.1607e+01 7.3908e-01 8.3846e+00 7.6455e+00
4.5427e+00 1.1100e+01 7.1148e-01 8.0235e+00 7.3120e+00
4.6487e+00 1.0615e+01 6.8478e-01 7.6771e+00 6.9923e+00
4.7572e+00 1.0149e+01 6.5893e-01 7.3445e+00 6.6856e+00
4.8683e+00 9.7035e+00 6.3396e-01 7.0258e+00 6.3918e+00
4.9819e+00 9.2758e+00 6.0979e-01 6.7199e+00 6.1101e+00
5.0982e+00 8.8663e+00 5.8646e-01 6.4268e+00 5.8403e+00
5.2172e+00 8.4733e+00 5.6387e-01 6.1453e+00 5.5815e+00
5.3389e+00 8.0972e+00 5.4208e-01 5.8758e+00 5.3337e+00
5.4636e+00 7.7369e+00 5.2103e-01 5.6174e+00 5.0964e+00
5.5911e+00 7.3919e+00 5.0072e-01 5.3699e+00 4.8691e+00
5.7216e+00 7.0614e+00 4.8110e-01 5.1325e+00 4.6514e+00
5.8551e+00 6.7450e+00 4.6217e-01 4.9051e+00 4.4430e+00
5.9918e+00 6.4422e+00 4.4392e-01 4.6874e+00 4.2435e+00
6.1316e+00 6.1520e+00 4.2630e-01 4.4786e+00 4.0524e+00
6.2747e+00 5.8744e+00 4.0931e-01 4.2788e+00 3.8695e+00
6.4212e+00 5.6089e+00 3.9294e-01 4.0876e+00 3.6946e+00
6.5711e+00 5.3547e+00 3.7716e-01 3.9043e+00 3.5271e+00
6.7244e+00 5.1116e+00 3.6196e-01 3.7289e+00 3.3670e+00
6.8814e+00 4.8788e+00 3.4730e-01 3.5610e+00 3.2137e+00
7.0420e+00 4.6563e+00 3.3319e-01 3.4003e+00 3.0671e+00
7.2064e+00 4.4434e+00 3.1959e-01 3.2464e+00 2.9268e+00
7.3745e+00 4.2399e+00 3.0651e-01 3.0993e+00 2.7928e+00
7.5467e+00 4.0452e+00 2.9392e-01 2.9585e+00 2.6646e+00
7.7228e+00 3.8591e+00 2.8180e-01 2.8238e+00 2.5420e+00
7.9031e+00 3.6812e+00 2.7014e-01 2.6949e+00 2.4248e+00
8.0875e+00 3.5112e+00 2.5892e-01 2.5717e+00 2.3128e+00
8.2763e+00 3.3487e+00 2.4812e-01 2.4538e+00 2.2057e+00
8.4695e+00 3.1934e+00 2.3775e-01 2.3412e+00 2.1034e+00
8.6671e+00 3.0450e+00 2.2778e-01 2.2335e+00 2.0057e+00
8.8694e+00 2.9032e+00 2.1819e-01 2.1305e+00 1.9123e+00
9.0764e+00 2.7678e+00 2.0898e-01 2.0321e+00 1.8231e+00
9.2883e+00 2.6384e+00 2.0013e-01 1.9380e+00 1.7379e+00
9.5051e+00 2.5149e+00 1.9162e-01 1.8481e+00 1.6565e+00
9.7269e+00 2.3969e+00 1.8345e-01 1.7622e+00 1.5788e+00
9.9540e+00 2.2842e+00 1.7560e-01 1.6801e+00 1.5045e+00
1.0186e+01 2.1767e+00 1.6808e-01 1.6018e+00 1.4337e+00
1.0424e+01 2.0740e+00 1.6085e-01 1.5269e+00 1.3661e+00
1.0667e+01 1.9758e+00 1.5390e-01 1.4553e+00 1.3014e+00
1.0916e+01 1.8825e+00 1.4726e-01 1.3872e+00 1.2399e+00
1.1171e+01 1.7930e+00 1.4085e-01 1.3218e+00 1.1810e+00
1.1432e+01 1.7079e+00 1.3474e-01 1.2597e+00 1.1250e+00
1.1699e+01 1.6267e+00 1.2886e-01 1.2003e+00 1.0714e+00
1.1972e+01 1.5489e+00 1.2320e-01 1.1434e+00 1.0202e+00
1.2251e+01 1.4749e+00 1.1780e-01 1.0893e+00 9.7148e-01
1.2537e+01 1.4043e+00 1.1262e-01 1.0376e+00 9.2498e-01
1.2830e+01 1.3370e+00 1.0765e-01 9.8830e-01 8.8064e-01
1.3129e+01 1.2728e+00 1.0289e-01 9.4124e-01 8.3835e-01
1.3436e+01 1.2114e+00 9.8317e-02 8.9624e-01 7.9792e-01
1.3749e+01 1.1532e+00 9.3957e-02 8.5352e-01 7.5956e-01
1.4070e+01 1.0975e+00 8.9766e-02 8.1264e-01 7.2287e-01
1.4398e+01 1.0444e+00 8.5755e-02 7.7367e-01 6.8792e-01
1.4735e+01 9.9386e-01 8.1915e-02 7.3653e-01 6.5461e-01
1.5078e+01 9.4559e-01 7.8231e-02 7.0104e-01 6.2281e-01
1.5430e+01 8.9967e-01 7.4712e-02 6.6728e-01 5.9257e-01
1.5791e+01 8.5589e-01 7.1342e-02 6.3508e-01 5.6373e-01
1.6159e+01 8.1409e-01 6.8108e-02 6.0431e-01 5.3620e-01
1.6536e+01 7.7435e-01 6.5021e-02 5.7504e-01 5.1002e-01
1.6922e+01 7.3650e-01 6.2069e-02 5.4717e-01 4.8510e-01
1.7317e+01 7.0043e-01 5.9242e-02 5.2058e-01 4.6134e-01
1.7721e+01 6.6602e-01 5.6534e-02 4.9520e-01 4.3867e-01
1.8135e+01 6.3332e-01 5.3950e-02 4.7108e-01 4.1713e-01
1.8558e+01 6.0214e-01 5.1475e-02 4.4807e-01 3.9660e-01
1.8991e+01 5.7247e-01 4.9110e-02 4.2616e-01 3.7705e-01
1.9435e+01 5.4420e-01 4.6848e-02 4.0528e-01 3.5843e-01
1.9888e+01 5.1732e-01 4.4688e-02 3.8541e-01 3.4073e-01
2.0352e+01 4.9165e-01 4.2617e-02 3.6643e-01 3.2382e-01
2.0828e+01 4.6728e-01 4.0643e-02 3.4841e-01 3.0777e-01
2.1314e+01 4.4406e-01 3.8754e-02 3.3123e-01 2.9247e-01
2.1811e+01 4.2199e-01 3.6952e-02 3.1489e-01 2.7793e-01
2.2320e+01 4.0097e-01 3.5230e-02 2.9932e-01 2.6409e-01
2.2841e+01 3.8093e-01 3.3581e-02 2.8448e-01 2.5089e-01
2.3374e+01 3.6191e-01 3.2009e-02 2.7037e-01 2.3837e-01
2.3920e+01 3.4377e-01 3.0505e-02 2.5692e-01 2.2642e-01
2.4478e+01 3.2656e-01 2.9073e-02 2.4416e-01 2.1508e-01
2.5049e+01 3.1017e-01 2.7703e-02 2.3199e-01 2.0428e-01
2.5634e+01 2.9457e-01 2.6395e-02 2.2041e-01 1.9401e-01
2.6232e+01 2.7973e-01 2.5146e-02 2.0938e-01 1.8423e-01
2.6845e+01 2.6562e-01 2.3955e-02 1.9890e-01 1.7494e-01
2.7471e+01 2.5223e-01 2.2819e-02 1.8894e-01 1.6612e-01
2.8112e+01 2.3948e-01 2.1735e-02 1.7946e-01 1.5773e-01
2.8769e+01 2.2734e-01 2.0698e-02 1.7043e-01 1.4973e-01
2.9440e+01 2.1581e-01 1.9710e-02 1.6185e-01 1.4214e-01
3.0127e+01 2.0486e-01 1.8768e-02 1.5369e-01 1.3492e-01
3.0830e+01 1.9442e-01 1.7868e-02 1.4592e-01 1.2805e-01
3.1550e+01 1.8452e-01 1.7010e-02 1.3854e-01 1.2153e-01
3.2286e+01 1.7511e-01 1.6193e-02 1.3152e-01 1.1533e-01
3.3040e+01 1.6617e-01 1.5413e-02 1.2485e-01 1.0944e-01
3.3811e+01 1.5766e-01 1.4669e-02 1.1851e-01 1.0384e-01
3.4600e+01 1.4959e-01 1.3960e-02 1.1248e-01 9.8520e-02
3.5408e+01 1.4191e-01 1.3284e-02 1.0675e-01 9.3463e-02
3.6234e+01 1.3461e-01 1.2639e-02 1.0130e-01 8.8657e-02
3.7080e+01 1.2769e-01 1.2026e-02 9.6124e-02 8.4098e-02
3.7945e+01 1.2111e-01 1.1440e-02 9.1205e-02 7.9764e-02
3.8831e+01 1.1486e-01 1.0882e-02 8.6527e-02 7.5645e-02
3.9737e+01 1.0892e-01 1.0351e-02 8.2087e-02 7.1736e-02
4.0665e+01 1.0328e-01 9.8440e-03 7.7863e-02 6.8019e-02
4.1614e+01 9.7924e-02 9.3616e-03 7.3855e-02 6.4493e-02
4.2585e+01 9.2842e-02 8.9023e-03 7.0049e-02 6.1146e-02
4.3579e+01 8.8011e-02 8.4642e-03 6.6429e-02 5.7965e-02
4.4596e+01 8.3432e-02 8.0477e-03 6.2996e-02 5.4949e-02
4.5637e+01 7.9077e-02 7.6503e-03 5.9731e-02 5.2081e-02
4.6702e+01 7.4948e-02 7.2722e-03 5.6633e-02 4.9361e-02
4.7792e+01 7.1024e-02 6.9120e-03 5.3689e-02 4.6777e-02
4.8908e+01 6.7302e-02 6.5691e-03 5.0895e-02 4.4326e-02
5.0049e+01 6.3771e-02 6.2429e-03 4.8243e-02 4.2000e-02
5.1218e+01 6.0417e-02 5.9320e-03 4.5723e-02 3.9791e-02
5.2413e+01 5.7238e-02 5.6365e-03 4.3334e-02 3.7697e-02
5.3636e+01 5.4220e-02 5.3550e-03 4.1065e-02 3.5710e-02
5.4888e+01 5.1357e-02 5.0872e-03 3.8911e-02 3.3824e-02
5.6169e+01 4.8639e-02 4.8321e-03 3.6866e-02 3.2034e-02
5.7480e+01 4.6062e-02 4.5896e-03 3.4926e-02 3.0337e-02
5.8822e+01 4.3617e-02 4.3588e-03 3.3085e-02 2.8726e-02
6.0195e+01 4.1297e-02 4.1391e-03 3.1337e-02 2.7198e-02
6.1600e+01 3.9097e-02 3.9302e-03 2.9680e-02 2.5749e-02
6.3038e+01 3.7012e-02 3.7315e-03 2.8107e-02 2.4376e-02
6.4509e+01 3.5034e-02 3.5425e-03 2.6616e-02 2.3073e-02
6.6014e+01 3.3159e-02 3.3629e-03 2.5201e-02 2.1838e-02
6.7555e+01 3.1380e-02 3.1919e-03 2.3859e-02 2.0667e-02
6.9132e+01 2.9692e-02 3.0291e-03 2.2584e-02 1.9555e-02
7.0746e+01 2.8095e-02 2.8747e-03 2.1378e-02 1.8503e-02
7.2397e+01 2.6578e-02 2.7276e-03 2.0232e-02 1.7504e-02
7.4087e+01 2.5143e-02 2.5880e-03 1.9147e-02 1.6559e-02
7.5816e+01 2.3781e-02 2.4551e-03 1.8117e-02 1.5662e-02
7.7585e+01 2.2492e-02 2.3289e-03 1.7142e-02 1.4813e-02
7.9396e+01 2.1269e-02 2.2089e-03 1.6217e-02 1.4008e-02
8.1249e+01 2.0111e-02 2.0949e-03 1.5340e-02 1.3245e-02
8.3146e+01 1.9013e-02 1.9865e-03 1.4509e-02 1.2522e-02
8.5086e+01 1.7973e-02 1.8836e-03 1.3721e-02 1.1837e-02
8.7072e+01 1.6989e-02 1.7858e-03 1.2975e-02 1.1189e-02
8.9105e+01 1.6056e-02 1.6928e-03 1.2267e-02 1.0574e-02
9.1184e+01 1.5172e-02 1.6044e-03 1.1597e-02 9.9921e-03
9.3313e+01 1.4335e-02 1.5206e-03 1.0962e-02 9.4410e-03
9.5490e+01 1.3542e-02 1.4409e-03 1.0360e-02 8.9190e-03
9.7719e+01 1.2793e-02 1.3653e-03 9.7904e-03 8.4251e-03
1.0000e+02 1.2082e-02 1.2934e-03 9.2504e-03 7.9570e-03
