1.0000e-03 1.9303e-01 -3.1040e-02 9.5694e-02 1.2673e-01
1.0233e-03 2.0831e-01 -3.3491e-02 1.0328e-01 1.3677e-01
1.0472e-03 2.2476e-01 -3.6128e-02 1.1144e-01 1.4757e-01
1.0717e-03 2.4246e-01 -3.8965e-02 1.2023e-01 1.5919e-01
1.0967e-03 2.6154e-01 -4.2022e-02 1.2970e-01 1.7172e-01
1.1223e-03 2.8209e-01 -4.5313e-02 1.3990e-01 1.8521e-01
1.1485e-03 3.0425e-01 -4.8862e-02 1.5090e-01 1.9977e-01
1.1753e-03 3.2809e-01 -5.2679e-02 1.6274e-01 2.1542e-01
1.2027e-03 3.5381e-01 -5.6793e-02 1.7551e-01 2.3231e-01
1.2308e-03 3.8148e-01 -6.1219e-02 1.8926e-01 2.5047e-01
1.2595e-03 4.1126e-01 -6.5982e-02 2.0405e-01 2.7003e-01
1.2889e-03 4.4332e-01 -7.1106e-02 2.1998e-01 2.9108e-01
1.3190e-03 4.7776e-01 -7.6609e-02 2.3709e-01 3.1370e-01
1.3498e-03 5.1475e-01 -8.2516e-02 2.5547e-01 3.3799e-01
1.3813e-03 5.5448e-01 -8.8859e-02 2.7522e-01 3.6408e-01
1.4135e-03 5.9711e-01 -9.5660e-02 2.9641e-01 3.9207e-01
1.4465e-03 6.4277e-01 -1.0294e-01 3.1911e-01 4.2205e-01
1.4803e-03 6.9173e-01 -1.1075e-01 3.4346e-01 4.5421e-01
1.5148e-03 7.4421e-01 -1.1911e-01 3.6956e-01 4.8867e-01
1.5502e-03 8.0043e-01 -1.2806e-01 3.9753e-01 5.2559e-01
1.5864e-03 8.6070e-01 -1.3765e-01 4.2751e-01 5.6517e-01
1.6234e-03 9.2530e-01 -1.4793e-01 4.5966e-01 6.0759e-01
1.6613e-03 9.9458e-01 -1.5894e-01 4.9414e-01 6.5309e-01
1.7000e-03 1.0689e+00 -1.7075e-01 5.3115e-01 7.0190e-01
1.7397e-03 1.1487e+00 -1.8342e-01 5.7088e-01 7.5431e-01
1.7803e-03 1.2343e+00 -1.9700e-01 6.1350e-01 8.1050e-01
1.8219e-03 1.3261e+00 -2.1156e-01 6.5924e-01 8.7080e-01
1.8644e-03 1.4245e+00 -2.2717e-01 7.0830e-01 9.3547e-01
1.9079e-03 1.5300e+00 -2.4387e-01 7.6086e-01 1.0047e+00
1.9525e-03 1.6430e+00 -2.6176e-01 8.1720e-01 1.0790e+00
1.9980e-03 1.7640e+00 -2.8089e-01 8.7752e-01 1.1584e+00
2.0447e-03 1.8934e+00 -3.0135e-01 9.4207e-01 1.2434e+00
2.0924e-03 2.0317e+00 -3.2319e-01 1.0111e+00 1.3343e+00
2.1412e-03 2.1796e+00 -3.4652e-01 1.0849e+00 1.4314e+00
2.1912e-03 2.3377e+00 -3.7145e-01 1.1638e+00 1.5353e+00
2.2423e-03 2.5068e+00 -3.9807e-01 1.2482e+00 1.6463e+00
2.2947e-03 2.6876e+00 -4.2652e-01 1.3385e+00 1.7650e+00
2.3482e-03 2.8809e+00 -4.5692e-01 1.4351e+00 1.8920e+00
2.4030e-03 3.0878e+00 -4.8941e-01 1.5385e+00 2.0279e+00
2.4591e-03 3.3089e+00 -5.2411e-01 1.6491e+00 2.1732e+00
2.5165e-03 3.5453e+00 -5.6118e-01 1.7673e+00 2.3285e+00
2.5753e-03 3.7978e+00 -6.0072e-01 1.8936e+00 2.4944e+00
2.6354e-03 4.0678e+00 -6.4295e-01 2.0288e+00 2.6717e+00
2.6969e-03 4.3556e+00 -6.8793e-01 2.1729e+00 2.8608e+00
2.7598e-03 4.6627e+00 -7.3587e-01 2.3267e+00 3.0626e+00
2.8242e-03 4.9903e+00 -7.8694e-01 2.4908e+00 3.2778e+00
2.8902e-03 5.3401e+00 -8.4140e-01 2.6662e+00 3.5076e+00
2.9576e-03 5.7130e+00 -8.9940e-01 2.8532e+00 3.7526e+00
3.0266e-03 6.1109e+00 -9.6120e-01 3.0528e+00 4.0140e+00
3.0973e-03 6.5354e+00 -1.0270e+00 3.2659e+00 4.2929e+00
3.1696e-03 6.9878e+00 -1.0971e+00 3.4931e+00 4.5902e+00
3.2436e-03 7.4702e+00 -1.1717e+00 3.7355e+00 4.9072e+00
3.3193e-03 7.9842e+00 -1.2511e+00 3.9938e+00 5.2449e+00
3.3967e-03 8.5316e+00 -1.3355e+00 4.2691e+00 5.6046e+00
3.4760e-03 9.1142e+00 -1.4252e+00 4.5622e+00 5.9875e+00
3.5572e-03 9.7350e+00 -1.5207e+00 4.8748e+00 6.3954e+00
3.6402e-03 1.0395e+01 -1.6220e+00 5.2073e+00 6.8292e+00
3.7251e-03 1.1099e+01 -1.7298e+00 5.5619e+00 7.2916e+00
3.8121e-03 1.1846e+01 -1.8442e+00 5.9390e+00 7.7831e+00
3.9011e-03 1.2642e+01 -1.9657e+00 6.3405e+00 8.3061e+00
3.9921e-03 1.3488e+01 -2.0946e+00 6.7676e+00 8.8622e+00
4.0853e-03 1.4387e+01 -2.2313e+00 7.2217e+00 9.4529e+00
4.1806e-03 1.5343e+01 -2.3763e+00 7.7048e+00 1.0081e+01
4.2782e-03 1.6358e+01 -2.5301e+00 8.2182e+00 1.0748e+01
4.3781e-03 1.7436e+01 -2.6932e+00 8.7643e+00 1.1458e+01
4.4803e-03 1.8581e+01 -2.8659e+00 9.3443e+00 1.2210e+01
4.5848e-03 1.9797e+01 -3.0488e+00 9.9604e+00 1.3009e+01
4.6918e-03 2.1087e+01 -3.2426e+00 1.0615e+01 1.3857e+01
4.8013e-03 2.2455e+01 -3.4475e+00 1.1309e+01 1.4757e+01
4.9134e-03 2.3906e+01 -3.6644e+00 1.2047e+01 1.5711e+01
5.0281e-03 2.5444e+01 -3.8937e+00 1.2829e+01 1.6722e+01
5.1454e-03 2.7074e+01 -4.1361e+00 1.3659e+01 1.7795e+01
5.2655e-03 2.8802e+01 -4.3923e+00 1.4538e+01 1.8931e+01
5.3884e-03 3.0632e+01 -4.6630e+00 1.5471e+01 2.0134e+01
5.5142e-03 3.2568e+01 -4.9485e+00 1.6459e+01 2.1408e+01
5.6429e-03 3.4618e+01 -5.2500e+00 1.7506e+01 2.2756e+01
5.7746e-03 3.6787e+01 -5.5681e+00 1.8615e+01 2.4183e+01
5.9094e-03 3.9079e+01 -5.9032e+00 1.9787e+01 2.5691e+01
6.0473e-03 4.1505e+01 -6.2567e+00 2.1030e+01 2.7287e+01
6.1885e-03 4.4067e+01 -6.6289e+00 2.2343e+01 2.8972e+01
6.3329e-03 4.6775e+01 -7.0209e+00 2.3732e+01 3.0753e+01
6.4807e-03 4.9633e+01 -7.4333e+00 2.5201e+01 3.2634e+01
6.6320e-03 5.2649e+01 -7.8670e+00 2.6752e+01 3.4619e+01
6.7868e-03 5.5832e+01 -8.3229e+00 2.8390e+01 3.6713e+01
6.9452e-03 5.9190e+01 -8.8023e+00 3.0121e+01 3.8923e+01
7.1073e-03 6.2727e+01 -9.3052e+00 3.1946e+01 4.1251e+01
7.2732e-03 6.6457e+01 -9.8336e+00 3.3873e+01 4.3706e+01
7.4429e-03 7.0385e+01 -1.0388e+01 3.5904e+01 4.6292e+01
7.6166e-03 7.4518e+01 -1.0968e+01 3.8044e+01 4.9012e+01
7.7944e-03 7.8866e+01 -1.1577e+01 4.0298e+01 5.1875e+01
7.9763e-03 8.3441e+01 -1.2214e+01 4.2673e+01 5.4887e+01
8.1625e-03 8.8249e+01 -1.2880e+01 4.5172e+01 5.8053e+01
8.3530e-03 9.3298e+01 -1.3577e+01 4.7800e+01 6.1377e+01
8.5480e-03 9.8603e+01 -1.4306e+01 5.0565e+01 6.4871e+01
8.7475e-03 1.0417e+02 -1.5067e+01 5.3469e+01 6.8536e+01
8.9517e-03 1.1000e+02 -1.5860e+01 5.6520e+01 7.2380e+01
9.1606e-03 1.1613e+02 -1.6689e+01 5.9724e+01 7.6413e+01
9.3744e-03 1.2253e+02 -1.7551e+01 6.3083e+01 8.0634e+01
9.5932e-03 1.2924e+02 -1.8450e+01 6.6606e+01 8.5055e+01
9.8171e-03 1.3627e+02 -1.9385e+01 7.0297e+01 8.9682e+01
1.0046e-02 1.4361e+02 -2.0357e+01 7.4164e+01 9.4520e+01
1.0281e-02 1.5128e+02 -2.1365e+01 7.8208e+01 9.9573e+01
1.0521e-02 1.5929e+02 -2.2414e+01 8.2442e+01 1.0486e+02
1.0766e-02 1.6765e+02 -2.3500e+01 8.6864e+01 1.1036e+02
1.1018e-02 1.7636e+02 -2.4625e+01 9.1481e+01 1.1611e+02
1.1275e-02 1.8544e+02 -2.5790e+01 9.6303e+01 1.2209e+02
1.1538e-02 1.9488e+02 -2.6994e+01 1.0133e+02 1.2832e+02
1.1807e-02 2.0471e+02 -2.8238e+01 1.0656e+02 1.3480e+02
1.2083e-02 2.1493e+02 -2.9521e+01 1.1202e+02 1.4154e+02
1.2365e-02 2.2554e+02 -3.0845e+01 1.1769e+02 1.4854e+02
1.2653e-02 2.3655e+02 -3.2208e+01 1.2359e+02 1.5580e+02
1.2949e-02 2.4798e+02 -3.3612e+01 1.2972e+02 1.6334e+02
1.3251e-02 2.5980e+02 -3.5053e+01 1.3608e+02 1.7114e+02
1.3560e-02 2.7202e+02 -3.6530e+01 1.4267e+02 1.7920e+02
1.3877e-02 2.8463e+02 -3.8040e+01 1.4948e+02 1.8752e+02
1.4201e-02 2.9763e+02 -3.9584e+01 1.5652e+02 1.9610e+02
1.4532e-02 3.1102e+02 -4.1159e+01 1.6378e+02 2.0494e+02
1.4871e-02 3.2485e+02 -4.2773e+01 1.7130e+02 2.1407e+02
1.5218e-02 3.3916e+02 -4.4426e+01 1.7909e+02 2.2351e+02
1.5573e-02 3.5396e+02 -4.6122e+01 1.8717e+02 2.3329e+02
1.5937e-02 3.6927e+02 -4.7860e+01 1.9554e+02 2.4340e+02
1.6309e-02 3.8502e+02 -4.9629e+01 2.0417e+02 2.5379e+02
1.6690e-02 4.0112e+02 -5.1419e+01 2.1301e+02 2.6443e+02
1.7079e-02 4.1752e+02 -5.3220e+01 2.2204e+02 2.7526e+02
1.7478e-02 4.3413e+02 -5.5020e+01 2.3122e+02 2.8624e+02
1.7886e-02 4.5099e+02 -5.6824e+01 2.4056e+02 2.9738e+02
1.8303e-02 4.6811e+02 -5.8633e+01 2.5006e+02 3.0869e+02
1.8730e-02 4.8554e+02 -6.0450e+01 2.5976e+02 3.2021e+02
1.9167e-02 5.0327e+02 -6.2274e+01 2.6965e+02 3.3193e+02
1.9615e-02 5.2125e+02 -6.4100e+01 2.7972e+02 3.4382e+02
2.0073e-02 5.3941e+02 -6.5915e+01 2.8991e+02 3.5582e+02
2.0541e-02 5.5764e+02 -6.7707e+01 3.0017e+02 3.6788e+02
2.1021e-02 5.7584e+02 -6.9463e+01 3.1045e+02 3.7991e+02
2.1511e-02 5.9400e+02 -7.1182e+01 3.2074e+02 3.9192e+02
2.2013e-02 6.1210e+02 -7.2863e+01 3.3104e+02 4.0390e+02
2.2527e-02 6.3023e+02 -7.4513e+01 3.4139e+02 4.1590e+02
2.3053e-02 6.4842e+02 -7.6138e+01 3.5180e+02 4.2794e+02
2.3591e-02 6.6667e+02 -7.7736e+01 3.6228e+02 4.4001e+02
2.4142e-02 6.8492e+02 -7.9302e+01 3.7279e+02 4.5209e+02
2.4705e-02 7.0315e+02 -8.0831e+01 3.8333e+02 4.6416e+02
2.5282e-02 7.2132e+02 -8.2320e+01 3.9387e+02 4.7619e+02
2.5872e-02 7.3936e+02 -8.3760e+01 4.0438e+02 4.8814e+02
2.6476e-02 7.5722e+02 -8.5147e+01 4.1482e+02 4.9997e+02
2.7094e-02 7.7479e+02 -8.6469e+01 4.2514e+02 5.1161e+02
2.7726e-02 7.9202e+02 -8.7720e+01 4.3530e+02 5.2302e+02
2.8373e-02 8.0883e+02 -8.8892e+01 4.4527e+02 5.3417e+02
2.9035e-02 8.2521e+02 -8.9984e+01 4.5504e+02 5.4502e+02
2.9713e-02 8.4112e+02 -9.0996e+01 4.6458e+02 5.5558e+02
3.0406e-02 8.5661e+02 -9.1931e+01 4.7392e+02 5.6585e+02
3.1116e-02 8.7164e+02 -9.2787e+01 4.8303e+02 5.7582e+02
3.1842e-02 8.8625e+02 -9.3570e+01 4.9195e+02 5.8552e+02
3.2586e-02 9.0049e+02 -9.4284e+01 5.0068e+02 5.9497e+02
3.3346e-02 9.1443e+02 -9.4939e+01 5.0929e+02 6.0423e+02
3.4124e-02 9.2815e+02 -9.5543e+01 5.1779e+02 6.1333e+02
3.4921e-02 9.4168e+02 -9.6100e+01 5.2622e+02 6.2232e+02
3.5736e-02 9.5511e+02 -9.6618e+01 5.3463e+02 6.3125e+02
3.6570e-02 9.6840e+02 -9.7094e+01 5.4299e+02 6.4008e+02
3.7424e-02 9.8171e+02 -9.7545e+01 5.5138e+02 6.4893e+02
3.8297e-02 9.9506e+02 -9.7970e+01 5.5983e+02 6.5780e+02
3.9191e-02 1.0085e+03 -9.8378e+01 5.6838e+02 6.6676e+02
4.0106e-02 1.0221e+03 -9.8770e+01 5.7704e+02 6.7582e+02
4.1042e-02 1.0361e+03 -9.9160e+01 5.8591e+02 6.8507e+02
4.2000e-02 1.0503e+03 -9.9552e+01 5.9500e+02 6.9455e+02
4.2980e-02 1.0650e+03 -9.9951e+01 6.0437e+02 7.0432e+02
4.3983e-02 1.0803e+03 -1.0038e+02 6.1415e+02 7.1453e+02
4.5010e-02 1.0966e+03 -1.0085e+02 6.2448e+02 7.2533e+02
4.6060e-02 1.1138e+03 -1.0138e+02 6.3541e+02 7.3678e+02
4.7135e-02 1.1322e+03 -1.0196e+02 6.4704e+02 7.4900e+02
4.8235e-02 1.1517e+03 -1.0261e+02 6.5935e+02 7.6196e+02
4.9361e-02 1.1721e+03 -1.0329e+02 6.7227e+02 7.7556e+02
5.0513e-02 1.1936e+03 -1.0402e+02 6.8583e+02 7.8985e+02
5.1692e-02 1.2161e+03 -1.0478e+02 6.9999e+02 8.0477e+02
5.2899e-02 1.2394e+03 -1.0556e+02 7.1475e+02 8.2032e+02
5.4134e-02 1.2637e+03 -1.0636e+02 7.3007e+02 8.3643e+02
5.5397e-02 1.2886e+03 -1.0717e+02 7.4584e+02 8.5300e+02
5.6690e-02 1.3141e+03 -1.0795e+02 7.6198e+02 8.6993e+02
5.8013e-02 1.3397e+03 -1.0869e+02 7.7825e+02 8.8694e+02
5.9367e-02 1.3651e+03 -1.0935e+02 7.9451e+02 9.0387e+02
6.0753e-02 1.3903e+03 -1.0994e+02 8.1066e+02 9.2060e+02
6.2171e-02 1.4145e+03 -1.1039e+02 8.2636e+02 9.3675e+02
6.3622e-02 1.4377e+03 -1.1070e+02 8.4145e+02 9.5215e+02
6.5107e-02 1.4590e+03 -1.1082e+02 8.5552e+02 9.6634e+02
6.6627e-02 1.4778e+03 -1.1070e+02 8.6817e+02 9.7886e+02
6.8182e-02 1.4937e+03 -1.1032e+02 8.7913e+02 9.8945e+02
6.9773e-02 1.5071e+03 -1.0972e+02 8.8869e+02 9.9841e+02
7.1402e-02 1.5183e+03 -1.0894e+02 8.9696e+02 1.0059e+03
7.3068e-02 1.5264e+03 -1.0791e+02 9.0347e+02 1.0114e+03
7.4773e-02 1.5299e+03 -1.0654e+02 9.0720e+02 1.0137e+03
7.6519e-02 1.5277e+03 -1.0478e+02 9.0760e+02 1.0124e+03
7.8305e-02 1.5209e+03 -1.0270e+02 9.0518e+02 1.0079e+03
8.0132e-02 1.5104e+03 -1.0040e+02 9.0058e+02 1.0010e+03
8.2003e-02 1.4967e+03 -9.7924e+01 8.9409e+02 9.9202e+02
8.3917e-02 1.4804e+03 -9.5302e+01 8.8594e+02 9.8124e+02
8.5875e-02 1.4619e+03 -9.2583e+01 8.7647e+02 9.6905e+02
8.7880e-02 1.4424e+03 -8.9840e+01 8.6633e+02 9.5617e+02
8.9931e-02 1.4227e+03 -8.7135e+01 8.5606e+02 9.4320e+02
9.2030e-02 1.4041e+03 -8.4533e+01 8.4634e+02 9.3088e+02
9.4178e-02 1.3875e+03 -8.2094e+01 8.3782e+02 9.1991e+02
9.6376e-02 1.3739e+03 -7.9868e+01 8.3109e+02 9.1095e+02
9.8625e-02 1.3642e+03 -7.7900e+01 8.2672e+02 9.0462e+02
1.0093e-01 1.3592e+03 -7.6208e+01 8.2510e+02 9.0130e+02
1.0328e-01 1.3589e+03 -7.4796e+01 8.2642e+02 9.0122e+02
1.0569e-01 1.3635e+03 -7.3645e+01 8.3066e+02 9.0431e+02
1.0816e-01 1.3724e+03 -7.2713e+01 8.3753e+02 9.1025e+02
1.1068e-01 1.3849e+03 -7.1951e+01 8.4663e+02 9.1858e+02
1.1327e-01 1.3996e+03 -7.1275e+01 8.5709e+02 9.2837e+02
1.1591e-01 1.4151e+03 -7.0613e+01 8.6812e+02 9.3873e+02
1.1862e-01 1.4297e+03 -6.9874e+01 8.7860e+02 9.4847e+02
1.2139e-01 1.4414e+03 -6.8964e+01 8.8729e+02 9.5625e+02
1.2422e-01 1.4484e+03 -6.7815e+01 8.9315e+02 9.6097e+02
1.2712e-01 1.4489e+03 -6.6356e+01 8.9501e+02 9.6136e+02
1.3009e-01 1.4421e+03 -6.4571e+01 8.9235e+02 9.5692e+02
1.3312e-01 1.4277e+03 -6.2470e+01 8.8495e+02 9.4742e+02
1.3623e-01 1.4060e+03 -6.0089e+01 8.7297e+02 9.3306e+02
1.3941e-01 1.3782e+03 -5.7499e+01 8.5713e+02 9.1463e+02
1.4266e-01 1.3459e+03 -5.4789e+01 8.3845e+02 8.9324e+02
1.4599e-01 1.3115e+03 -5.2065e+01 8.1838e+02 8.7044e+02
1.4940e-01 1.2774e+03 -4.9429e+01 7.9846e+02 8.4788e+02
1.5289e-01 1.2466e+03 -4.6984e+01 7.8044e+02 8.2742e+02
1.5645e-01 1.2217e+03 -4.4825e+01 7.6610e+02 8.1093e+02
1.6011e-01 1.2039e+03 -4.2974e+01 7.5618e+02 7.9915e+02
1.6384e-01 1.1940e+03 -4.1438e+01 7.5121e+02 7.9264e+02
1.6767e-01 1.1906e+03 -4.0143e+01 7.5029e+02 7.9044e+02
1.7158e-01 1.1920e+03 -3.9014e+01 7.5238e+02 7.9139e+02
1.7559e-01 1.1958e+03 -3.7961e+01 7.5594e+02 7.9390e+02
1.7968e-01 1.1989e+03 -3.6886e+01 7.5915e+02 7.9604e+02
1.8388e-01 1.1984e+03 -3.5699e+01 7.6002e+02 7.9572e+02
1.8817e-01 1.1913e+03 -3.4327e+01 7.5669e+02 7.9102e+02
1.9256e-01 1.1757e+03 -3.2738e+01 7.4800e+02 7.8073e+02
1.9706e-01 1.1522e+03 -3.0969e+01 7.3418e+02 7.6515e+02
2.0166e-01 1.1229e+03 -2.9100e+01 7.1663e+02 7.4573e+02
2.0636e-01 1.0909e+03 -2.7222e+01 6.9723e+02 7.2445e+02
2.1118e-01 1.0595e+03 -2.5427e+01 6.7819e+02 7.0362e+02
2.1611e-01 1.0318e+03 -2.3781e+01 6.6149e+02 6.8527e+02
2.2115e-01 1.0103e+03 -2.2327e+01 6.4866e+02 6.7099e+02
2.2631e-01 9.9572e+02 -2.1067e+01 6.4029e+02 6.6135e+02
2.3160e-01 9.8699e+02 -1.9955e+01 6.3562e+02 6.5558e+02
2.3700e-01 9.8140e+02 -1.8924e+01 6.3296e+02 6.5188e+02
2.4253e-01 9.7538e+02 -1.7899e+01 6.3001e+02 6.4791e+02
2.4819e-01 9.6573e+02 -1.6827e+01 6.2469e+02 6.4152e+02
2.5399e-01 9.5016e+02 -1.5678e+01 6.1551e+02 6.3119e+02
2.5991e-01 9.2892e+02 -1.4474e+01 6.0262e+02 6.1710e+02
2.6598e-01 9.0379e+02 -1.3256e+01 5.8716e+02 6.0042e+02
2.7219e-01 8.7806e+02 -1.2079e+01 5.7126e+02 5.8334e+02
2.7854e-01 8.5449e+02 -1.0981e+01 5.5672e+02 5.6770e+02
2.8504e-01 8.3540e+02 -9.9821e+00 5.4505e+02 5.5503e+02
2.9170e-01 8.2097e+02 -9.0731e+00 5.3639e+02 5.4546e+02
2.9850e-01 8.0957e+02 -8.2243e+00 5.2967e+02 5.3790e+02
3.0547e-01 7.9838e+02 -7.4013e+00 5.2308e+02 5.3048e+02
3.1260e-01 7.8495e+02 -6.5830e+00 5.1499e+02 5.2157e+02
3.1990e-01 7.6804e+02 -5.7657e+00 5.0458e+02 5.1034e+02
3.2736e-01 7.4823e+02 -4.9624e+00 4.9223e+02 4.9719e+02
3.3500e-01 7.2758e+02 -4.1921e+00 4.7929e+02 4.8348e+02
3.4282e-01 7.0851e+02 -3.4689e+00 4.6735e+02 4.7082e+02
3.5082e-01 6.9204e+02 -2.7922e+00 4.5709e+02 4.5988e+02
3.5901e-01 6.7798e+02 -2.1547e+00 4.4839e+02 4.5055e+02
3.6739e-01 6.6487e+02 -1.5466e+00 4.4030e+02 4.4185e+02
3.7597e-01 6.5086e+02 -9.6246e-01 4.3158e+02 4.3255e+02
3.8474e-01 6.3516e+02 -4.0397e-01 4.2171e+02 4.2212e+02
3.9372e-01 6.1829e+02 1.2494e-01 4.1104e+02 4.1091e+02
4.0291e-01 6.0156e+02 6.2291e-01 4.0043e+02 3.9980e+02
4.1232e-01 5.8612e+02 1.0927e+00 3.9064e+02 3.8955e+02
4.2194e-01 5.7206e+02 1.5379e+00 3.8175e+02 3.8021e+02
4.3179e-01 5.5869e+02 1.9597e+00 3.7329e+02 3.7133e+02
4.4187e-01 5.4498e+02 2.3556e+00 3.6458e+02 3.6223e+02
4.5218e-01 5.3066e+02 2.7235e+00 3.5544e+02 3.5271e+02
4.6273e-01 5.1611e+02 3.0645e+00 3.4611e+02 3.4305e+02
4.7353e-01 5.0209e+02 3.3832e+00 3.3712e+02 3.3374e+02
4.8459e-01 4.8884e+02 3.6830e+00 3.2862e+02 3.2493e+02
4.9590e-01 4.7610e+02 3.9637e+00 3.2043e+02 3.1647e+02
5.0747e-01 4.6338e+02 4.2223e+00 3.1224e+02 3.0802e+02
5.1931e-01 4.5054e+02 4.4575e+00 3.0395e+02 2.9949e+02
5.3144e-01 4.3783e+02 4.6720e+00 2.9572e+02 2.9104e+02
5.4384e-01 4.2555e+02 4.8696e+00 2.8775e+02 2.8288e+02
5.5653e-01 4.1369e+02 5.0515e+00 2.8005e+02 2.7500e+02
5.6952e-01 4.0204e+02 5.2161e+00 2.7248e+02 2.6726e+02
5.8282e-01 3.9048e+02 5.3623e+00 2.6494e+02 2.5958e+02
5.9642e-01 3.7909e+02 5.4916e+00 2.5750e+02 2.5201e+02
6.1034e-01 3.6803e+02 5.6072e+00 2.5027e+02 2.4466e+02
6.2458e-01 3.5725e+02 5.7088e+00 2.4320e+02 2.3750e+02
6.3916e-01 3.4670e+02 5.7968e+00 2.3629e+02 2.3049e+02
6.5408e-01 3.3640e+02 5.8719e+00 2.2951e+02 2.2364e+02
6.6935e-01 3.2629e+02 5.9339e+00 2.2286e+02 2.1692e+02
6.8497e-01 3.1642e+02 5.9840e+00 2.1634e+02 2.1036e+02
7.0096e-01 3.0675e+02 6.0224e+00 2.0996e+02 2.0393e+02
7.1732e-01 2.9731e+02 6.0503e+00 2.0371e+02 1.9766e+02
7.3406e-01 2.8808e+02 6.0677e+00 1.9760e+02 1.9153e+02
7.5119e-01 2.7909e+02 6.0757e+00 1.9162e+02 1.8555e+02
7.6873e-01 2.7031e+02 6.0747e+00 1.8579e+02 1.7971e+02
7.8667e-01 2.6173e+02 6.0649e+00 1.8008e+02 1.7402e+02
8.0503e-01 2.5337e+02 6.0470e+00 1.7450e+02 1.6846e+02
8.2382e-01 2.4522e+02 6.0216e+00 1.6906e+02 1.6304e+02
8.4305e-01 2.3729e+02 5.9894e+00 1.6376e+02 1.5777e+02
8.6272e-01 2.2956e+02 5.9506e+00 1.5858e+02 1.5263e+02
8.8286e-01 2.2204e+02 5.9058e+00 1.5354e+02 1.4763e+02
9.0347e-01 2.1472e+02 5.8553e+00 1.4862e+02 1.4276e+02
9.2455e-01 2.0760e+02 5.7999e+00 1.4383e+02 1.3803e+02
9.4613e-01 2.0068e+02 5.7394e+00 1.3917e+02 1.3343e+02
9.6822e-01 1.9395e+02 5.6747e+00 1.3463e+02 1.2895e+02
9.9081e-01 1.8741e+02 5.6059e+00 1.3021e+02 1.2461e+02
1.0139e+00 1.8104e+02 5.5332e+00 1.2591e+02 1.2037e+02
1.0376e+00 1.7488e+02 5.4578e+00 1.2174e+02 1.1628e+02
1.0618e+00 1.6887e+02 5.3785e+00 1.1766e+02 1.1228e+02
1.0866e+00 1.6305e+02 5.2971e+00 1.1371e+02 1.0841e+02
1.1120e+00 1.5739e+02 5.2128e+00 1.0986e+02 1.0465e+02
1.1379e+00 1.5191e+02 5.1267e+00 1.0613e+02 1.0100e+02
1.1645e+00 1.4658e+02 5.0386e+00 1.0250e+02 9.7466e+01
1.1917e+00 1.4141e+02 4.9485e+00 9.8976e+01 9.4027e+01
1.2195e+00 1.3641e+02 4.8574e+00 9.5556e+01 9.0699e+01
1.2479e+00 1.3154e+02 4.7648e+00 9.2231e+01 8.7466e+01
1.2771e+00 1.2685e+02 4.6718e+00 8.9016e+01 8.4345e+01
1.3069e+00 1.2228e+02 4.5773e+00 8.5883e+01 8.1305e+01
1.3374e+00 1.1786e+02 4.4827e+00 8.2851e+01 7.8368e+01
1.3686e+00 1.1358e+02 4.3875e+00 7.9910e+01 7.5522e+01
1.4005e+00 1.0943e+02 4.2920e+00 7.7056e+01 7.2764e+01
1.4332e+00 1.0542e+02 4.1966e+00 7.4293e+01 7.0096e+01
1.4667e+00 1.0154e+02 4.1016e+00 7.1620e+01 6.7519e+01
1.5009e+00 9.7780e+01 4.0064e+00 6.9024e+01 6.5018e+01
1.5359e+00 9.4155e+01 3.9121e+00 6.6519e+01 6.2607e+01
1.5718e+00 9.0625e+01 3.8173e+00 6.4077e+01 6.0260e+01
1.6085e+00 8.7238e+01 3.7242e+00 6.1732e+01 5.8008e+01
1.6460e+00 8.3943e+01 3.6309e+00 5.9448e+01 5.5817e+01
1.6844e+00 8.0771e+01 3.5390e+00 5.7247e+01 5.3708e+01
1.7237e+00 7.7703e+01 3.4479e+00 5.5116e+01 5.1668e+01
1.7640e+00 7.4739e+01 3.3577e+00 5.3055e+01 4.9697e+01
1.8051e+00 7.1871e+01 3.2684e+00 5.1059e+01 4.7790e+01
1.8473e+00 6.9113e+01 3.1806e+00 4.9137e+01 4.5956e+01
1.8904e+00 6.6436e+01 3.0935e+00 4.7270e+01 4.4176e+01
1.9345e+00 6.3866e+01 3.0082e+00 4.5475e+01 4.2467e+01
1.9797e+00 6.1379e+01 2.9239e+00 4.3737e+01 4.0813e+01
2.0259e+00 5.8978e+01 2.8408e+00 4.2058e+01 3.9217e+01
2.0732e+00 5.6667e+01 2.7594e+00 4.0440e+01 3.7680e+01
2.1216e+00 5.4438e+01 2.6794e+00 3.8877e+01 3.6198e+01
2.1711e+00 5.2287e+01 2.6008e+00 3.7368e+01 3.4768e+01
2.2217e+00 5.0211e+01 2.5235e+00 3.5911e+01 3.3388e+01
2.2736e+00 4.8216e+01 2.4480e+00 3.4509e+01 3.2061e+01
2.3267e+00 4.6288e+01 2.3737e+00 3.3153e+01 3.0779e+01
2.3810e+00 4.4432e+01 2.3011e+00 3.1846e+01 2.9545e+01
2.4365e+00 4.2645e+01 2.2300e+00 3.0586e+01 2.8356e+01
2.4934e+00 4.0926e+01 2.1606e+00 2.9374e+01 2.7213e+01
2.5516e+00 3.9267e+01 2.0925e+00 2.8202e+01 2.6110e+01
2.6112e+00 3.7671e+01 2.0260e+00 2.7075e+01 2.5049e+01
2.6721e+00 3.6136e+01 1.9612e+00 2.5989e+01 2.4028e+01
2.7345e+00 3.4656e+01 1.8977e+00 2.4942e+01 2.3044e+01
2.7983e+00 3.3234e+01 1.8359e+00 2.3935e+01 2.2099e+01
2.8636e+00 3.1864e+01 1.7755e+00 2.2963e+01 2.1187e+01
2.9304e+00 3.0549e+01 1.7169e+00 2.2030e+01 2.0313e+01
2.9988e+00 2.9283e+01 1.6596e+00 2.1131e+01 1.9471e+01
3.0688e+00 2.8065e+01 1.6038e+00 2.0265e+01 1.8661e+01
3.1405e+00 2.6895e+01 1.5495e+00 1.9433e+01 1.7883e+01
3.2138e+00 2.5770e+01 1.4967e+00 1.8632e+01 1.7135e+01
3.2888e+00 2.4689e+01 1.4453e+00 1.7861e+01 1.6416e+01
3.3655e+00 2.3650e+01 1.3953e+00 1.7121e+01 1.5725e+01
3.4441e+00 2.2651e+01 1.3467e+00 1.6408e+01 1.5061e+01
3.5245e+00 2.1692e+01 1.2995e+00 1.5723e+01 1.4423e+01
3.6067e+00 2.0772e+01 1.2537e+00 1.5065e+01 1.3812e+01
3.6909e+00 1.9887e+01 1.2092e+00 1.4432e+01 1.3223e+01
3.7771e+00 1.9038e+01 1.1660e+00 1.3825e+01 1.2659e+01
3.8652e+00 1.8224e+01 1.1242e+00 1.3241e+01 1.2117e+01
3.9554e+00 1.7441e+01 1.0836e+00 1.2681e+01 1.1597e+01
4.0478e+00 1.6690e+01 1.0442e+00 1.2142e+01 1.1098e+01
4.1422e+00 1.5970e+01 1.0060e+00 1.1625e+01 1.0618e+01
4.2389e+00 1.5279e+01 9.6907e-01 1.1128e+01 1.0159e+01
4.3379e+00 1.4615e+01 9.3321e-01 1.0651e+01 9.7179e+00
4.4391e+00 1.3979e+01 8.9854e-01 1.0194e+01 9.2951e+00
4.5427e+00 1.3370e+01 8.6499e-01 9.7547e+00 8.8897e+00
4.6487e+00 1.2785e+01 8.3253e-01 9.3335e+00 8.5010e+00
4.7572e+00 1.2224e+01 8.0110e-01 8.9292e+00 8.1281e+00
4.8683e+00 1.1687e+01 7.7074e-01 8.5417e+00 7.7710e+00
4.9819e+00 1.1172e+01 7.4136e-01 8.1697e+00 7.4284e+00
5.0982e+00 1.0679e+01 7.1299e-01 7.8134e+00 7.1004e+00
5.2172e+00 1.0206e+01 6.8553e-01 7.4712e+00 6.7857e+00
5.3389e+00 9.7527e+00 6.5904e-01 7.1436e+00 6.4845e+00
5.4636e+00 9.3187e+00 6.3345e-01 6.8294e+00 6.1959e+00
5.5911e+00 8.9033e+00 6.0876e-01 6.5285e+00 5.9197e+00
5.7216e+00 8.5052e+00 5.8491e-01 6.2399e+00 5.6550e+00
5.8551e+00 8.1240e+00 5.6189e-01 5.9635e+00 5.4016e+00
5.9918e+00 7.7594e+00 5.3970e-01 5.6988e+00 5.1591e+00
6.1316e+00 7.4099e+00 5.1827e-01 5.4450e+00 4.9267e+00
6.2747e+00 7.0755e+00 4.9762e-01 5.2020e+00 4.7044e+00
6.4212e+00 6.7558e+00 4.7773e-01 4.9695e+00 4.4918e+00
6.5711e+00 6.4495e+00 4.5853e-01 4.7467e+00 4.2881e+00
6.7244e+00 6.1567e+00 4.4005e-01 4.5335e+00 4.0934e+00
6.8814e+00 5.8764e+00 4.2223e-01 4.3293e+00 3.9071e+00
7.0420e+00 5.6084e+00 4.0508e-01 4.1340e+00 3.7289e+00
7.2064e+00 5.3519e+00 3.8855e-01 3.9469e+00 3.5583e+00
7.3745e+00 5.1068e+00 3.7265e-01 3.7680e+00 3.3953e+00
7.5467e+00 4.8724e+00 3.5733e-01 3.5968e+00 3.2395e+00
7.7228e+00 4.6482e+00 3.4260e-01 3.4330e+00 3.0904e+00
7.9031e+00 4.4340e+00 3.2842e-01 3.2764e+00 2.9480e+00
8.0875e+00 4.2292e+00 3.1478e-01 3.1266e+00 2.8118e+00
8.2763e+00 4.0334e+00 3.0166e-01 2.9833e+00 2.6816e+00
8.4695e+00 3.8464e+00 2.8905e-01 2.8463e+00 2.5573e+00
8.6671e+00 3.6676e+00 2.7692e-01 2.7154e+00 2.4384e+00
8.8694e+00 3.4969e+00 2.6527e-01 2.5902e+00 2.3249e+00
9.0764e+00 3.3338e+00 2.5407e-01 2.4705e+00 2.2165e+00
9.2883e+00 3.1780e+00 2.4330e-01 2.3562e+00 2.1129e+00
9.5051e+00 3.0292e+00 2.3297e-01 2.2469e+00 2.0139e+00
9.7269e+00 2.8870e+00 2.2303e-01 2.1424e+00 1.9194e+00
9.9540e+00 2.7513e+00 2.1349e-01 2.0426e+00 1.8291e+00
1.0186e+01 2.6218e+00 2.0435e-01 1.9474e+00 1.7431e+00
1.0424e+01 2.4981e+00 1.9556e-01 1.8564e+00 1.6608e+00
1.0667e+01 2.3799e+00 1.8710e-01 1.7693e+00 1.5822e+00
1.0916e+01 2.2674e+00 1.7903e-01 1.6865e+00 1.5075e+00
1.1171e+01 2.1596e+00 1.7124e-01 1.6070e+00 1.4358e+00
1.1432e+01 2.0572e+00 1.6381e-01 1.5315e+00 1.3677e+00
1.1699e+01 1.9593e+00 1.5666e-01 1.4593e+00 1.3026e+00
1.1972e+01 1.8656e+00 1.4979e-01 1.3901e+00 1.2403e+00
1.2251e+01 1.7766e+00 1.4322e-01 1.3243e+00 1.1811e+00
1.2537e+01 1.6915e+00 1.3692e-01 1.2615e+00 1.1246e+00
1.2830e+01 1.6105e+00 1.3088e-01 1.2015e+00 1.0707e+00
1.3129e+01 1.5331e+00 1.2509e-01 1.1443e+00 1.0192e+00
1.3436e+01 1.4592e+00 1.1953e-01 1.0896e+00 9.7008e-01
1.3749e+01 1.3890e+00 1.1423e-01 1.0377e+00 9.2344e-01
1.4070e+01 1.3220e+00 1.0913e-01 9.8797e-01 8.7884e-01
1.4398e+01 1.2580e+00 1.0426e-01 9.4060e-01 8.3634e-01
1.4735e+01 1.1971e+00 9.9589e-02 8.9544e-01 7.9585e-01
1.5078e+01 1.1390e+00 9.5111e-02 8.5230e-01 7.5719e-01
1.5430e+01 1.0837e+00 9.0832e-02 8.1125e-01 7.2042e-01
1.5791e+01 1.0309e+00 8.6735e-02 7.7210e-01 6.8537e-01
1.6159e+01 9.8059e-01 8.2803e-02 7.3469e-01 6.5189e-01
1.6536e+01 9.3272e-01 7.9050e-02 6.9911e-01 6.2006e-01
1.6922e+01 8.8714e-01 7.5461e-02 6.6522e-01 5.8976e-01
1.7317e+01 8.4369e-01 7.2024e-02 6.3290e-01 5.6087e-01
1.7721e+01 8.0224e-01 6.8732e-02 6.0205e-01 5.3332e-01
1.8135e+01 7.6285e-01 6.5590e-02 5.7272e-01 5.0713e-01
1.8558e+01 7.2530e-01 6.2582e-02 5.4475e-01 4.8217e-01
1.8991e+01 6.8956e-01 5.9706e-02 5.1811e-01 4.5840e-01
1.9435e+01 6.5551e-01 5.6956e-02 4.9272e-01 4.3576e-01
1.9888e+01 6.2313e-01 5.4330e-02 4.6857e-01 4.1424e-01
2.0352e+01 5.9221e-01 5.1812e-02 4.4550e-01 3.9368e-01
2.0828e+01 5.6286e-01 4.9412e-02 4.2359e-01 3.7417e-01
2.1314e+01 5.3489e-01 4.7116e-02 4.0269e-01 3.5558e-01
2.1811e+01 5.0830e-01 4.4925e-02 3.8283e-01 3.3790e-01
2.2320e+01 4.8299e-01 4.2831e-02 3.6391e-01 3.2108e-01
2.2841e+01 4.5885e-01 4.0826e-02 3.4585e-01 3.0503e-01
2.3374e+01 4.3594e-01 3.8916e-02 3.2871e-01 2.8979e-01
2.3920e+01 4.1409e-01 3.7087e-02 3.1236e-01 2.7527e-01
2.4478e+01 3.9336e-01 3.5346e-02 2.9683e-01 2.6149e-01
2.5049e+01 3.7361e-01 3.3681e-02 2.8204e-01 2.4836e-01
2.5634e+01 3.5482e-01 3.2090e-02 2.6796e-01 2.3587e-01
2.6232e+01 3.3695e-01 3.0572e-02 2.5456e-01 2.2398e-01
2.6845e+01 3.1996e-01 2.9123e-02 2.4181e-01 2.1269e-01
2.7471e+01 3.0383e-01 2.7743e-02 2.2971e-01 2.0197e-01
2.8112e+01 2.8847e-01 2.6424e-02 2.1818e-01 1.9176e-01
2.8769e+01 2.7385e-01 2.5164e-02 2.0720e-01 1.8204e-01
2.9440e+01 2.5996e-01 2.3962e-02 1.9677e-01 1.7280e-01
3.0127e+01 2.4676e-01 2.2818e-02 1.8685e-01 1.6403e-01
3.0830e+01 2.3419e-01 2.1723e-02 1.7740e-01 1.5568e-01
3.1550e+01 2.2226e-01 2.0680e-02 1.6843e-01 1.4775e-01
3.2286e+01 2.1093e-01 1.9687e-02 1.5990e-01 1.4022e-01
3.3040e+01 2.0016e-01 1.8739e-02 1.5179e-01 1.3305e-01
3.3811e+01 1.8992e-01 1.7834e-02 1.4408e-01 1.2624e-01
3.4600e+01 1.8019e-01 1.6972e-02 1.3675e-01 1.1978e-01
3.5408e+01 1.7094e-01 1.6150e-02 1.2978e-01 1.1363e-01
3.6234e+01 1.6215e-01 1.5366e-02 1.2315e-01 1.0779e-01
3.7080e+01 1.5381e-01 1.4620e-02 1.1686e-01 1.0224e-01
3.7945e+01 1.4589e-01 1.3909e-02 1.1088e-01 9.6974e-02
3.8831e+01 1.3835e-01 1.3230e-02 1.0520e-01 9.1966e-02
3.9737e+01 1.3120e-01 1.2584e-02 9.9798e-02 8.7214e-02
4.0665e+01 1.2441e-01 1.1968e-02 9.4663e-02 8.2695e-02
4.1614e+01 1.1796e-01 1.1382e-02 8.9790e-02 7.8408e-02
4.2585e+01 1.1184e-01 1.0823e-02 8.5162e-02 7.4339e-02
4.3579e+01 1.0602e-01 1.0290e-02 8.0762e-02 7.0471e-02
4.4596e+01 1.0050e-01 9.7840e-03 7.6588e-02 6.6804e-02
4.5637e+01 9.5256e-02 9.3009e-03 7.2619e-02 6.3318e-02
4.6702e+01 9.0281e-02 8.8413e-03 6.8852e-02 6.0011e-02
4.7792e+01 8.5555e-02 8.4033e-03 6.5273e-02 5.6869e-02
4.8908e+01 8.1072e-02 7.9865e-03 6.1876e-02 5.3889e-02
5.0049e+01 7.6818e-02 7.5898e-03 5.8652e-02 5.1062e-02
5.1218e+01 7.2778e-02 7.2119e-03 5.5588e-02 4.8376e-02
5.2413e+01 6.8949e-02 6.8526e-03 5.2684e-02 4.5831e-02
5.3636e+01 6.5314e-02 6.5104e-03 4.9925e-02 4.3414e-02
5.4888e+01 6.1865e-02 6.1848e-03 4.7307e-02 4.1122e-02
5.6169e+01 5.8591e-02 5.8747e-03 4.4820e-02 3.8945e-02
5.7480e+01 5.5487e-02 5.5799e-03 4.2462e-02 3.6882e-02
5.8822e+01 5.2541e-02 5.2992e-03 4.0223e-02 3.4924e-02
6.0195e+01 4.9746e-02 5.0321e-03 3.8098e-02 3.3066e-02
6.1600e+01 4.7097e-02 4.7782e-03 3.6083e-02 3.1305e-02
6.3038e+01 4.4585e-02 4.5367e-03 3.4172e-02 2.9635e-02
6.4509e+01 4.2202e-02 4.3069e-03 3.2358e-02 2.8051e-02
6.6014e+01 3.9943e-02 4.0884e-03 3.0639e-02 2.6550e-02
6.7555e+01 3.7801e-02 3.8806e-03 2.9007e-02 2.5126e-02
6.9132e+01 3.5767e-02 3.6827e-03 2.7457e-02 2.3774e-02
7.0746e+01 3.3843e-02 3.4949e-03 2.5990e-02 2.2495e-02
7.2397e+01 3.2016e-02 3.3161e-03 2.4597e-02 2.1281e-02
7.4087e+01 3.0287e-02 3.1463e-03 2.3278e-02 2.0132e-02
7.5816e+01 2.8647e-02 2.9848e-03 2.2026e-02 1.9042e-02
7.7585e+01 2.7094e-02 2.8314e-03 2.0841e-02 1.8009e-02
7.9396e+01 2.5621e-02 2.6856e-03 1.9716e-02 1.7030e-02
8.1249e+01 2.4226e-02 2.5469e-03 1.8650e-02 1.6103e-02
8.3146e+01 2.2904e-02 2.4151e-03 1.7639e-02 1.5224e-02
8.5086e+01 2.1651e-02 2.2899e-03 1.6681e-02 1.4391e-02
8.7072e+01 2.0465e-02 2.1711e-03 1.5774e-02 1.3603e-02
8.9105e+01 1.9341e-02 2.0580e-03 1.4914e-02 1.2856e-02
9.1184e+01 1.8276e-02 1.9506e-03 1.4099e-02 1.2148e-02
9.3313e+01 1.7268e-02 1.8487e-03 1.3327e-02 1.1478e-02
9.5490e+01 1.6314e-02 1.7518e-03 1.2595e-02 1.0843e-02
9.7719e+01 1.5410e-02 1.6599e-03 1.1903e-02 1.0243e-02
1.0000e+02 1.4554e-02 1.5725e-03 1.1246e-02 9.6738e-03
