7.812500e-01 5.788771e+00 7.812500e-01 7.812500e-01
2.343750e+00 6.565510e+00 2.343750e+00 2.343750e+00
3.906250e+00 7.702150e+00 3.906250e+00 3.906250e+00
5.468750e+00 8.708504e+00 5.468750e+00 5.468750e+00
7.031250e+00 9.315218e+00 7.031250e+00 7.031250e+00
8.593750e+00 9.874550e+00 8.593750e+00 8.593750e+00
1.015625e+01 1.040402e+01 1.015625e+01 1.015625e+01
1.171875e+01 1.091244e+01 1.171875e+01 1.171875e+01
1.328125e+01 1.127744e+01 1.328125e+01 1.328125e+01
1.484375e+01 1.166004e+01 1.484375e+01 1.484375e+01
1.640625e+01 1.209749e+01 1.640625e+01 1.640625e+01
1.796875e+01 1.240918e+01 1.796875e+01 1.796875e+01
1.953125e+01 1.277153e+01 1.953125e+01 1.953125e+01
2.109375e+01 1.313193e+01 2.109375e+01 2.109375e+01
2.265625e+01 1.344105e+01 2.265625e+01 2.265625e+01
2.421875e+01 1.376693e+01 2.421875e+01 2.421875e+01
2.578125e+01 1.406326e+01 2.578125e+01 2.578125e+01
2.734375e+01 1.439100e+01 2.734375e+01 2.734375e+01
2.890625e+01 1.466519e+01 2.890625e+01 2.890625e+01
3.046875e+01 1.494294e+01 3.046875e+01 3.046875e+01
3.203125e+01 1.523197e+01 3.203125e+01 3.203125e+01
3.359375e+01 1.551138e+01 3.359375e+01 3.359375e+01
3.515625e+01 1.576326e+01 3.515625e+01 3.515625e+01
3.671875e+01 1.602812e+01 3.671875e+01 3.671875e+01
3.828125e+01 1.626697e+01 3.828125e+01 3.828125e+01
3.984375e+01 1.650022e+01 3.984375e+01 3.984375e+01
4.140625e+01 1.675900e+01 4.140625e+01 4.140625e+01
4.296875e+01 1.696909e+01 4.296875e+01 4.296875e+01
4.453125e+01 1.721141e+01 4.453125e+01 4.453125e+01
4.609375e+01 1.743443e+01 4.609375e+01 4.609375e+01
4.765625e+01 1.765219e+01 4.765625e+01 4.765625e+01
4.921875e+01 1.784867e+01 4.921875e+01 4.921875e+01
5.078125e+01 1.805034e+01 5.078125e+01 5.078125e+01
5.234375e+01 1.824252e+01 5.234375e+01 5.234375e+01
5.390625e+01 1.844441e+01 5.390625e+01 5.390625e+01
5.546875e+01 1.864181e+01 5.546875e+01 5.546875e+01
5.703125e+01 1.883808e+01 5.703125e+01 5.703125e+01
5.859375e+01 1.900602e+01 5.859375e+01 5.859375e+01
6.015625e+01 1.917357e+01 6.015625e+01 6.015625e+01
6.171875e+01 1.935227e+01 6.171875e+01 6.171875e+01
6.328125e+01 1.952376e+01 6.328125e+01 6.328125e+01
6.484375e+01 1.967931e+01 6.484375e+01 6.484375e+01
6.640625e+01 1.983415e+01 6.640625e+01 6.640625e+01
6.796875e+01 1.998571e+01 6.796875e+01 6.796875e+01
6.953125e+01 2.012940e+01 6.953125e+01 6.953125e+01
7.109375e+01 2.027620e+01 7.109375e+01 7.109375e+01
7.265625e+01 2.042015e+01 7.265625e+01 7.265625e+01
7.421875e+01 2.056670e+01 7.421875e+01 7.421875e+01
7.578125e+01 2.071032e+01 7.578125e+01 7.578125e+01
7.734375e+01 2.082964e+01 7.734375e+01 7.734375e+01
7.890625e+01 2.097018e+01 7.890625e+01 7.890625e+01
8.046875e+01 2.110337e+01 8.046875e+01 8.046875e+01
8.203125e+01 2.121634e+01 8.203125e+01 8.203125e+01
8.359375e+01 2.134438e+01 8.359375e+01 8.359375e+01
8.515625e+01 2.146100e+01 8.515625e+01 8.515625e+01
8.671875e+01 2.158015e+01 8.671875e+01 8.671875e+01
8.828125e+01 2.169964e+01 8.828125e+01 8.828125e+01
8.984375e+01 2.179260e+01 8.984375e+01 8.984375e+01
9.140625e+01 2.191634e+01 9.140625e+01 9.140625e+01
9.296875e+01 2.202869e+01 9.296875e+01 9.296875e+01
9.453125e+01 2.213492e+01 9.453125e+01 9.453125e+01
9.609375e+01 2.222583e+01 9.609375e+01 9.609375e+01
9.765625e+01 2.233093e+01 9.765625e+01 9.765625e+01
9.921875e+01 2.242298e+01 9.921875e+01 9.921875e+01
1.007812e+02 2.252271e+01 1.007812e+02 1.007812e+02
1.023438e+02 2.260704e+01 1.023438e+02 1.023438e+02
1.039062e+02 2.270293e+01 1.039062e+02 1.039062e+02
1.054688e+02 2.278518e+01 1.054688e+02 1.054688e+02
1.070312e+02 2.287633e+01 1.070312e+02 1.070312e+02
1.085938e+02 2.295793e+01 1.085938e+02 1.085938e+02
1.101562e+02 2.303336e+01 1.101562e+02 1.101562e+02
1.117188e+02 2.312055e+01 1.117188e+02 1.117188e+02
1.132812e+02 2.320161e+01 1.132812e+02 1.132812e+02
1.148438e+02 2.327502e+01 1.148438e+02 1.148438e+02
1.164062e+02 2.335191e+01 1.164062e+02 1.164062e+02
1.179688e+02 2.341795e+01 1.179688e+02 1.179688e+02
1.195312e+02 2.350112e+01 1.195312e+02 1.195312e+02
1.210938e+02 2.357009e+01 1.210938e+02 1.210938e+02
1.226562e+02 2.363513e+01 1.226562e+02 1.226562e+02
1.242188e+02 2.370153e+01 1.242188e+02 1.242188e+02
1.257812e+02 2.376532e+01 1.257812e+02 1.257812e+02
1.273438e+02 2.383380e+01 1.273438e+02 1.273438e+02
1.289062e+02 2.389265e+01 1.289062e+02 1.289062e+02
1.304688e+02 2.395781e+01 1.304688e+02 1.304688e+02
1.320312e+02 2.400870e+01 1.320312e+02 1.320312e+02
1.335938e+02 2.407629e+01 1.335938e+02 1.335938e+02
1.351562e+02 2.413843e+01 1.351562e+02 1.351562e+02
1.367188e+02 2.419284e+01 1.367188e+02 1.367188e+02
1.382812e+02 2.425403e+01 1.382812e+02 1.382812e+02
1.398438e+02 2.431900e+01 1.398438e+02 1.398438e+02
1.414062e+02 2.437397e+01 1.414062e+02 1.414062e+02
1.429688e+02 2.443152e+01 1.429688e+02 1.429688e+02
1.445312e+02 2.447650e+01 1.445312e+02 1.445312e+02
1.460938e+02 2.452497e+01 1.460938e+02 1.460938e+02
1.476562e+02 2.458554e+01 1.476562e+02 1.476562e+02
1.492188e+02 2.463481e+01 1.492188e+02 1.492188e+02
1.507812e+02 2.468750e+01 1.507812e+02 1.507812e+02
1.523438e+02 2.473158e+01 1.523438e+02 1.523438e+02
1.539062e+02 2.477879e+01 1.539062e+02 1.539062e+02
1.554688e+02 2.483012e+01 1.554688e+02 1.554688e+02
1.570312e+02 2.487980e+01 1.570312e+02 1.570312e+02
1.585938e+02 2.492448e+01 1.585938e+02 1.585938e+02
1.601562e+02 2.496922e+01 1.601562e+02 1.601562e+02
1.617188e+02 2.501034e+01 1.617188e+02 1.617188e+02
1.632812e+02 2.505502e+01 1.632812e+02 1.632812e+02
1.648438e+02 2.510207e+01 1.648438e+02 1.648438e+02
1.664062e+02 2.513863e+01 1.664062e+02 1.664062e+02
1.679688e+02 2.517868e+01 1.679688e+02 1.679688e+02
1.695312e+02 2.522300e+01 1.695312e+02 1.695312e+02
1.710938e+02 2.526441e+01 1.710938e+02 1.710938e+02
1.726562e+02 2.529607e+01 1.726562e+02 1.726562e+02
1.742188e+02 2.534090e+01 1.742188e+02 1.742188e+02
1.757812e+02 2.538090e+01 1.757812e+02 1.757812e+02
1.773438e+02 2.541330e+01 1.773438e+02 1.773438e+02
1.789062e+02 2.545657e+01 1.789062e+02 1.789062e+02
1.804688e+02 2.548710e+01 1.804688e+02 1.804688e+02
1.820312e+02 2.552417e+01 1.820312e+02 1.820312e+02
1.835938e+02 2.556195e+01 1.835938e+02 1.835938e+02
1.851562e+02 2.559516e+01 1.851562e+02 1.851562e+02
1.867188e+02 2.562609e+01 1.867188e+02 1.867188e+02
1.882812e+02 2.566777e+01 1.882812e+02 1.882812e+02
1.898438e+02 2.569299e+01 1.898438e+02 1.898438e+02
1.914062e+02 2.572856e+01 1.914062e+02 1.914062e+02
1.929688e+02 2.575568e+01 1.929688e+02 1.929688e+02
1.945312e+02 2.579019e+01 1.945312e+02 1.945312e+02
1.960938e+02 2.581453e+01 1.960938e+02 1.960938e+02
1.976562e+02 2.584822e+01 1.976562e+02 1.976562e+02
1.992188e+02 2.587796e+01 1.992188e+02 1.992188e+02
2.007812e+02 2.590208e+01 2.007812e+02 2.007812e+02
2.023438e+02 2.593297e+01 2.023438e+02 2.023438e+02
2.039062e+02 2.595813e+01 2.039062e+02 2.039062e+02
2.054688e+02 2.598972e+01 2.054688e+02 2.054688e+02
2.070312e+02 2.601674e+01 2.070312e+02 2.070312e+02
2.085938e+02 2.603828e+01 2.085938e+02 2.085938e+02
2.101562e+02 2.606321e+01 2.101562e+02 2.101562e+02
2.117188e+02 2.609076e+01 2.117188e+02 2.117188e+02
2.132812e+02 2.611373e+01 2.132812e+02 2.132812e+02
2.148438e+02 2.614056e+01 2.148438e+02 2.148438e+02
2.164062e+02 2.615937e+01 2.164062e+02 2.164062e+02
2.179688e+02 2.618466e+01 2.179688e+02 2.179688e+02
2.195312e+02 2.620944e+01 2.195312e+02 2.195312e+02
2.210938e+02 2.622597e+01 2.210938e+02 2.210938e+02
2.226562e+02 2.625145e+01 2.226562e+02 2.226562e+02
2.242188e+02 2.627255e+01 2.242188e+02 2.242188e+02
2.257812e+02 2.629681e+01 2.257812e+02 2.257812e+02
2.273438e+02 2.631360e+01 2.273438e+02 2.273438e+02
2.289062e+02 2.633789e+01 2.289062e+02 2.289062e+02
2.304688e+02 2.636065e+01 2.304688e+02 2.304688e+02
2.320312e+02 2.638063e+01 2.320312e+02 2.320312e+02
2.335938e+02 2.640197e+01 2.335938e+02 2.335938e+02
2.351562e+02 2.641753e+01 2.351562e+02 2.351562e+02
2.367188e+02 2.643780e+01 2.367188e+02 2.367188e+02
2.382812e+02 2.645874e+01 2.382812e+02 2.382812e+02
2.398438e+02 2.647459e+01 2.398438e+02 2.398438e+02
2.414062e+02 2.649455e+01 2.414062e+02 2.414062e+02
2.429688e+02 2.651036e+01 2.429688e+02 2.429688e+02
2.445312e+02 2.652709e+01 2.445312e+02 2.445312e+02
2.460938e+02 2.654447e+01 2.460938e+02 2.460938e+02
2.476562e+02 2.656118e+01 2.476562e+02 2.476562e+02
2.492188e+02 2.657688e+01 2.492188e+02 2.492188e+02
