7.812500e-01 1.097122e+01 7.812500e-01 7.812500e-01
2.343750e+00 1.400396e+01 2.343750e+00 2.343750e+00
3.906250e+00 1.643572e+01 3.906250e+00 3.906250e+00
5.468750e+00 1.755367e+01 5.468750e+00 5.468750e+00
7.031250e+00 1.810525e+01 7.031250e+00 7.031250e+00
8.593750e+00 1.847919e+01 8.593750e+00 8.593750e+00
1.015625e+01 1.891310e+01 1.015625e+01 1.015625e+01
1.171875e+01 1.920864e+01 1.171875e+01 1.171875e+01
1.328125e+01 1.931199e+01 1.328125e+01 1.328125e+01
1.484375e+01 1.960183e+01 1.484375e+01 1.484375e+01
1.640625e+01 1.988286e+01 1.640625e+01 1.640625e+01
1.796875e+01 2.011773e+01 1.796875e+01 1.796875e+01
1.953125e+01 2.035190e+01 1.953125e+01 1.953125e+01
2.109375e+01 2.067587e+01 2.109375e+01 2.109375e+01
2.265625e+01 2.086519e+01 2.265625e+01 2.265625e+01
2.421875e+01 2.114042e+01 2.421875e+01 2.421875e+01
2.578125e+01 2.143450e+01 2.578125e+01 2.578125e+01
2.734375e+01 2.168188e+01 2.734375e+01 2.734375e+01
2.890625e+01 2.194315e+01 2.890625e+01 2.890625e+01
3.046875e+01 2.217634e+01 3.046875e+01 3.046875e+01
3.203125e+01 2.243617e+01 3.203125e+01 3.203125e+01
3.359375e+01 2.265819e+01 3.359375e+01 3.359375e+01
3.515625e+01 2.288841e+01 3.515625e+01 3.515625e+01
3.671875e+01 2.311001e+01 3.671875e+01 3.671875e+01
3.828125e+01 2.332737e+01 3.828125e+01 3.828125e+01
3.984375e+01 2.355003e+01 3.984375e+01 3.984375e+01
4.140625e+01 2.375539e+01 4.140625e+01 4.140625e+01
4.296875e+01 2.396668e+01 4.296875e+01 4.296875e+01
4.453125e+01 2.415878e+01 4.453125e+01 4.453125e+01
4.609375e+01 2.434255e+01 4.609375e+01 4.609375e+01
4.765625e+01 2.453694e+01 4.765625e+01 4.765625e+01
4.921875e+01 2.472990e+01 4.921875e+01 4.921875e+01
5.078125e+01 2.490306e+01 5.078125e+01 5.078125e+01
5.234375e+01 2.505578e+01 5.234375e+01 5.234375e+01
5.390625e+01 2.517915e+01 5.390625e+01 5.390625e+01
5.546875e+01 2.536247e+01 5.546875e+01 5.546875e+01
5.703125e+01 2.549020e+01 5.703125e+01 5.703125e+01
5.859375e+01 2.562812e+01 5.859375e+01 5.859375e+01
6.015625e+01 2.575815e+01 6.015625e+01 6.015625e+01
6.171875e+01 2.588581e+01 6.171875e+01 6.171875e+01
6.328125e+01 2.600133e+01 6.328125e+01 6.328125e+01
6.484375e+01 2.611695e+01 6.484375e+01 6.484375e+01
6.640625e+01 2.622569e+01 6.640625e+01 6.640625e+01
6.796875e+01 2.631659e+01 6.796875e+01 6.796875e+01
6.953125e+01 2.642613e+01 6.953125e+01 6.953125e+01
7.109375e+01 2.652999e+01 7.109375e+01 7.109375e+01
7.265625e+01 2.660139e+01 7.265625e+01 7.265625e+01
7.421875e+01 2.670149e+01 7.421875e+01 7.421875e+01
7.578125e+01 2.680443e+01 7.578125e+01 7.578125e+01
7.734375e+01 2.688930e+01 7.734375e+01 7.734375e+01
7.890625e+01 2.695617e+01 7.890625e+01 7.890625e+01
8.046875e+01 2.704159e+01 8.046875e+01 8.046875e+01
8.203125e+01 2.710182e+01 8.203125e+01 8.203125e+01
8.359375e+01 2.717609e+01 8.359375e+01 8.359375e+01
8.515625e+01 2.724671e+01 8.515625e+01 8.515625e+01
8.671875e+01 2.731026e+01 8.671875e+01 8.671875e+01
8.828125e+01 2.736793e+01 8.828125e+01 8.828125e+01
8.984375e+01 2.743013e+01 8.984375e+01 8.984375e+01
9.140625e+01 2.750399e+01 9.140625e+01 9.140625e+01
9.296875e+01 2.757021e+01 9.296875e+01 9.296875e+01
9.453125e+01 2.763029e+01 9.453125e+01 9.453125e+01
9.609375e+01 2.768365e+01 9.609375e+01 9.609375e+01
9.765625e+01 2.772903e+01 9.765625e+01 9.765625e+01
9.921875e+01 2.778455e+01 9.921875e+01 9.921875e+01
1.007812e+02 2.782966e+01 1.007812e+02 1.007812e+02
1.023438e+02 2.789101e+01 1.023438e+02 1.023438e+02
1.039062e+02 2.793237e+01 1.039062e+02 1.039062e+02
1.054688e+02 2.798232e+01 1.054688e+02 1.054688e+02
1.070312e+02 2.801402e+01 1.070312e+02 1.070312e+02
1.085938e+02 2.805407e+01 1.085938e+02 1.085938e+02
1.101562e+02 2.808524e+01 1.101562e+02 1.101562e+02
1.117188e+02 2.811865e+01 1.117188e+02 1.117188e+02
1.132812e+02 2.816285e+01 1.132812e+02 1.132812e+02
1.148438e+02 2.819749e+01 1.148438e+02 1.148438e+02
1.164062e+02 2.824117e+01 1.164062e+02 1.164062e+02
1.179688e+02 2.826472e+01 1.179688e+02 1.179688e+02
1.195312e+02 2.829208e+01 1.195312e+02 1.195312e+02
1.210938e+02 2.832343e+01 1.210938e+02 1.210938e+02
1.226562e+02 2.835387e+01 1.226562e+02 1.226562e+02
1.242188e+02 2.837917e+01 1.242188e+02 1.242188e+02
1.257812e+02 2.841538e+01 1.257812e+02 1.257812e+02
1.273438e+02 2.844972e+01 1.273438e+02 1.273438e+02
1.289062e+02 2.845926e+01 1.289062e+02 1.289062e+02
1.304688e+02 2.849117e+01 1.304688e+02 1.304688e+02
1.320312e+02 2.851813e+01 1.320312e+02 1.320312e+02
1.335938e+02 2.853400e+01 1.335938e+02 1.335938e+02
1.351562e+02 2.856752e+01 1.351562e+02 1.351562e+02
1.367188e+02 2.857100e+01 1.367188e+02 1.367188e+02
1.382812e+02 2.859342e+01 1.382812e+02 1.382812e+02
1.398438e+02 2.860816e+01 1.398438e+02 1.398438e+02
1.414062e+02 2.863057e+01 1.414062e+02 1.414062e+02
1.429688e+02 2.864055e+01 1.429688e+02 1.429688e+02
1.445312e+02 2.865197e+01 1.445312e+02 1.445312e+02
1.460938e+02 2.866943e+01 1.460938e+02 1.460938e+02
1.476562e+02 2.868336e+01 1.476562e+02 1.476562e+02
1.492188e+02 2.869146e+01 1.492188e+02 1.492188e+02
1.507812e+02 2.870410e+01 1.507812e+02 1.507812e+02
1.523438e+02 2.871417e+01 1.523438e+02 1.523438e+02
1.539062e+02 2.872522e+01 1.539062e+02 1.539062e+02
1.554688e+02 2.872364e+01 1.554688e+02 1.554688e+02
1.570312e+02 2.873451e+01 1.570312e+02 1.570312e+02
1.585938e+02 2.874172e+01 1.585938e+02 1.585938e+02
1.601562e+02 2.874348e+01 1.601562e+02 1.601562e+02
1.617188e+02 2.875050e+01 1.617188e+02 1.617188e+02
1.632812e+02 2.874974e+01 1.632812e+02 1.632812e+02
1.648438e+02 2.875673e+01 1.648438e+02 1.648438e+02
1.664062e+02 2.874886e+01 1.664062e+02 1.664062e+02
1.679688e+02 2.875320e+01 1.679688e+02 1.679688e+02
1.695312e+02 2.875914e+01 1.695312e+02 1.695312e+02
1.710938e+02 2.875811e+01 1.710938e+02 1.710938e+02
1.726562e+02 2.875720e+01 1.726562e+02 1.726562e+02
1.742188e+02 2.876662e+01 1.742188e+02 1.742188e+02
1.757812e+02 2.875811e+01 1.757812e+02 1.757812e+02
1.773438e+02 2.875280e+01 1.773438e+02 1.773438e+02
1.789062e+02 2.875701e+01 1.789062e+02 1.789062e+02
1.804688e+02 2.875235e+01 1.804688e+02 1.804688e+02
1.820312e+02 2.874995e+01 1.820312e+02 1.820312e+02
1.835938e+02 2.875245e+01 1.835938e+02 1.835938e+02
1.851562e+02 2.874674e+01 1.851562e+02 1.851562e+02
1.867188e+02 2.874689e+01 1.867188e+02 1.867188e+02
1.882812e+02 2.873258e+01 1.882812e+02 1.882812e+02
1.898438e+02 2.873757e+01 1.898438e+02 1.898438e+02
1.914062e+02 2.872200e+01 1.914062e+02 1.914062e+02
1.929688e+02 2.873687e+01 1.929688e+02 1.929688e+02
1.945312e+02 2.871976e+01 1.945312e+02 1.945312e+02
1.960938e+02 2.871387e+01 1.960938e+02 1.960938e+02
1.976562e+02 2.871436e+01 1.976562e+02 1.976562e+02
1.992188e+02 2.871516e+01 1.992188e+02 1.992188e+02
2.007812e+02 2.870119e+01 2.007812e+02 2.007812e+02
2.023438e+02 2.870052e+01 2.023438e+02 2.023438e+02
2.039062e+02 2.869299e+01 2.039062e+02 2.039062e+02
2.054688e+02 2.869143e+01 2.054688e+02 2.054688e+02
2.070312e+02 2.868722e+01 2.070312e+02 2.070312e+02
2.085938e+02 2.868514e+01 2.085938e+02 2.085938e+02
2.101562e+02 2.868003e+01 2.101562e+02 2.101562e+02
2.117188e+02 2.867324e+01 2.117188e+02 2.117188e+02
2.132812e+02 2.867441e+01 2.132812e+02 2.132812e+02
2.148438e+02 2.866250e+01 2.148438e+02 2.148438e+02
2.164062e+02 2.865695e+01 2.164062e+02 2.164062e+02
2.179688e+02 2.865845e+01 2.179688e+02 2.179688e+02
2.195312e+02 2.864638e+01 2.195312e+02 2.195312e+02
2.210938e+02 2.864208e+01 2.210938e+02 2.210938e+02
2.226562e+02 2.864253e+01 2.226562e+02 2.226562e+02
2.242188e+02 2.863821e+01 2.242188e+02 2.242188e+02
2.257812e+02 2.862657e+01 2.257812e+02 2.257812e+02
2.273438e+02 2.862060e+01 2.273438e+02 2.273438e+02
2.289062e+02 2.861727e+01 2.289062e+02 2.289062e+02
2.304688e+02 2.861106e+01 2.304688e+02 2.304688e+02
2.320312e+02 2.859561e+01 2.320312e+02 2.320312e+02
2.335938e+02 2.859484e+01 2.335938e+02 2.335938e+02
2.351562e+02 2.859373e+01 2.351562e+02 2.351562e+02
2.367188e+02 2.858075e+01 2.367188e+02 2.367188e+02
2.382812e+02 2.858130e+01 2.382812e+02 2.382812e+02
2.398438e+02 2.857188e+01 2.398438e+02 2.398438e+02
2.414062e+02 2.856744e+01 2.414062e+02 2.414062e+02
2.429688e+02 2.856059e+01 2.429688e+02 2.429688e+02
2.445312e+02 2.856081e+01 2.445312e+02 2.445312e+02
2.460938e+02 2.855243e+01 2.460938e+02 2.460938e+02
2.476562e+02 2.854666e+01 2.476562e+02 2.476562e+02
2.492188e+02 2.853760e+01 2.492188e+02 2.492188e+02
