2.334267e+00 1.490576e+01 2.334267e+00 2.334267e+00
7.002801e+00 1.813259e+01 7.002801e+00 7.002801e+00
1.167134e+01 1.916732e+01 1.167134e+01 1.167134e+01
1.633987e+01 1.988733e+01 1.633987e+01 1.633987e+01
2.100840e+01 2.063541e+01 2.100840e+01 2.100840e+01
2.567694e+01 2.142354e+01 2.567694e+01 2.567694e+01
3.034547e+01 2.217755e+01 3.034547e+01 3.034547e+01
3.501401e+01 2.288221e+01 3.501401e+01 3.501401e+01
3.968254e+01 2.353518e+01 3.968254e+01 3.968254e+01
4.435107e+01 2.413864e+01 4.435107e+01 4.435107e+01
4.901961e+01 2.470996e+01 4.901961e+01 4.901961e+01
5.368814e+01 2.517999e+01 5.368814e+01 5.368814e+01
5.835668e+01 2.561081e+01 5.835668e+01 5.835668e+01
6.302521e+01 2.598833e+01 6.302521e+01 6.302521e+01
6.769374e+01 2.630838e+01 6.769374e+01 6.769374e+01
7.236228e+01 2.659734e+01 7.236228e+01 7.236228e+01
7.703081e+01 2.686690e+01 7.703081e+01 7.703081e+01
8.169935e+01 2.709248e+01 8.169935e+01 8.169935e+01
8.636788e+01 2.729710e+01 8.636788e+01 8.636788e+01
9.103641e+01 2.748681e+01 9.103641e+01 9.103641e+01
9.570495e+01 2.766946e+01 9.570495e+01 9.570495e+01
1.003735e+02 2.782051e+01 1.003735e+02 1.003735e+02
1.050420e+02 2.796700e+01 1.050420e+02 1.050420e+02
1.097106e+02 2.807672e+01 1.097106e+02 1.097106e+02
1.143791e+02 2.818987e+01 1.143791e+02 1.143791e+02
1.190476e+02 2.828516e+01 1.190476e+02 1.190476e+02
1.237162e+02 2.837472e+01 1.237162e+02 1.237162e+02
1.283847e+02 2.845732e+01 1.283847e+02 1.283847e+02
1.330532e+02 2.853257e+01 1.330532e+02 1.330532e+02
1.377218e+02 2.858665e+01 1.377218e+02 1.377218e+02
