2.334267e+00 7.075142e+00 2.334267e+00 2.334267e+00
7.002801e+00 9.407108e+00 7.002801e+00 7.002801e+00
1.167134e+01 1.091317e+01 1.167134e+01 1.167134e+01
1.633987e+01 1.208407e+01 1.633987e+01 1.633987e+01
2.100840e+01 1.312621e+01 2.100840e+01 2.100840e+01
2.567694e+01 1.407566e+01 2.567694e+01 2.567694e+01
3.034547e+01 1.494392e+01 3.034547e+01 3.034547e+01
3.501401e+01 1.575663e+01 3.501401e+01 3.501401e+01
3.968254e+01 1.649775e+01 3.968254e+01 3.968254e+01
4.435107e+01 1.718980e+01 4.435107e+01 4.435107e+01
4.901961e+01 1.783335e+01 4.901961e+01 4.901961e+01
5.368814e+01 1.842439e+01 5.368814e+01 5.368814e+01
5.835668e+01 1.898337e+01 5.835668e+01 5.835668e+01
6.302521e+01 1.949704e+01 6.302521e+01 6.302521e+01
6.769374e+01 1.996228e+01 6.769374e+01 6.769374e+01
7.236228e+01 2.039695e+01 7.236228e+01 7.236228e+01
7.703081e+01 2.081374e+01 7.703081e+01 7.703081e+01
8.169935e+01 2.119766e+01 8.169935e+01 8.169935e+01
8.636788e+01 2.155598e+01 8.636788e+01 8.636788e+01
9.103641e+01 2.189015e+01 9.103641e+01 9.103641e+01
9.570495e+01 2.220865e+01 9.570495e+01 9.570495e+01
1.003735e+02 2.249506e+01 1.003735e+02 1.003735e+02
1.050420e+02 2.276518e+01 1.050420e+02 1.050420e+02
1.097106e+02 2.301576e+01 1.097106e+02 1.097106e+02
1.143791e+02 2.325478e+01 1.143791e+02 1.143791e+02
1.190476e+02 2.347605e+01 1.190476e+02 1.190476e+02
1.237162e+02 2.368050e+01 1.237162e+02 1.237162e+02
1.283847e+02 2.387473e+01 1.283847e+02 1.283847e+02
1.330532e+02 2.405383e+01 1.330532e+02 1.330532e+02
1.377218e+02 2.423612e+01 1.377218e+02 1.377218e+02
