7.812500e-01 -2.422872e+00 7.812500e-01 7.812500e-01
2.343750e+00 -2.294858e+00 2.343750e+00 2.343750e+00
3.906250e+00 -2.288802e+00 3.906250e+00 3.906250e+00
5.468750e+00 -2.243893e+00 5.468750e+00 5.468750e+00
7.031250e+00 -2.185292e+00 7.031250e+00 7.031250e+00
8.593750e+00 -2.095716e+00 8.593750e+00 8.593750e+00
1.015625e+01 -2.019227e+00 1.015625e+01 1.015625e+01
1.171875e+01 -1.921570e+00 1.171875e+01 1.171875e+01
1.328125e+01 -1.826447e+00 1.328125e+01 1.328125e+01
1.484375e+01 -1.740546e+00 1.484375e+01 1.484375e+01
1.640625e+01 -1.667836e+00 1.640625e+01 1.640625e+01
1.796875e+01 -1.576989e+00 1.796875e+01 1.796875e+01
1.953125e+01 -1.498941e+00 1.953125e+01 1.953125e+01
2.109375e+01 -1.428580e+00 2.109375e+01 2.109375e+01
2.265625e+01 -1.357395e+00 2.265625e+01 2.265625e+01
2.421875e+01 -1.294509e+00 2.421875e+01 2.421875e+01
2.578125e+01 -1.236402e+00 2.578125e+01 2.578125e+01
2.734375e+01 -1.176524e+00 2.734375e+01 2.734375e+01
2.890625e+01 -1.118381e+00 2.890625e+01 2.890625e+01
3.046875e+01 -1.068521e+00 3.046875e+01 3.046875e+01
3.203125e+01 -1.019508e+00 3.203125e+01 3.203125e+01
3.359375e+01 -9.691051e-01 3.359375e+01 3.359375e+01
3.515625e+01 -9.267018e-01 3.515625e+01 3.515625e+01
3.671875e+01 -8.872886e-01 3.671875e+01 3.671875e+01
3.828125e+01 -8.520918e-01 3.828125e+01 3.828125e+01
3.984375e+01 -8.140810e-01 3.984375e+01 3.984375e+01
4.140625e+01 -7.803694e-01 4.140625e+01 4.140625e+01
4.296875e+01 -7.477750e-01 4.296875e+01 4.296875e+01
4.453125e+01 -7.194705e-01 4.453125e+01 4.453125e+01
4.609375e+01 -6.882714e-01 4.609375e+01 4.609375e+01
4.765625e+01 -6.631358e-01 4.765625e+01 4.765625e+01
4.921875e+01 -6.370749e-01 4.921875e+01 4.921875e+01
5.078125e+01 -6.097198e-01 5.078125e+01 5.078125e+01
5.234375e+01 -5.838512e-01 5.234375e+01 5.234375e+01
5.390625e+01 -5.579142e-01 5.390625e+01 5.390625e+01
5.546875e+01 -5.396999e-01 5.546875e+01 5.546875e+01
5.703125e+01 -5.184773e-01 5.703125e+01 5.703125e+01
5.859375e+01 -5.008774e-01 5.859375e+01 5.859375e+01
6.015625e+01 -4.813963e-01 6.015625e+01 6.015625e+01
6.171875e+01 -4.654694e-01 6.171875e+01 6.171875e+01
6.328125e+01 -4.459775e-01 6.328125e+01 6.328125e+01
6.484375e+01 -4.314092e-01 6.484375e+01 6.484375e+01
6.640625e+01 -4.175326e-01 6.640625e+01 6.640625e+01
6.796875e+01 -3.983626e-01 6.796875e+01 6.796875e+01
6.953125e+01 -3.884330e-01 6.953125e+01 6.953125e+01
7.109375e+01 -3.740408e-01 7.109375e+01 7.109375e+01
7.265625e+01 -3.624834e-01 7.265625e+01 7.265625e+01
7.421875e+01 -3.487244e-01 7.421875e+01 7.421875e+01
7.578125e+01 -3.383419e-01 7.578125e+01 7.578125e+01
7.734375e+01 -3.269066e-01 7.734375e+01 7.734375e+01
7.890625e+01 -3.163595e-01 7.890625e+01 7.890625e+01
8.046875e+01 -3.069036e-01 8.046875e+01 8.046875e+01
8.203125e+01 -2.964961e-01 8.203125e+01 8.203125e+01
8.359375e+01 -2.905241e-01 8.359375e+01 8.359375e+01
8.515625e+01 -2.798318e-01 8.515625e+01 8.515625e+01
8.671875e+01 -2.712127e-01 8.671875e+01 8.671875e+01
8.828125e+01 -2.632842e-01 8.828125e+01 8.828125e+01
8.984375e+01 -2.548579e-01 8.984375e+01 8.984375e+01
9.140625e+01 -2.487969e-01 9.140625e+01 9.140625e+01
9.296875e+01 -2.416546e-01 9.296875e+01 9.296875e+01
9.453125e+01 -2.354363e-01 9.453125e+01 9.453125e+01
9.609375e+01 -2.293211e-01 9.609375e+01 9.609375e+01
9.765625e+01 -2.251398e-01 9.765625e+01 9.765625e+01
9.921875e+01 -2.193380e-01 9.921875e+01 9.921875e+01
1.007812e+02 -2.156376e-01 1.007812e+02 1.007812e+02
1.023438e+02 -2.097167e-01 1.023438e+02 1.023438e+02
1.039062e+02 -2.047850e-01 1.039062e+02 1.039062e+02
1.054688e+02 -1.985658e-01 1.054688e+02 1.054688e+02
1.070312e+02 -1.961279e-01 1.070312e+02 1.070312e+02
1.085938e+02 -1.902836e-01 1.085938e+02 1.085938e+02
1.101562e+02 -1.869070e-01 1.101562e+02 1.101562e+02
1.117188e+02 -1.846362e-01 1.117188e+02 1.117188e+02
1.132812e+02 -1.798338e-01 1.132812e+02 1.132812e+02
1.148438e+02 -1.765800e-01 1.148438e+02 1.148438e+02
1.164062e+02 -1.722798e-01 1.164062e+02 1.164062e+02
1.179688e+02 -1.686980e-01 1.179688e+02 1.179688e+02
1.195312e+02 -1.648025e-01 1.195312e+02 1.195312e+02
1.210938e+02 -1.628721e-01 1.210938e+02 1.210938e+02
1.226562e+02 -1.599952e-01 1.226562e+02 1.226562e+02
1.242188e+02 -1.555417e-01 1.242188e+02 1.242188e+02
1.257812e+02 -1.528292e-01 1.257812e+02 1.257812e+02
1.273438e+02 -1.507378e-01 1.273438e+02 1.273438e+02
1.289062e+02 -1.473202e-01 1.289062e+02 1.289062e+02
1.304688e+02 -1.463009e-01 1.304688e+02 1.304688e+02
1.320312e+02 -1.412084e-01 1.320312e+02 1.320312e+02
1.335938e+02 -1.376504e-01 1.335938e+02 1.335938e+02
1.351562e+02 -1.354063e-01 1.351562e+02 1.351562e+02
1.367188e+02 -1.319123e-01 1.367188e+02 1.367188e+02
1.382812e+02 -1.300957e-01 1.382812e+02 1.382812e+02
1.398438e+02 -1.259847e-01 1.398438e+02 1.398438e+02
1.414062e+02 -1.234950e-01 1.414062e+02 1.414062e+02
1.429688e+02 -1.206673e-01 1.429688e+02 1.429688e+02
1.445312e+02 -1.183019e-01 1.445312e+02 1.445312e+02
1.460938e+02 -1.158147e-01 1.460938e+02 1.460938e+02
1.476562e+02 -1.141557e-01 1.476562e+02 1.476562e+02
1.492188e+02 -1.116795e-01 1.492188e+02 1.492188e+02
1.507812e+02 -1.092466e-01 1.507812e+02 1.507812e+02
1.523438e+02 -1.080090e-01 1.523438e+02 1.523438e+02
1.539062e+02 -1.060681e-01 1.539062e+02 1.539062e+02
1.554688e+02 -1.033891e-01 1.554688e+02 1.554688e+02
1.570312e+02 -1.016619e-01 1.570312e+02 1.570312e+02
1.585938e+02 -9.946149e-02 1.585938e+02 1.585938e+02
1.601562e+02 -9.790473e-02 1.601562e+02 1.601562e+02
1.617188e+02 -9.562906e-02 1.617188e+02 1.617188e+02
1.632812e+02 -9.336818e-02 1.632812e+02 1.632812e+02
1.648438e+02 -9.081593e-02 1.648438e+02 1.648438e+02
1.664062e+02 -8.965319e-02 1.664062e+02 1.664062e+02
1.679688e+02 -8.813007e-02 1.679688e+02 1.679688e+02
1.695312e+02 -8.744410e-02 1.695312e+02 1.695312e+02
1.710938e+02 -8.562744e-02 1.710938e+02 1.710938e+02
1.726562e+02 -8.328710e-02 1.726562e+02 1.726562e+02
1.742188e+02 -8.193702e-02 1.742188e+02 1.742188e+02
1.757812e+02 -8.032257e-02 1.757812e+02 1.757812e+02
1.773438e+02 -7.919141e-02 1.773438e+02 1.773438e+02
1.789062e+02 -7.751606e-02 1.789062e+02 1.789062e+02
1.804688e+02 -7.671486e-02 1.804688e+02 1.804688e+02
1.820312e+02 -7.422830e-02 1.820312e+02 1.820312e+02
1.835938e+02 -7.349298e-02 1.835938e+02 1.835938e+02
1.851562e+02 -7.230686e-02 1.851562e+02 1.851562e+02
1.867188e+02 -7.161760e-02 1.867188e+02 1.867188e+02
1.882812e+02 -7.095831e-02 1.882812e+02 1.882812e+02
1.898438e+02 -6.900340e-02 1.898438e+02 1.898438e+02
1.914062e+02 -6.825049e-02 1.914062e+02 1.914062e+02
1.929688e+02 -6.650779e-02 1.929688e+02 1.929688e+02
1.945312e+02 -6.563475e-02 1.945312e+02 1.945312e+02
1.960938e+02 -6.359765e-02 1.960938e+02 1.960938e+02
1.976562e+02 -6.217024e-02 1.976562e+02 1.976562e+02
1.992188e+02 -6.123638e-02 1.992188e+02 1.992188e+02
2.007812e+02 -6.037923e-02 2.007812e+02 2.007812e+02
2.023438e+02 -5.923087e-02 2.023438e+02 2.023438e+02
2.039062e+02 -5.800502e-02 2.039062e+02 2.039062e+02
2.054688e+02 -5.701995e-02 2.054688e+02 2.054688e+02
2.070312e+02 -5.597829e-02 2.070312e+02 2.070312e+02
2.085938e+02 -5.384592e-02 2.085938e+02 2.085938e+02
2.101562e+02 -5.335524e-02 2.101562e+02 2.101562e+02
2.117188e+02 -5.195745e-02 2.117188e+02 2.117188e+02
2.132812e+02 -5.001907e-02 2.132812e+02 2.132812e+02
2.148438e+02 -4.982344e-02 2.148438e+02 2.148438e+02
2.164062e+02 -4.776357e-02 2.164062e+02 2.164062e+02
2.179688e+02 -4.552122e-02 2.179688e+02 2.179688e+02
2.195312e+02 -4.497393e-02 2.195312e+02 2.195312e+02
2.210938e+02 -4.439422e-02 2.210938e+02 2.210938e+02
2.226562e+02 -4.234770e-02 2.226562e+02 2.226562e+02
2.242188e+02 -4.148580e-02 2.242188e+02 2.242188e+02
2.257812e+02 -3.968458e-02 2.257812e+02 2.257812e+02
2.273438e+02 -3.915084e-02 2.273438e+02 2.273438e+02
2.289062e+02 -3.701588e-02 2.289062e+02 2.289062e+02
2.304688e+02 -3.628519e-02 2.304688e+02 2.304688e+02
2.320312e+02 -3.556642e-02 2.320312e+02 2.320312e+02
2.335938e+02 -3.463747e-02 2.335938e+02 2.335938e+02
2.351562e+02 -3.369668e-02 2.351562e+02 2.351562e+02
2.367188e+02 -3.208719e-02 2.367188e+02 2.367188e+02
2.382812e+02 -3.144001e-02 2.382812e+02 2.382812e+02
2.398438e+02 -2.983966e-02 2.398438e+02 2.398438e+02
2.414062e+02 -2.927608e-02 2.414062e+02 2.414062e+02
2.429688e+02 -2.776955e-02 2.429688e+02 2.429688e+02
2.445312e+02 -2.733932e-02 2.445312e+02 2.445312e+02
2.460938e+02 -2.601564e-02 2.460938e+02 2.460938e+02
2.476562e+02 -2.502211e-02 2.476562e+02 2.476562e+02
2.492188e+02 -2.375550e-02 2.492188e+02 2.492188e+02
