2.334267e+00 -2.307965e+00 2.334267e+00 2.334267e+00
7.002801e+00 -2.161214e+00 7.002801e+00 7.002801e+00
1.167134e+01 -1.911397e+00 1.167134e+01 1.167134e+01
1.633987e+01 -1.656858e+00 1.633987e+01 1.633987e+01
2.100840e+01 -1.425098e+00 2.100840e+01 2.100840e+01
2.567694e+01 -1.235452e+00 2.567694e+01 2.567694e+01
3.034547e+01 -1.069477e+00 3.034547e+01 3.034547e+01
3.501401e+01 -9.293904e-01 3.501401e+01 3.501401e+01
3.968254e+01 -8.174445e-01 3.968254e+01 3.968254e+01
4.435107e+01 -7.203593e-01 4.435107e+01 4.435107e+01
4.901961e+01 -6.387547e-01 4.901961e+01 4.901961e+01
5.368814e+01 -5.627430e-01 5.368814e+01 5.368814e+01
5.835668e+01 -5.025694e-01 5.835668e+01 5.835668e+01
6.302521e+01 -4.497734e-01 6.302521e+01 6.302521e+01
6.769374e+01 -4.037245e-01 6.769374e+01 6.769374e+01
7.236228e+01 -3.637865e-01 7.236228e+01 7.236228e+01
7.703081e+01 -3.285110e-01 7.703081e+01 7.703081e+01
8.169935e+01 -2.999416e-01 8.169935e+01 8.169935e+01
8.636788e+01 -2.731235e-01 8.636788e+01 8.636788e+01
9.103641e+01 -2.498161e-01 9.103641e+01 9.103641e+01
9.570495e+01 -2.311589e-01 9.570495e+01 9.570495e+01
1.003735e+02 -2.159811e-01 1.003735e+02 1.003735e+02
1.050420e+02 -2.011962e-01 1.050420e+02 1.050420e+02
1.097106e+02 -1.884073e-01 1.097106e+02 1.097106e+02
1.143791e+02 -1.773614e-01 1.143791e+02 1.143791e+02
1.190476e+02 -1.663364e-01 1.190476e+02 1.190476e+02
1.237162e+02 -1.569182e-01 1.237162e+02 1.237162e+02
1.283847e+02 -1.490155e-01 1.283847e+02 1.283847e+02
1.330532e+02 -1.392929e-01 1.330532e+02 1.330532e+02
1.377218e+02 -1.304387e-01 1.377218e+02 1.377218e+02
