# Contributions to (1/f)(1+xi)v_{12}.
# Order is r [Mpc/h] v_L, 1, b1, b2, b1^2, b1.b2, b2^2, gradXi, g_los, bs2, bs2.b1
  5.0000e-01  8.2341e+00  1.7491e+01  3.5236e+00 -8.8113e-01 -2.7535e-02 -1.2371e+00  0.0000e+00 -2.9319e-01 -9.1174e-01 -1.9258e+00  9.9016e-01
  1.5000e+00  1.1877e+01  1.8231e+01  1.7123e+00 -1.9840e+00 -1.7270e+00 -1.8035e+00  0.0000e+00 -2.2772e-01 -8.0498e-01 -1.1801e+00  4.7094e-01
  2.5000e+00  6.1063e+00  1.2092e+01 -1.0794e+00 -2.2162e+00 -2.5616e+00 -1.7188e+00  0.0000e+00 -1.7470e-01 -5.2541e-01 -5.0677e-01  2.0620e-01
  3.5000e+00  3.6720e+00  6.6630e+00 -2.8902e+00 -2.0147e+00 -2.5721e+00 -1.4806e+00  0.0000e+00 -1.3786e-01 -3.2294e-01 -1.6813e-01  8.5453e-02
  4.5000e+00  1.7269e+00  3.1975e+00 -3.6666e+00 -1.6726e+00 -2.2261e+00 -1.2339e+00  0.0000e+00 -1.1218e-01 -2.0148e-01 -1.6936e-02  3.3460e-02
  5.5000e+00  5.6577e-01  1.2365e+00 -3.8025e+00 -1.3271e+00 -1.7989e+00 -1.0188e+00  0.0000e+00 -9.3097e-02 -1.3151e-01  5.0918e-02  1.1813e-02
  6.5000e+00 -1.8635e-01  1.7260e-01 -3.6368e+00 -1.0292e+00 -1.4070e+00 -8.4065e-01  0.0000e+00 -7.7882e-02 -9.0448e-02  8.2618e-02  3.3538e-03
  7.5000e+00 -6.4801e-01 -4.0747e-01 -3.3691e+00 -7.9066e-01 -1.0866e+00 -6.9488e-01  0.0000e+00 -6.5120e-02 -6.5248e-02  9.6983e-02  5.8717e-04
  8.5000e+00 -9.4429e-01 -7.3597e-01 -3.0946e+00 -6.0770e-01 -8.3937e-01 -5.7575e-01  0.0000e+00 -5.4146e-02 -4.8938e-02  1.0164e-01  1.5501e-04
  9.5000e+00 -1.1413e+00 -9.3314e-01 -2.8495e+00 -4.7142e-01 -6.5530e-01 -4.7825e-01  0.0000e+00 -4.4657e-02 -3.7842e-02  1.0018e-01  5.1210e-04
  1.0500e+01 -1.2786e+00 -1.0590e+00 -2.6417e+00 -3.7197e-01 -5.2113e-01 -3.9836e-01  0.0000e+00 -3.6514e-02 -2.9964e-02  9.4751e-02  9.6009e-04
  1.1500e+01 -1.3768e+00 -1.1431e+00 -2.4672e+00 -3.0029e-01 -4.2426e-01 -3.3288e-01  0.0000e+00 -2.9626e-02 -2.4178e-02  8.6913e-02  1.2220e-03
  1.2500e+01 -1.4468e+00 -1.2001e+00 -2.3186e+00 -2.4865e-01 -3.5399e-01 -2.7922e-01  0.0000e+00 -2.3911e-02 -1.9809e-02  7.7868e-02  1.2349e-03
  1.3500e+01 -1.4945e+00 -1.2373e+00 -2.1886e+00 -2.1085e-01 -3.0187e-01 -2.3524e-01  0.0000e+00 -1.9267e-02 -1.6439e-02  6.8546e-02  1.0383e-03
  1.4500e+01 -1.5237e+00 -1.2589e+00 -2.0716e+00 -1.8222e-01 -2.6164e-01 -1.9916e-01  0.0000e+00 -1.5573e-02 -1.3793e-02  5.9623e-02  7.1136e-04
  1.5500e+01 -1.5372e+00 -1.2673e+00 -1.9636e+00 -1.5944e-01 -2.2896e-01 -1.6952e-01  0.0000e+00 -1.2693e-02 -1.1685e-02  5.1540e-02  3.3624e-04
  1.6500e+01 -1.5374e+00 -1.2648e+00 -1.8625e+00 -1.4032e-01 -2.0104e-01 -1.4508e-01  0.0000e+00 -1.0486e-02 -9.9863e-03  4.4531e-02 -2.0010e-05
  1.7500e+01 -1.5269e+00 -1.2533e+00 -1.7674e+00 -1.2352e-01 -1.7627e-01 -1.2484e-01  0.0000e+00 -8.8136e-03 -8.6017e-03  3.8665e-02 -3.1309e-04
  1.8500e+01 -1.5080e+00 -1.2347e+00 -1.6780e+00 -1.0837e-01 -1.5386e-01 -1.0798e-01  0.0000e+00 -7.5487e-03 -7.4621e-03  3.3887e-02 -5.2150e-04
  1.9500e+01 -1.4829e+00 -1.2109e+00 -1.5946e+00 -9.4556e-02 -1.3349e-01 -9.3846e-02  0.0000e+00 -6.5822e-03 -6.5150e-03  3.0062e-02 -6.4272e-04
  2.0500e+01 -1.4537e+00 -1.1836e+00 -1.5174e+00 -8.2016e-02 -1.1512e-01 -8.1910e-02  0.0000e+00 -5.8255e-03 -5.7206e-03  2.7018e-02 -6.8737e-04
  2.1500e+01 -1.4218e+00 -1.1543e+00 -1.4464e+00 -7.0769e-02 -9.8778e-02 -7.1761e-02  0.0000e+00 -5.2110e-03 -5.0483e-03  2.4573e-02 -6.7331e-04
  2.2500e+01 -1.3887e+00 -1.1240e+00 -1.3814e+00 -6.0842e-02 -8.4486e-02 -6.3077e-02  0.0000e+00 -4.6908e-03 -4.4744e-03  2.2563e-02 -6.2063e-04
  2.3500e+01 -1.3552e+00 -1.0938e+00 -1.3220e+00 -5.2228e-02 -7.2194e-02 -5.5601e-02  0.0000e+00 -4.2334e-03 -3.9808e-03  2.0852e-02 -5.4788e-04
  2.4500e+01 -1.3219e+00 -1.0640e+00 -1.2678e+00 -4.4867e-02 -6.1775e-02 -4.9133e-02  0.0000e+00 -3.8203e-03 -3.5534e-03  1.9338e-02 -4.6994e-04
  2.5500e+01 -1.2893e+00 -1.0351e+00 -1.2179e+00 -3.8652e-02 -5.3039e-02 -4.3514e-02  0.0000e+00 -3.4418e-03 -3.1811e-03  1.7953e-02 -3.9710e-04
  2.6500e+01 -1.2573e+00 -1.0072e+00 -1.1719e+00 -3.3442e-02 -4.5759e-02 -3.8616e-02  0.0000e+00 -3.0943e-03 -2.8553e-03  1.6655e-02 -3.3518e-04
  2.7500e+01 -1.2261e+00 -9.8030e-01 -1.1292e+00 -2.9084e-02 -3.9694e-02 -3.4333e-02  0.0000e+00 -2.7770e-03 -2.5692e-03  1.5426e-02 -2.8629e-04
  2.8500e+01 -1.1956e+00 -9.5435e-01 -1.0891e+00 -2.5425e-02 -3.4615e-02 -3.0581e-02  0.0000e+00 -2.4901e-03 -2.3171e-03  1.4260e-02 -2.4987e-04
  2.9500e+01 -1.1659e+00 -9.2925e-01 -1.0513e+00 -2.2327e-02 -3.0320e-02 -2.7286e-02  0.0000e+00 -2.2336e-03 -2.0944e-03  1.3162e-02 -2.2375e-04
  3.0500e+01 -1.1367e+00 -9.0490e-01 -1.0156e+00 -1.9674e-02 -2.6642e-02 -2.4387e-02  0.0000e+00 -2.0067e-03 -1.8973e-03  1.2135e-02 -2.0513e-04
  3.1500e+01 -1.1082e+00 -8.8124e-01 -9.8171e-01 -1.7372e-02 -2.3451e-02 -2.1832e-02  0.0000e+00 -1.8076e-03 -1.7224e-03  1.1186e-02 -1.9125e-04
  3.2500e+01 -1.0802e+00 -8.5822e-01 -9.4945e-01 -1.5353e-02 -2.0651e-02 -1.9577e-02  0.0000e+00 -1.6338e-03 -1.5669e-03  1.0317e-02 -1.7981e-04
  3.3500e+01 -1.0529e+00 -8.3580e-01 -9.1875e-01 -1.3565e-02 -1.8174e-02 -1.7581e-02  0.0000e+00 -1.4821e-03 -1.4282e-03  9.5261e-03 -1.6920e-04
  3.4500e+01 -1.0262e+00 -8.1400e-01 -8.8952e-01 -1.1974e-02 -1.5974e-02 -1.5813e-02  0.0000e+00 -1.3495e-03 -1.3043e-03  8.8103e-03 -1.5848e-04
  3.5500e+01 -1.0002e+00 -7.9283e-01 -8.6170e-01 -1.0556e-02 -1.4018e-02 -1.4243e-02  0.0000e+00 -1.2327e-03 -1.1933e-03  8.1636e-03 -1.4730e-04
  3.6500e+01 -9.7495e-01 -7.7229e-01 -8.3521e-01 -9.2924e-03 -1.2281e-02 -1.2846e-02  0.0000e+00 -1.1292e-03 -1.0935e-03  7.5786e-03 -1.3571e-04
  3.7500e+01 -9.5042e-01 -7.5241e-01 -8.0999e-01 -8.1701e-03 -1.0745e-02 -1.1601e-02  0.0000e+00 -1.0365e-03 -1.0036e-03  7.0479e-03 -1.2399e-04
  3.8500e+01 -9.2663e-01 -7.3319e-01 -7.8595e-01 -7.1762e-03 -9.3906e-03 -1.0490e-02  0.0000e+00 -9.5283e-04 -9.2249e-04  6.5643e-03 -1.1252e-04
  3.9500e+01 -9.0360e-01 -7.1462e-01 -7.6302e-01 -6.2989e-03 -8.2010e-03 -9.4958e-03  0.0000e+00 -8.7692e-04 -8.4903e-04  6.1213e-03 -1.0163e-04
  4.0500e+01 -8.8131e-01 -6.9669e-01 -7.4112e-01 -5.5264e-03 -7.1586e-03 -8.6056e-03  0.0000e+00 -8.0774e-04 -7.8241e-04  5.7138e-03 -9.1588e-05
  4.1500e+01 -8.5972e-01 -6.7937e-01 -7.2018e-01 -4.8469e-03 -6.2463e-03 -7.8071e-03  0.0000e+00 -7.4453e-04 -7.2189e-04  5.3373e-03 -8.2527e-05
  4.2500e+01 -8.3880e-01 -6.6263e-01 -7.0011e-01 -4.2492e-03 -5.4477e-03 -7.0898e-03  0.0000e+00 -6.8676e-04 -6.6681e-04  4.9888e-03 -7.4479e-05
  4.3500e+01 -8.1852e-01 -6.4642e-01 -6.8087e-01 -3.7230e-03 -4.7475e-03 -6.4446e-03  0.0000e+00 -6.3396e-04 -6.1661e-04  4.6655e-03 -6.7391e-05
  4.4500e+01 -7.9883e-01 -6.3071e-01 -6.6239e-01 -3.2587e-03 -4.1323e-03 -5.8635e-03  0.0000e+00 -5.8577e-04 -5.7081e-04  4.3655e-03 -6.1156e-05
  4.5500e+01 -7.7970e-01 -6.1546e-01 -6.4463e-01 -2.8481e-03 -3.5904e-03 -5.3395e-03  0.0000e+00 -5.4180e-04 -5.2895e-04  4.0870e-03 -5.5643e-05
  4.6500e+01 -7.6109e-01 -6.0065e-01 -6.2755e-01 -2.4840e-03 -3.1118e-03 -4.8665e-03  0.0000e+00 -5.0170e-04 -4.9067e-04  3.8287e-03 -5.0723e-05
  4.7500e+01 -7.4300e-01 -5.8624e-01 -6.1111e-01 -2.1607e-03 -2.6882e-03 -4.4390e-03  0.0000e+00 -4.6513e-04 -4.5560e-04  3.5892e-03 -4.6281e-05
  4.8500e+01 -7.2538e-01 -5.7223e-01 -5.9527e-01 -1.8730e-03 -2.3128e-03 -4.0521e-03  0.0000e+00 -4.3173e-04 -4.2344e-04  3.3670e-03 -4.2231e-05
  4.9500e+01 -7.0825e-01 -5.5860e-01 -5.8000e-01 -1.6169e-03 -1.9798e-03 -3.7018e-03  0.0000e+00 -4.0119e-04 -3.9392e-04  3.1610e-03 -3.8508e-05
  5.0500e+01 -6.9159e-01 -5.4536e-01 -5.6529e-01 -1.3890e-03 -1.6844e-03 -3.3841e-03  0.0000e+00 -3.7322e-04 -3.6679e-04  2.9698e-03 -3.5073e-05
  5.1500e+01 -6.7539e-01 -5.3249e-01 -5.5109e-01 -1.1862e-03 -1.4225e-03 -3.0957e-03  0.0000e+00 -3.4755e-04 -3.4183e-04  2.7922e-03 -3.1900e-05
  5.2500e+01 -6.5967e-01 -5.2000e-01 -5.3739e-01 -1.0058e-03 -1.1903e-03 -2.8338e-03  0.0000e+00 -3.2394e-04 -3.1884e-04  2.6271e-03 -2.8975e-05
  5.3500e+01 -6.4440e-01 -5.0789e-01 -5.2417e-01 -8.4564e-04 -9.8458e-04 -2.5955e-03  0.0000e+00 -3.0220e-04 -2.9764e-04  2.4734e-03 -2.6289e-05
  5.4500e+01 -6.2960e-01 -4.9616e-01 -5.1139e-01 -7.0346e-04 -8.0229e-04 -2.3787e-03  0.0000e+00 -2.8214e-04 -2.7808e-04  2.3302e-03 -2.3832e-05
  5.5500e+01 -6.1526e-01 -4.8480e-01 -4.9904e-01 -5.7738e-04 -6.4071e-04 -2.1811e-03  0.0000e+00 -2.6363e-04 -2.6002e-04  2.1966e-03 -2.1593e-05
  5.6500e+01 -6.0136e-01 -4.7380e-01 -4.8709e-01 -4.6565e-04 -4.9734e-04 -2.0010e-03  0.0000e+00 -2.4653e-04 -2.4333e-04  2.0718e-03 -1.9560e-05
  5.7500e+01 -5.8789e-01 -4.6316e-01 -4.7554e-01 -3.6669e-04 -3.6994e-04 -1.8365e-03  0.0000e+00 -2.3071e-04 -2.2790e-04  1.9552e-03 -1.7717e-05
  5.8500e+01 -5.7483e-01 -4.5286e-01 -4.6435e-01 -2.7909e-04 -2.5651e-04 -1.6863e-03  0.0000e+00 -2.1609e-04 -2.1362e-04  1.8462e-03 -1.6048e-05
  5.9500e+01 -5.6217e-01 -4.4289e-01 -4.5351e-01 -2.0158e-04 -1.5526e-04 -1.5489e-03  0.0000e+00 -2.0257e-04 -2.0040e-04  1.7442e-03 -1.4536e-05
  6.0500e+01 -5.4989e-01 -4.3321e-01 -4.4301e-01 -1.3306e-04 -6.4621e-05 -1.4232e-03  0.0000e+00 -1.9005e-04 -1.8815e-04  1.6486e-03 -1.3166e-05
  6.1500e+01 -5.3796e-01 -4.2382e-01 -4.3283e-01 -7.2529e-05  1.6755e-05 -1.3081e-03  0.0000e+00 -1.7846e-04 -1.7680e-04  1.5591e-03 -1.1922e-05
  6.2500e+01 -5.2636e-01 -4.1471e-01 -4.2296e-01 -1.9129e-05  9.0045e-05 -1.2026e-03  0.0000e+00 -1.6772e-04 -1.6628e-04  1.4753e-03 -1.0791e-05
  6.3500e+01 -5.1508e-01 -4.0584e-01 -4.1339e-01  2.7910e-05  1.5625e-04 -1.1058e-03  0.0000e+00 -1.5777e-04 -1.5651e-04  1.3966e-03 -9.7626e-06
  6.4500e+01 -5.0409e-01 -3.9720e-01 -4.0409e-01  6.9265e-05  2.1620e-04 -1.0169e-03  0.0000e+00 -1.4854e-04 -1.4744e-04  1.3227e-03 -8.8260e-06
  6.5500e+01 -4.9339e-01 -3.8879e-01 -3.9507e-01  1.0554e-04  2.7058e-04 -9.3519e-04  0.0000e+00 -1.3996e-04 -1.3901e-04  1.2534e-03 -7.9728e-06
  6.6500e+01 -4.8296e-01 -3.8059e-01 -3.8631e-01  1.3727e-04  3.1994e-04 -8.6007e-04  0.0000e+00 -1.3198e-04 -1.3115e-04  1.1882e-03 -7.1949e-06
  6.7500e+01 -4.7279e-01 -3.7259e-01 -3.7779e-01  1.6494e-04  3.6466e-04 -7.9094e-04  0.0000e+00 -1.2454e-04 -1.2383e-04  1.1270e-03 -6.4851e-06
  6.8500e+01 -4.6287e-01 -3.6479e-01 -3.6952e-01  1.8897e-04  4.0500e-04 -7.2728e-04  0.0000e+00 -1.1759e-04 -1.1697e-04  1.0693e-03 -5.8365e-06
  6.9500e+01 -4.5319e-01 -3.5718e-01 -3.6148e-01  2.0975e-04  4.4104e-04 -6.6862e-04  0.0000e+00 -1.1107e-04 -1.1054e-04  1.0151e-03 -5.2423e-06
  7.0500e+01 -4.4375e-01 -3.4975e-01 -3.5365e-01  2.2759e-04  4.7275e-04 -6.1455e-04  0.0000e+00 -1.0492e-04 -1.0448e-04  9.6397e-04 -4.6964e-06
  7.1500e+01 -4.3453e-01 -3.4249e-01 -3.4605e-01  2.4281e-04  4.9993e-04 -5.6471e-04  0.0000e+00 -9.9099e-05 -9.8741e-05  9.1582e-04 -4.1924e-06
  7.2500e+01 -4.2553e-01 -3.3541e-01 -3.3865e-01  2.5563e-04  5.2226e-04 -5.1877e-04  0.0000e+00 -9.3540e-05 -9.3257e-05  8.7042e-04 -3.7245e-06
  7.3500e+01 -4.1675e-01 -3.2849e-01 -3.3146e-01  2.6626e-04  5.3924e-04 -4.7642e-04  0.0000e+00 -8.8187e-05 -8.7977e-05  8.2762e-04 -3.2874e-06
  7.4500e+01 -4.0817e-01 -3.2173e-01 -3.2446e-01  2.7488e-04  5.5028e-04 -4.3744e-04  0.0000e+00 -8.2983e-05 -8.2842e-05  7.8727e-04 -2.8758e-06
  7.5500e+01 -3.9979e-01 -3.1512e-01 -3.1766e-01  2.8159e-04  5.5465e-04 -4.0158e-04  0.0000e+00 -7.7867e-05 -7.7793e-05  7.4921e-04 -2.4852e-06
  7.6500e+01 -3.9161e-01 -3.0866e-01 -3.1105e-01  2.8650e-04  5.5152e-04 -3.6867e-04  0.0000e+00 -7.2780e-05 -7.2771e-05  7.1334e-04 -2.1112e-06
  7.7500e+01 -3.8362e-01 -3.0234e-01 -3.0463e-01  2.8965e-04  5.3998e-04 -3.3854e-04  0.0000e+00 -6.7665e-05 -6.7716e-05  6.7953e-04 -1.7499e-06
  7.8500e+01 -3.7582e-01 -2.9617e-01 -2.9839e-01  2.9106e-04  5.1912e-04 -3.1105e-04  0.0000e+00 -6.2466e-05 -6.2575e-05  6.4769e-04 -1.3979e-06
  7.9500e+01 -3.6821e-01 -2.9015e-01 -2.9234e-01  2.9072e-04  4.8801e-04 -2.8608e-04  0.0000e+00 -5.7136e-05 -5.7296e-05  6.1774e-04 -1.0519e-06
  8.0500e+01 -3.6081e-01 -2.8429e-01 -2.8648e-01  2.8861e-04  4.4580e-04 -2.6354e-04  0.0000e+00 -5.1637e-05 -5.1839e-05  5.8958e-04 -7.0924e-07
  8.1500e+01 -3.5362e-01 -2.7858e-01 -2.8081e-01  2.8467e-04  3.9180e-04 -2.4335e-04  0.0000e+00 -4.5940e-05 -4.6174e-05  5.6316e-04 -3.6737e-07
  8.2500e+01 -3.4664e-01 -2.7305e-01 -2.7532e-01  2.7886e-04  3.2554e-04 -2.2544e-04  0.0000e+00 -4.0033e-05 -4.0285e-05  5.3840e-04 -2.4359e-08
  8.3500e+01 -3.3990e-01 -2.6771e-01 -2.7001e-01  2.7112e-04  2.4689e-04 -2.0973e-04  0.0000e+00 -3.3921e-05 -3.4173e-05  5.1524e-04  3.2118e-07
  8.4500e+01 -3.3339e-01 -2.6255e-01 -2.6490e-01  2.6140e-04  1.5610e-04 -1.9618e-04  0.0000e+00 -2.7629e-05 -2.7863e-05  4.9363e-04  6.6995e-07
  8.5500e+01 -3.2713e-01 -2.5760e-01 -2.5996e-01  2.4966e-04  5.3926e-05 -1.8471e-04  0.0000e+00 -2.1203e-05 -2.1400e-05  4.7351e-04  1.0218e-06
  8.6500e+01 -3.2113e-01 -2.5286e-01 -2.5521e-01  2.3592e-04 -5.8323e-05 -1.7527e-04  0.0000e+00 -1.4714e-05 -1.4853e-05  4.5481e-04  1.3758e-06
  8.7500e+01 -3.1538e-01 -2.4832e-01 -2.5064e-01  2.2020e-04 -1.7874e-04 -1.6777e-04  0.0000e+00 -8.2504e-06 -8.3146e-06  4.3746e-04  1.7296e-06
  8.8500e+01 -3.0988e-01 -2.4399e-01 -2.4624e-01  2.0258e-04 -3.0479e-04 -1.6212e-04  0.0000e+00 -1.9247e-06 -1.8995e-06  4.2139e-04  2.0801e-06
  8.9500e+01 -3.0462e-01 -2.3987e-01 -2.4201e-01  1.8321e-04 -4.3339e-04 -1.5820e-04  0.0000e+00  4.1357e-06  4.2592e-06  4.0653e-04  2.4229e-06
  9.0500e+01 -2.9959e-01 -2.3593e-01 -2.3794e-01  1.6227e-04 -5.6091e-04 -1.5590e-04  0.0000e+00  9.7914e-06  1.0015e-05  3.9277e-04  2.7526e-06
  9.1500e+01 -2.9478e-01 -2.3217e-01 -2.3402e-01  1.4001e-04 -6.8335e-04 -1.5504e-04  0.0000e+00  1.4897e-05  1.5216e-05  3.8002e-04  3.0630e-06
  9.2500e+01 -2.9017e-01 -2.2858e-01 -2.3025e-01  1.1672e-04 -7.9646e-04 -1.5546e-04  0.0000e+00  1.9307e-05  1.9709e-05  3.6817e-04  3.3474e-06
  9.3500e+01 -2.8574e-01 -2.2513e-01 -2.2662e-01  9.2769e-05 -8.9595e-04 -1.5695e-04  0.0000e+00  2.2888e-05  2.3352e-05  3.5712e-04  3.5988e-06
  9.4500e+01 -2.8146e-01 -2.2180e-01 -2.2311e-01  6.8545e-05 -9.7772e-04 -1.5928e-04  0.0000e+00  2.5518e-05  2.6021e-05  3.4673e-04  3.8103e-06
  9.5500e+01 -2.7732e-01 -2.1859e-01 -2.1972e-01  4.4477e-05 -1.0380e-03 -1.6223e-04  0.0000e+00  2.7105e-05  2.7615e-05  3.3689e-04  3.9757e-06
  9.6500e+01 -2.7331e-01 -2.1547e-01 -2.1644e-01  2.1010e-05 -1.0739e-03 -1.6554e-04  0.0000e+00  2.7583e-05  2.8071e-05  3.2748e-04  4.0895e-06
  9.7500e+01 -2.6940e-01 -2.1243e-01 -2.1326e-01 -1.4062e-06 -1.0830e-03 -1.6895e-04  0.0000e+00  2.6923e-05  2.7357e-05  3.1840e-04  4.1478e-06
  9.8500e+01 -2.6559e-01 -2.0947e-01 -2.1016e-01 -2.2339e-05 -1.0642e-03 -1.7223e-04  0.0000e+00  2.5136e-05  2.5488e-05  3.0952e-04  4.1484e-06
  9.9500e+01 -2.6186e-01 -2.0656e-01 -2.0716e-01 -4.1383e-05 -1.0174e-03 -1.7513e-04  0.0000e+00  2.2271e-05  2.2516e-05  3.0076e-04  4.0908e-06
  1.0050e+02 -2.5821e-01 -2.0371e-01 -2.0423e-01 -5.8180e-05 -9.4362e-04 -1.7743e-04  0.0000e+00  1.8418e-05  1.8535e-05  2.9204e-04  3.9766e-06
  1.0150e+02 -2.5462e-01 -2.0091e-01 -2.0137e-01 -7.2431e-05 -8.4523e-04 -1.7895e-04  0.0000e+00  1.3699e-05  1.3674e-05  2.8328e-04  3.8093e-06
  1.0250e+02 -2.5111e-01 -1.9815e-01 -1.9858e-01 -8.3908e-05 -7.2549e-04 -1.7951e-04  0.0000e+00  8.2672e-06  8.0928e-06  2.7446e-04  3.5943e-06
  1.0350e+02 -2.4765e-01 -1.9544e-01 -1.9586e-01 -9.2458e-05 -5.8860e-04 -1.7900e-04  0.0000e+00  2.2982e-06  1.9736e-06  2.6553e-04  3.3386e-06
  1.0450e+02 -2.4425e-01 -1.9276e-01 -1.9321e-01 -9.8015e-05 -4.3942e-04 -1.7734e-04  0.0000e+00 -4.0189e-06 -4.4875e-06  2.5649e-04  3.0502e-06
  1.0550e+02 -2.4091e-01 -1.9012e-01 -1.9061e-01 -1.0059e-04 -2.8318e-04 -1.7448e-04  0.0000e+00 -1.0490e-05 -1.1089e-05  2.4734e-04  2.7381e-06
  1.0650e+02 -2.3763e-01 -1.8752e-01 -1.8807e-01 -1.0028e-04 -1.2524e-04 -1.7044e-04  0.0000e+00 -1.6923e-05 -1.7635e-05  2.3809e-04  2.4113e-06
  1.0750e+02 -2.3439e-01 -1.8495e-01 -1.8559e-01 -9.7241e-05  2.9245e-05 -1.6526e-04  0.0000e+00 -2.3140e-05 -2.3939e-05  2.2879e-04  2.0790e-06
  1.0850e+02 -2.3120e-01 -1.8241e-01 -1.8317e-01 -9.1705e-05  1.7558e-04 -1.5902e-04  0.0000e+00 -2.8978e-05 -2.9837e-05  2.1947e-04  1.7494e-06
  1.0950e+02 -2.2806e-01 -1.7990e-01 -1.8079e-01 -8.3948e-05  3.0973e-04 -1.5182e-04  0.0000e+00 -3.4302e-05 -3.5189e-05  2.1018e-04  1.4301e-06
  1.1050e+02 -2.2496e-01 -1.7742e-01 -1.7846e-01 -7.4282e-05  4.2850e-04 -1.4381e-04  0.0000e+00 -3.9002e-05 -3.9886e-05  2.0097e-04  1.1272e-06
  1.1150e+02 -2.2192e-01 -1.7497e-01 -1.7617e-01 -6.3046e-05  5.2962e-04 -1.3514e-04  0.0000e+00 -4.2998e-05 -4.3850e-05  1.9188e-04  8.4552e-07
  1.1250e+02 -2.1892e-01 -1.7257e-01 -1.7392e-01 -5.0589e-05  6.1178e-04 -1.2595e-04  0.0000e+00 -4.6241e-05 -4.7034e-05  1.8297e-04  5.8859e-07
  1.1350e+02 -2.1598e-01 -1.7020e-01 -1.7171e-01 -3.7259e-05  6.7458e-04 -1.1643e-04  0.0000e+00 -4.8710e-05 -4.9422e-05  1.7429e-04  3.5842e-07
  1.1450e+02 -2.1310e-01 -1.6789e-01 -1.6952e-01 -2.3389e-05  7.1844e-04 -1.0672e-04  0.0000e+00 -5.0412e-05 -5.1025e-05  1.6586e-04  1.5585e-07
  1.1550e+02 -2.1027e-01 -1.6562e-01 -1.6735e-01 -9.2934e-06  7.4451e-04 -9.6980e-05  0.0000e+00 -5.1375e-05 -5.1878e-05  1.5773e-04 -1.9325e-08
  1.1650e+02 -2.0751e-01 -1.6341e-01 -1.6520e-01  4.7438e-06  7.5443e-04 -8.7338e-05  0.0000e+00 -5.1649e-05 -5.2035e-05  1.4992e-04 -1.6816e-07
  1.1750e+02 -2.0481e-01 -1.6126e-01 -1.6306e-01  1.8473e-05  7.5025e-04 -7.7917e-05  0.0000e+00 -5.1294e-05 -5.1564e-05  1.4245e-04 -2.9229e-07
  1.1850e+02 -2.0217e-01 -1.5917e-01 -1.6093e-01  3.1680e-05  7.3421e-04 -6.8817e-05  0.0000e+00 -5.0385e-05 -5.0543e-05  1.3533e-04 -3.9372e-07
  1.1950e+02 -1.9958e-01 -1.5713e-01 -1.5881e-01  4.4192e-05  7.0864e-04 -6.0119e-05  0.0000e+00 -4.8999e-05 -4.9053e-05  1.2858e-04 -4.7466e-07
  1.2050e+02 -1.9703e-01 -1.5513e-01 -1.5669e-01  5.5871e-05  6.7580e-04 -5.1886e-05  0.0000e+00 -4.7219e-05 -4.7180e-05  1.2218e-04 -5.3735e-07
  1.2150e+02 -1.9452e-01 -1.5317e-01 -1.5457e-01  6.6620e-05  6.3780e-04 -4.4163e-05  0.0000e+00 -4.5123e-05 -4.5004e-05  1.1615e-04 -5.8396e-07
  1.2250e+02 -1.9203e-01 -1.5123e-01 -1.5245e-01  7.6370e-05  5.9654e-04 -3.6979e-05  0.0000e+00 -4.2789e-05 -4.2604e-05  1.1046e-04 -6.1652e-07
  1.2350e+02 -1.8956e-01 -1.4930e-01 -1.5033e-01  8.5087e-05  5.5363e-04 -3.0346e-05  0.0000e+00 -4.0286e-05 -4.0048e-05  1.0512e-04 -6.3687e-07
  1.2450e+02 -1.8707e-01 -1.4737e-01 -1.4821e-01  9.2761e-05  5.1044e-04 -2.4266e-05  0.0000e+00 -3.7679e-05 -3.7402e-05  1.0010e-04 -6.4666e-07
  1.2550e+02 -1.8457e-01 -1.4543e-01 -1.4609e-01  9.9403e-05  4.6803e-04 -1.8732e-05  0.0000e+00 -3.5022e-05 -3.4718e-05  9.5400e-05 -6.4738e-07
  1.2650e+02 -1.8206e-01 -1.4346e-01 -1.4397e-01  1.0504e-04  4.2721e-04 -1.3725e-05  0.0000e+00 -3.2363e-05 -3.2044e-05  9.0996e-05 -6.4033e-07
  1.2750e+02 -1.7951e-01 -1.4147e-01 -1.4186e-01  1.0973e-04  3.8855e-04 -9.2227e-06  0.0000e+00 -2.9743e-05 -2.9418e-05  8.6874e-05 -6.2670e-07
  1.2850e+02 -1.7694e-01 -1.3945e-01 -1.3975e-01  1.1351e-04  3.5243e-04 -5.1985e-06  0.0000e+00 -2.7191e-05 -2.6869e-05  8.3017e-05 -6.0754e-07
  1.2950e+02 -1.7434e-01 -1.3741e-01 -1.3764e-01  1.1645e-04  3.1904e-04 -1.6221e-06  0.0000e+00 -2.4734e-05 -2.4421e-05  7.9411e-05 -5.8383e-07
  1.3050e+02 -1.7172e-01 -1.3534e-01 -1.3555e-01  1.1861e-04  2.8844e-04  1.5380e-06  0.0000e+00 -2.2389e-05 -2.2091e-05  7.6039e-05 -5.5647e-07
  1.3150e+02 -1.6908e-01 -1.3326e-01 -1.3347e-01  1.2006e-04  2.6062e-04  4.3139e-06  0.0000e+00 -2.0169e-05 -1.9889e-05  7.2885e-05 -5.2629e-07
  1.3250e+02 -1.6645e-01 -1.3117e-01 -1.3139e-01  1.2087e-04  2.3546e-04  6.7374e-06  0.0000e+00 -1.8082e-05 -1.7823e-05  6.9936e-05 -4.9406e-07
  1.3350e+02 -1.6381e-01 -1.2909e-01 -1.2934e-01  1.2111e-04  2.1281e-04  8.8394e-06  0.0000e+00 -1.6132e-05 -1.5895e-05  6.7176e-05 -4.6045e-07
  1.3450e+02 -1.6120e-01 -1.2701e-01 -1.2730e-01  1.2083e-04  1.9249e-04  1.0650e-05  0.0000e+00 -1.4320e-05 -1.4107e-05  6.4594e-05 -4.2609e-07
  1.3550e+02 -1.5860e-01 -1.2496e-01 -1.2528e-01  1.2010e-04  1.7431e-04  1.2196e-05  0.0000e+00 -1.2645e-05 -1.2454e-05  6.2177e-05 -3.9147e-07
  1.3650e+02 -1.5604e-01 -1.2293e-01 -1.2328e-01  1.1898e-04  1.5806e-04  1.3505e-05  0.0000e+00 -1.1102e-05 -1.0935e-05  5.9912e-05 -3.5699e-07
  1.3750e+02 -1.5352e-01 -1.2093e-01 -1.2131e-01  1.1752e-04  1.4354e-04  1.4601e-05  0.0000e+00 -9.6867e-06 -9.5415e-06  5.7790e-05 -3.2292e-07
  1.3850e+02 -1.5103e-01 -1.1897e-01 -1.1935e-01  1.1576e-04  1.3057e-04  1.5507e-05  0.0000e+00 -8.3934e-06 -8.2690e-06  5.5799e-05 -2.8942e-07
  1.3950e+02 -1.4859e-01 -1.1704e-01 -1.1743e-01  1.1377e-04  1.1894e-04  1.6243e-05  0.0000e+00 -7.2150e-06 -7.1102e-06  5.3930e-05 -2.5650e-07
  1.4050e+02 -1.4620e-01 -1.1516e-01 -1.1553e-01  1.1156e-04  1.0849e-04  1.6827e-05  0.0000e+00 -6.1446e-06 -6.0578e-06  5.2175e-05 -2.2406e-07
  1.4150e+02 -1.4385e-01 -1.1331e-01 -1.1365e-01  1.0920e-04  9.9036e-05  1.7279e-05  0.0000e+00 -5.1749e-06 -5.1047e-06  5.0524e-05 -1.9189e-07
  1.4250e+02 -1.4154e-01 -1.1150e-01 -1.1181e-01  1.0670e-04  9.0437e-05  1.7611e-05  0.0000e+00 -4.2987e-06 -4.2435e-06  4.8970e-05 -1.5969e-07
  1.4350e+02 -1.3928e-01 -1.0972e-01 -1.0999e-01  1.0411e-04  8.2564e-05  1.7839e-05  0.0000e+00 -3.5091e-06 -3.4672e-06  4.7505e-05 -1.2716e-07
  1.4450e+02 -1.3705e-01 -1.0798e-01 -1.0820e-01  1.0144e-04  7.5312e-05  1.7975e-05  0.0000e+00 -2.7991e-06 -2.7690e-06  4.6123e-05 -9.3950e-08
  1.4550e+02 -1.3486e-01 -1.0626e-01 -1.0644e-01  9.8727e-05  6.8611e-05  1.8030e-05  0.0000e+00 -2.1622e-06 -2.1424e-06  4.4816e-05 -5.9790e-08
  1.4650e+02 -1.3271e-01 -1.0457e-01 -1.0471e-01  9.5987e-05  6.2423e-05  1.8013e-05  0.0000e+00 -1.5923e-06 -1.5813e-06  4.3580e-05 -2.4482e-08
  1.4750e+02 -1.3059e-01 -1.0291e-01 -1.0301e-01  9.3241e-05  5.6747e-05  1.7935e-05  0.0000e+00 -1.0835e-06 -1.0800e-06  4.2407e-05  1.2041e-08
  1.4850e+02 -1.2850e-01 -1.0127e-01 -1.0134e-01  9.0507e-05  5.1621e-05  1.7803e-05  0.0000e+00 -6.3048e-07 -6.3315e-07  4.1294e-05  4.9688e-08
  1.4950e+02 -1.2645e-01 -9.9660e-02 -9.9696e-02  8.7801e-05  4.7111e-05  1.7625e-05  0.0000e+00 -2.2807e-07 -2.3579e-07  4.0234e-05  8.8195e-08
  1.5050e+02 -1.2442e-01 -9.8069e-02 -9.8085e-02  8.5137e-05  4.3312e-05  1.7407e-05  0.0000e+00  1.2841e-07  1.1666e-07  3.9224e-05  1.2712e-07
  1.5150e+02 -1.2243e-01 -9.6501e-02 -9.6502e-02  8.2530e-05  4.0333e-05  1.7157e-05  0.0000e+00  4.4332e-07  4.2844e-07  3.8259e-05  1.6585e-07
  1.5250e+02 -1.2047e-01 -9.4957e-02 -9.4949e-02  7.9990e-05  3.8292e-05  1.6881e-05  0.0000e+00  7.2065e-07  7.0333e-07  3.7336e-05  2.0363e-07
  1.5350e+02 -1.1854e-01 -9.3437e-02 -9.3425e-02  7.7528e-05  3.7297e-05  1.6584e-05  0.0000e+00  9.6411e-07  9.4491e-07  3.6452e-05  2.3961e-07
  1.5450e+02 -1.1664e-01 -9.1943e-02 -9.1929e-02  7.5153e-05  3.7441e-05  1.6273e-05  0.0000e+00  1.1770e-06  1.1564e-06  3.5603e-05  2.7290e-07
  1.5550e+02 -1.1478e-01 -9.0474e-02 -9.0461e-02  7.2869e-05  3.8785e-05  1.5953e-05  0.0000e+00  1.3625e-06  1.3408e-06  3.4787e-05  3.0258e-07
  1.5650e+02 -1.1295e-01 -8.9033e-02 -8.9022e-02  7.0680e-05  4.1358e-05  1.5629e-05  0.0000e+00  1.5234e-06  1.5009e-06  3.4002e-05  3.2783e-07
  1.5750e+02 -1.1116e-01 -8.7620e-02 -8.7609e-02  6.8586e-05  4.5138e-05  1.5306e-05  0.0000e+00  1.6622e-06  1.6390e-06  3.3246e-05  3.4795e-07
  1.5850e+02 -1.0940e-01 -8.6235e-02 -8.6224e-02  6.6582e-05  5.0060e-05  1.4987e-05  0.0000e+00  1.7812e-06  1.7574e-06  3.2518e-05  3.6239e-07
  1.5950e+02 -1.0768e-01 -8.4879e-02 -8.4865e-02  6.4662e-05  5.6000e-05  1.4678e-05  0.0000e+00  1.8825e-06  1.8583e-06  3.1816e-05  3.7084e-07
  1.6050e+02 -1.0599e-01 -8.3552e-02 -8.3533e-02  6.2815e-05  6.2784e-05  1.4380e-05  0.0000e+00  1.9680e-06  1.9433e-06  3.1139e-05  3.7326e-07
  1.6150e+02 -1.0434e-01 -8.2253e-02 -8.2226e-02  6.1029e-05  7.0182e-05  1.4097e-05  0.0000e+00  2.0393e-06  2.0143e-06  3.0486e-05  3.6988e-07
  1.6250e+02 -1.0272e-01 -8.0982e-02 -8.0945e-02  5.9291e-05  7.7909e-05  1.3830e-05  0.0000e+00  2.0979e-06  2.0728e-06  2.9856e-05  3.6120e-07
  1.6350e+02 -1.0114e-01 -7.9739e-02 -7.9688e-02  5.7584e-05  8.5631e-05  1.3580e-05  0.0000e+00  2.1453e-06  2.1201e-06  2.9247e-05  3.4801e-07
  1.6450e+02 -9.9590e-02 -7.8521e-02 -7.8456e-02  5.5895e-05  9.2969e-05  1.3349e-05  0.0000e+00  2.1826e-06  2.1575e-06  2.8658e-05  3.3135e-07
  1.6550e+02 -9.8071e-02 -7.7328e-02 -7.7247e-02  5.4211e-05  9.9511e-05  1.3134e-05  0.0000e+00  2.2109e-06  2.1860e-06  2.8088e-05  3.1245e-07
  1.6650e+02 -9.6580e-02 -7.6157e-02 -7.6062e-02  5.2522e-05  1.0482e-04  1.2936e-05  0.0000e+00  2.2311e-06  2.2066e-06  2.7534e-05  2.9267e-07
  1.6750e+02 -9.5117e-02 -7.5006e-02 -7.4900e-02  5.0822e-05  1.0847e-04  1.2751e-05  0.0000e+00  2.2443e-06  2.2203e-06  2.6996e-05  2.7344e-07
  1.6850e+02 -9.3678e-02 -7.3875e-02 -7.3760e-02  4.9109e-05  1.1004e-04  1.2576e-05  0.0000e+00  2.2510e-06  2.2277e-06  2.6472e-05  2.5615e-07
  1.6950e+02 -9.2262e-02 -7.2759e-02 -7.2642e-02  4.7386e-05  1.0916e-04  1.2408e-05  0.0000e+00  2.2521e-06  2.2296e-06  2.5959e-05  2.4208e-07
  1.7050e+02 -9.0867e-02 -7.1659e-02 -7.1546e-02  4.5659e-05  1.0556e-04  1.2243e-05  0.0000e+00  2.2481e-06  2.2265e-06  2.5456e-05  2.3229e-07
  1.7150e+02 -8.9490e-02 -7.0572e-02 -7.0470e-02  4.3940e-05  9.9059e-05  1.2075e-05  0.0000e+00  2.2396e-06  2.2190e-06  2.4961e-05  2.2757e-07
  1.7250e+02 -8.8132e-02 -6.9496e-02 -6.9416e-02  4.2242e-05  8.9603e-05  1.1901e-05  0.0000e+00  2.2271e-06  2.2076e-06  2.4473e-05  2.2836e-07
  1.7350e+02 -8.6791e-02 -6.8433e-02 -6.8381e-02  4.0583e-05  7.7298e-05  1.1715e-05  0.0000e+00  2.2112e-06  2.1926e-06  2.3992e-05  2.3470e-07
  1.7450e+02 -8.5467e-02 -6.7382e-02 -6.7366e-02  3.8978e-05  6.2402e-05  1.1512e-05  0.0000e+00  2.1922e-06  2.1746e-06  2.3516e-05  2.4625e-07
  1.7550e+02 -8.4163e-02 -6.6344e-02 -6.6370e-02  3.7445e-05  4.5329e-05  1.1290e-05  0.0000e+00  2.1704e-06  2.1539e-06  2.3046e-05  2.6232e-07
  1.7650e+02 -8.2879e-02 -6.5322e-02 -6.5392e-02  3.5998e-05  2.6627e-05  1.1044e-05  0.0000e+00  2.1464e-06  2.1309e-06  2.2581e-05  2.8187e-07
  1.7750e+02 -8.1618e-02 -6.4318e-02 -6.4433e-02  3.4650e-05  6.9599e-06  1.0774e-05  0.0000e+00  2.1205e-06  2.1058e-06  2.2123e-05  3.0367e-07
  1.7850e+02 -8.0382e-02 -6.3334e-02 -6.3492e-02  3.3409e-05 -1.2935e-05  1.0478e-05  0.0000e+00  2.0929e-06  2.0791e-06  2.1671e-05  3.2633e-07
  1.7950e+02 -7.9176e-02 -6.2375e-02 -6.2568e-02  3.2277e-05 -3.2286e-05  1.0157e-05  0.0000e+00  2.0641e-06  2.0511e-06  2.1227e-05  3.4842e-07
  1.8050e+02 -7.8001e-02 -6.1443e-02 -6.1661e-02  3.1256e-05 -5.0330e-05  9.8123e-06  0.0000e+00  2.0344e-06  2.0220e-06  2.0792e-05  3.6860e-07
  1.8150e+02 -7.6860e-02 -6.0540e-02 -6.0771e-02  3.0341e-05 -6.6359e-05  9.4477e-06  0.0000e+00  2.0040e-06  1.9923e-06  2.0366e-05  3.8571e-07
  1.8250e+02 -7.5753e-02 -5.9667e-02 -5.9897e-02  2.9521e-05 -7.9753e-05  9.0668e-06  0.0000e+00  1.9733e-06  1.9623e-06  1.9951e-05  3.9880e-07
  1.8350e+02 -7.4682e-02 -5.8826e-02 -5.9040e-02  2.8787e-05 -9.0014e-05  8.6746e-06  0.0000e+00  1.9426e-06  1.9321e-06  1.9547e-05  4.0721e-07
  1.8450e+02 -7.3643e-02 -5.8013e-02 -5.8197e-02  2.8124e-05 -9.6786e-05  8.2763e-06  0.0000e+00  1.9122e-06  1.9022e-06  1.9155e-05  4.1060e-07
  1.8550e+02 -7.2635e-02 -5.7227e-02 -5.7370e-02  2.7516e-05 -9.9867e-05  7.8777e-06  0.0000e+00  1.8822e-06  1.8728e-06  1.8774e-05  4.0892e-07
  1.8650e+02 -7.1654e-02 -5.6464e-02 -5.6559e-02  2.6947e-05 -9.9210e-05  7.4847e-06  0.0000e+00  1.8528e-06  1.8441e-06  1.8405e-05  4.0238e-07
  1.8750e+02 -7.0694e-02 -5.5719e-02 -5.5761e-02  2.6403e-05 -9.4923e-05  7.1029e-06  0.0000e+00  1.8243e-06  1.8162e-06  1.8047e-05  3.9142e-07
  1.8850e+02 -6.9750e-02 -5.4986e-02 -5.4978e-02  2.5868e-05 -8.7254e-05  6.7374e-06  0.0000e+00  1.7967e-06  1.7893e-06  1.7699e-05  3.7663e-07
  1.8950e+02 -6.8819e-02 -5.4262e-02 -5.4209e-02  2.5331e-05 -7.6580e-05  6.3929e-06  0.0000e+00  1.7700e-06  1.7633e-06  1.7362e-05  3.5873e-07
  1.9050e+02 -6.7896e-02 -5.3543e-02 -5.3454e-02  2.4781e-05 -6.3387e-05  6.0732e-06  0.0000e+00  1.7443e-06  1.7384e-06  1.7035e-05  3.3848e-07
  1.9150e+02 -6.6977e-02 -5.2825e-02 -5.2713e-02  2.4211e-05 -4.8255e-05  5.7811e-06  0.0000e+00  1.7196e-06  1.7145e-06  1.6716e-05  3.1668e-07
  1.9250e+02 -6.6062e-02 -5.2107e-02 -5.1984e-02  2.3615e-05 -3.1836e-05  5.5188e-06  0.0000e+00  1.6957e-06  1.6913e-06  1.6405e-05  2.9407e-07
  1.9350e+02 -6.5151e-02 -5.1389e-02 -5.1269e-02  2.2990e-05 -1.4836e-05  5.2870e-06  0.0000e+00  1.6726e-06  1.6689e-06  1.6101e-05  2.7139e-07
  1.9450e+02 -6.4245e-02 -5.0673e-02 -5.0566e-02  2.2335e-05  2.0145e-06  5.0857e-06  0.0000e+00  1.6501e-06  1.6470e-06  1.5804e-05  2.4930e-07
  1.9550e+02 -6.3347e-02 -4.9962e-02 -4.9875e-02  2.1651e-05  1.7977e-05  4.9137e-06  0.0000e+00  1.6281e-06  1.6254e-06  1.5512e-05  2.2843e-07
  1.9650e+02 -6.2460e-02 -4.9259e-02 -4.9196e-02  2.0942e-05  3.2338e-05  4.7690e-06  0.0000e+00  1.6064e-06  1.6040e-06  1.5226e-05  2.0932e-07
  1.9750e+02 -6.1589e-02 -4.8568e-02 -4.8529e-02  2.0210e-05  4.4440e-05  4.6485e-06  0.0000e+00  1.5849e-06  1.5826e-06  1.4944e-05  1.9244e-07
  1.9850e+02 -6.0737e-02 -4.7893e-02 -4.7874e-02  1.9462e-05  5.3708e-05  4.5487e-06  0.0000e+00  1.5634e-06  1.5611e-06  1.4666e-05  1.7820e-07
  1.9950e+02 -5.9907e-02 -4.7236e-02 -4.7230e-02  1.8703e-05  5.9690e-05  4.4651e-06  0.0000e+00  1.5419e-06  1.5394e-06  1.4392e-05  1.6691e-07
  2.0050e+02 -5.9100e-02 -4.6600e-02 -4.6597e-02  1.7940e-05  6.2080e-05  4.3931e-06  0.0000e+00  1.5204e-06  1.5174e-06  1.4122e-05  1.5876e-07
  2.0150e+02 -5.8318e-02 -4.5985e-02 -4.5975e-02  1.7181e-05  6.0747e-05  4.3277e-06  0.0000e+00  1.4987e-06  1.4952e-06  1.3854e-05  1.5385e-07
  2.0250e+02 -5.7560e-02 -4.5391e-02 -4.5363e-02  1.6434e-05  5.5758e-05  4.2642e-06  0.0000e+00  1.4771e-06  1.4729e-06  1.3588e-05  1.5212e-07
  2.0350e+02 -5.6824e-02 -4.4816e-02 -4.4762e-02  1.5704e-05  4.7380e-05  4.1980e-06  0.0000e+00  1.4554e-06  1.4505e-06  1.3324e-05  1.5337e-07
  2.0450e+02 -5.6106e-02 -4.4256e-02 -4.4171e-02  1.5002e-05  3.6085e-05  4.1251e-06  0.0000e+00  1.4339e-06  1.4282e-06  1.3063e-05  1.5726e-07
  2.0550e+02 -5.5404e-02 -4.3709e-02 -4.3589e-02  1.4333e-05  2.2527e-05  4.0421e-06  0.0000e+00  1.4127e-06  1.4063e-06  1.2802e-05  1.6330e-07
  2.0650e+02 -5.4713e-02 -4.3171e-02 -4.3018e-02  1.3704e-05  7.5158e-06  3.9466e-06  0.0000e+00  1.3920e-06  1.3848e-06  1.2544e-05  1.7086e-07
  2.0750e+02 -5.4030e-02 -4.2638e-02 -4.2456e-02  1.3124e-05 -8.0295e-06  3.8374e-06  0.0000e+00  1.3720e-06  1.3641e-06  1.2287e-05  1.7921e-07
  2.0850e+02 -5.3351e-02 -4.2107e-02 -4.1903e-02  1.2596e-05 -2.3136e-05  3.7141e-06  0.0000e+00  1.3529e-06  1.3444e-06  1.2031e-05  1.8757e-07
  2.0950e+02 -5.2674e-02 -4.1575e-02 -4.1359e-02  1.2127e-05 -3.6842e-05  3.5776e-06  0.0000e+00  1.3349e-06  1.3258e-06  1.1778e-05  1.9512e-07
  2.1050e+02 -5.1998e-02 -4.1042e-02 -4.0825e-02  1.1718e-05 -4.8264e-05  3.4298e-06  0.0000e+00  1.3181e-06  1.3085e-06  1.1527e-05  2.0110e-07
  2.1150e+02 -5.1323e-02 -4.0507e-02 -4.0299e-02  1.1373e-05 -5.6659e-05  3.2735e-06  0.0000e+00  1.3027e-06  1.2927e-06  1.1279e-05  2.0483e-07
  2.1250e+02 -5.0648e-02 -3.9971e-02 -3.9782e-02  1.1091e-05 -6.1492e-05  3.1122e-06  0.0000e+00  1.2888e-06  1.2785e-06  1.1035e-05  2.0577e-07
  2.1350e+02 -4.9975e-02 -3.9435e-02 -3.9273e-02  1.0871e-05 -6.2474e-05  2.9497e-06  0.0000e+00  1.2764e-06  1.2658e-06  1.0797e-05  2.0357e-07
  2.1450e+02 -4.9307e-02 -3.8901e-02 -3.8772e-02  1.0708e-05 -5.9592e-05  2.7902e-06  0.0000e+00  1.2655e-06  1.2548e-06  1.0565e-05  1.9812e-07
  2.1550e+02 -4.8644e-02 -3.8371e-02 -3.8280e-02  1.0598e-05 -5.3120e-05  2.6374e-06  0.0000e+00  1.2561e-06  1.2452e-06  1.0340e-05  1.8955e-07
  2.1650e+02 -4.7991e-02 -3.7849e-02 -3.7796e-02  1.0531e-05 -4.3599e-05  2.4949e-06  0.0000e+00  1.2481e-06  1.2372e-06  1.0123e-05  1.7821e-07
  2.1750e+02 -4.7349e-02 -3.7335e-02 -3.7320e-02  1.0501e-05 -3.1803e-05  2.3653e-06  0.0000e+00  1.2412e-06  1.2303e-06  9.9152e-06  1.6471e-07
  2.1850e+02 -4.6719e-02 -3.6832e-02 -3.6851e-02  1.0494e-05 -1.8682e-05  2.2506e-06  0.0000e+00  1.2354e-06  1.2245e-06  9.7173e-06  1.4982e-07
  2.1950e+02 -4.6104e-02 -3.6341e-02 -3.6390e-02  1.0502e-05 -5.2836e-06  2.1515e-06  0.0000e+00  1.2303e-06  1.2196e-06  9.5296e-06  1.3446e-07
  2.2050e+02 -4.5503e-02 -3.5863e-02 -3.5937e-02  1.0511e-05  7.3227e-06  2.0680e-06  0.0000e+00  1.2258e-06  1.2152e-06  9.3522e-06  1.1958e-07
  2.2150e+02 -4.4918e-02 -3.5398e-02 -3.5491e-02  1.0512e-05  1.8137e-05  1.9986e-06  0.0000e+00  1.2214e-06  1.2110e-06  9.1848e-06  1.0615e-07
  2.2250e+02 -4.4348e-02 -3.4946e-02 -3.5052e-02  1.0494e-05  2.6308e-05  1.9414e-06  0.0000e+00  1.2170e-06  1.2069e-06  9.0269e-06  9.4992e-08
  2.2350e+02 -4.3793e-02 -3.4508e-02 -3.4620e-02  1.0447e-05  3.1205e-05  1.8935e-06  0.0000e+00  1.2122e-06  1.2024e-06  8.8779e-06  8.6791e-08
  2.2450e+02 -4.3254e-02 -3.4083e-02 -3.4196e-02  1.0365e-05  3.2472e-05  1.8516e-06  0.0000e+00  1.2067e-06  1.1973e-06  8.7367e-06  8.1975e-08
  2.2550e+02 -4.2730e-02 -3.3670e-02 -3.3778e-02  1.0242e-05  3.0054e-05  1.8122e-06  0.0000e+00  1.2003e-06  1.1914e-06  8.6024e-06  8.0697e-08
  2.2650e+02 -4.2220e-02 -3.3271e-02 -3.3367e-02  1.0074e-05  2.4206e-05  1.7719e-06  0.0000e+00  1.1927e-06  1.1844e-06  8.4736e-06  8.2812e-08
  2.2750e+02 -4.1725e-02 -3.2884e-02 -3.2962e-02  9.8599e-06  1.5466e-05  1.7278e-06  0.0000e+00  1.1838e-06  1.1760e-06  8.3493e-06  8.7890e-08
  2.2850e+02 -4.1245e-02 -3.2509e-02 -3.2564e-02  9.5995e-06  4.6172e-06  1.6775e-06  0.0000e+00  1.1734e-06  1.1661e-06  8.2282e-06  9.5247e-08
  2.2950e+02 -4.0778e-02 -3.2147e-02 -3.2173e-02  9.2949e-06 -7.3848e-06  1.6194e-06  0.0000e+00  1.1613e-06  1.1547e-06  8.1092e-06  1.0401e-07
