# Contributions to (1/f^2)(1+xi)sigma^2.
# Order is r [Mpc/h]
# 1, b1, b2, b1^2, b1.b2, b2^2, bs2, beta
# first for sig2_par then for sig2_perp.
  5.0000e-01  4.8924e+01  4.8622e+01  5.6381e+01  6.4992e+01  3.1368e+00  1.0747e+01  0.0000e+00  0.0000e+00  6.7073e-21  3.4277e-19  5.6515e+01  6.4972e+01  3.0329e+00  1.0574e+01  0.0000e+00  0.0000e+00  8.0143e-18  3.4277e-19
  1.5000e+00  6.0425e+01  5.9787e+01  4.9428e+01  5.5696e+01  2.8880e+00  8.9621e+00  0.0000e+00  0.0000e+00  1.0966e-20  3.8431e-19  5.0101e+01  5.5258e+01  2.2906e+00  8.0038e+00  0.0000e+00  0.0000e+00  9.1901e-18  3.8431e-19
  2.5000e+00  2.5222e+01  2.4533e+01  4.1394e+01  4.6255e+01  2.7456e+00  7.5863e+00  0.0000e+00  0.0000e+00  1.7208e-20  4.2746e-19  4.2546e+01  4.4720e+01  1.6111e+00  5.8239e+00  0.0000e+00  0.0000e+00  1.0454e-17  4.2746e-19
  3.5000e+00  2.4501e+01  2.3899e+01  3.4928e+01  3.9094e+01  2.6578e+00  6.6626e+00  0.0000e+00  0.0000e+00  2.5861e-20  4.7189e-19  3.6087e+01  3.6206e+01  1.1178e+00  4.3268e+00  0.0000e+00  0.0000e+00  1.1801e-17  4.7189e-19
  4.5000e+00  2.1483e+01  2.1206e+01  3.0523e+01  3.4061e+01  2.5709e+00  6.0019e+00  0.0000e+00  0.0000e+00  3.7369e-20  5.1727e-19  3.1204e+01  3.0019e+01  7.8645e-01  3.3442e+00  0.0000e+00  0.0000e+00  1.3227e-17  5.1727e-19
  5.5000e+00  2.1042e+01  2.1289e+01  2.7754e+01  3.0456e+01  2.4632e+00  5.4734e+00  0.0000e+00  0.0000e+00  5.2149e-20  5.6322e-19  2.7683e+01  2.5654e+01  5.6757e-01  2.6891e+00  0.0000e+00  0.0000e+00  1.4724e-17  5.6322e-19
  6.5000e+00  2.0561e+01  2.1436e+01  2.6058e+01  2.7720e+01  2.3333e+00  5.0132e+00  0.0000e+00  0.0000e+00  7.0679e-20  6.0943e-19  2.5171e+01  2.2547e+01  4.2102e-01  2.2337e+00  0.0000e+00  0.0000e+00  1.6287e-17  6.0943e-19
  7.5000e+00  2.0326e+01  2.1836e+01  2.5009e+01  2.5526e+01  2.1883e+00  4.5954e+00  0.0000e+00  0.0000e+00  9.3415e-20  6.5554e-19  2.3365e+01  2.0277e+01  3.2021e-01  1.9017e+00  0.0000e+00  0.0000e+00  1.7910e-17  6.5554e-19
  8.5000e+00  2.0125e+01  2.2221e+01  2.4345e+01  2.3703e+01  2.0364e+00  4.2112e+00  0.0000e+00  0.0000e+00  1.2078e-19  7.0122e-19  2.2049e+01  1.8565e+01  2.4878e-01  1.6488e+00  0.0000e+00  0.0000e+00  1.9585e-17  7.0122e-19
  9.5000e+00  1.9974e+01  2.2583e+01  2.3913e+01  2.2164e+01  1.8850e+00  3.8582e+00  0.0000e+00  0.0000e+00  1.5313e-19  7.4612e-19  2.1077e+01  1.7238e+01  1.9679e-01  1.4492e+00  0.0000e+00  0.0000e+00  2.1301e-17  7.4612e-19
  1.0500e+01  1.9854e+01  2.2903e+01  2.3631e+01  2.0854e+01  1.7394e+00  3.5360e+00  0.0000e+00  0.0000e+00  1.9090e-19  7.8992e-19  2.0352e+01  1.6187e+01  1.5807e-01  1.2873e+00  0.0000e+00  0.0000e+00  2.3053e-17  7.8992e-19
  1.1500e+01  1.9764e+01  2.3187e+01  2.3450e+01  1.9735e+01  1.6033e+00  3.2440e+00  0.0000e+00  0.0000e+00  2.3442e-19  8.3230e-19  1.9808e+01  1.5337e+01  1.2870e-01  1.1532e+00  0.0000e+00  0.0000e+00  2.4832e-17  8.3230e-19
  1.2500e+01  1.9701e+01  2.3440e+01  2.3340e+01  1.8773e+01  1.4783e+00  2.9807e+00  0.0000e+00  0.0000e+00  2.8394e-19  8.7296e-19  1.9400e+01  1.4640e+01  1.0608e-01  1.0402e+00  0.0000e+00  0.0000e+00  2.6629e-17  8.7296e-19
  1.3500e+01  1.9664e+01  2.3669e+01  2.3282e+01  1.7938e+01  1.3651e+00  2.7443e+00  0.0000e+00  0.0000e+00  3.3970e-19  9.1164e-19  1.9095e+01  1.4060e+01  8.8406e-02  9.4370e-01  0.0000e+00  0.0000e+00  2.8434e-17  9.1164e-19
  1.4500e+01  1.9650e+01  2.3880e+01  2.3262e+01  1.7204e+01  1.2633e+00  2.5323e+00  0.0000e+00  0.0000e+00  4.0199e-19  9.4811e-19  1.8868e+01  1.3569e+01  7.4422e-02  8.6034e-01  0.0000e+00  0.0000e+00  3.0242e-17  9.4811e-19
  1.5500e+01  1.9657e+01  2.4077e+01  2.3271e+01  1.6550e+01  1.1720e+00  2.3421e+00  0.0000e+00  0.0000e+00  4.7097e-19  9.8209e-19  1.8704e+01  1.3148e+01  6.3218e-02  7.8758e-01  0.0000e+00  0.0000e+00  3.2044e-17  9.8209e-19
  1.6500e+01  1.9683e+01  2.4265e+01  2.3302e+01  1.5958e+01  1.0900e+00  2.1710e+00  0.0000e+00  0.0000e+00  5.4664e-19  1.0134e-18  1.8587e+01  1.2783e+01  5.4131e-02  7.2351e-01  0.0000e+00  0.0000e+00  3.3830e-17  1.0134e-18
  1.7500e+01  1.9724e+01  2.4444e+01  2.3351e+01  1.5416e+01  1.0160e+00  2.0163e+00  0.0000e+00  0.0000e+00  6.2907e-19  1.0418e-18  1.8510e+01  1.2461e+01  4.6675e-02  6.6665e-01  0.0000e+00  0.0000e+00  3.5594e-17  1.0418e-18
  1.8500e+01  1.9779e+01  2.4618e+01  2.3415e+01  1.4916e+01  9.4881e-01  1.8759e+00  0.0000e+00  0.0000e+00  7.1837e-19  1.0670e-18  1.8463e+01  1.2175e+01  4.0488e-02  6.1584e-01  0.0000e+00  0.0000e+00  3.7329e-17  1.0670e-18
  1.9500e+01  1.9845e+01  2.4788e+01  2.3492e+01  1.4453e+01  8.8745e-01  1.7479e+00  0.0000e+00  0.0000e+00  8.1450e-19  1.0890e-18  1.8441e+01  1.1918e+01  3.5303e-02  5.7015e-01  0.0000e+00  0.0000e+00  3.9030e-17  1.0890e-18
  2.0500e+01  1.9920e+01  2.4955e+01  2.3579e+01  1.4024e+01  8.3103e-01  1.6305e+00  0.0000e+00  0.0000e+00  9.1723e-19  1.1077e-18  1.8440e+01  1.1687e+01  3.0919e-02  5.2886e-01  0.0000e+00  0.0000e+00  4.0687e-17  1.1077e-18
  2.1500e+01  2.0003e+01  2.5120e+01  2.3677e+01  1.3627e+01  7.7891e-01  1.5225e+00  0.0000e+00  0.0000e+00  1.0266e-18  1.1227e-18  1.8457e+01  1.1476e+01  2.7183e-02  4.9139e-01  0.0000e+00  0.0000e+00  4.2296e-17  1.1227e-18
  2.2500e+01  2.0091e+01  2.5284e+01  2.3782e+01  1.3260e+01  7.3057e-01  1.4229e+00  0.0000e+00  0.0000e+00  1.1424e-18  1.1341e-18  1.8489e+01  1.1285e+01  2.3979e-02  4.5724e-01  0.0000e+00  0.0000e+00  4.3853e-17  1.1341e-18
  2.3500e+01  2.0184e+01  2.5446e+01  2.3895e+01  1.2922e+01  6.8563e-01  1.3309e+00  0.0000e+00  0.0000e+00  1.2646e-18  1.1417e-18  1.8533e+01  1.1111e+01  2.1218e-02  4.2604e-01  0.0000e+00  0.0000e+00  4.5352e-17  1.1417e-18
  2.4500e+01  2.0281e+01  2.5608e+01  2.4015e+01  1.2611e+01  6.4381e-01  1.2456e+00  0.0000e+00  0.0000e+00  1.3927e-18  1.1455e-18  1.8588e+01  1.0952e+01  1.8826e-02  3.9745e-01  0.0000e+00  0.0000e+00  4.6787e-17  1.1455e-18
  2.5500e+01  2.0382e+01  2.5770e+01  2.4140e+01  1.2326e+01  6.0486e-01  1.1666e+00  0.0000e+00  0.0000e+00  1.5268e-18  1.1454e-18  1.8652e+01  1.0807e+01  1.6748e-02  3.7119e-01  0.0000e+00  0.0000e+00  4.8157e-17  1.1454e-18
  2.6500e+01  2.0485e+01  2.5931e+01  2.4269e+01  1.2064e+01  5.6858e-01  1.0933e+00  0.0000e+00  0.0000e+00  1.6665e-18  1.1412e-18  1.8725e+01  1.0673e+01  1.4935e-02  3.4702e-01  0.0000e+00  0.0000e+00  4.9458e-17  1.1412e-18
  2.7500e+01  2.0591e+01  2.6091e+01  2.4402e+01  1.1823e+01  5.3480e-01  1.0253e+00  0.0000e+00  0.0000e+00  1.8117e-18  1.1331e-18  1.8803e+01  1.0550e+01  1.3350e-02  3.2474e-01  0.0000e+00  0.0000e+00  5.0687e-17  1.1331e-18
  2.8500e+01  2.0699e+01  2.6250e+01  2.4537e+01  1.1602e+01  5.0334e-01  9.6215e-01  0.0000e+00  0.0000e+00  1.9618e-18  1.1210e-18  1.8888e+01  1.0437e+01  1.1961e-02  3.0415e-01  0.0000e+00  0.0000e+00  5.1839e-17  1.1210e-18
  2.9500e+01  2.0810e+01  2.6408e+01  2.4675e+01  1.1397e+01  4.7403e-01  9.0348e-01  0.0000e+00  0.0000e+00  2.1168e-18  1.1051e-18  1.8977e+01  1.0333e+01  1.0739e-02  2.8511e-01  0.0000e+00  0.0000e+00  5.2915e-17  1.1051e-18
  3.0500e+01  2.0921e+01  2.6565e+01  2.4813e+01  1.1208e+01  4.4672e-01  8.4894e-01  0.0000e+00  0.0000e+00  2.2764e-18  1.0853e-18  1.9071e+01  1.0236e+01  9.6610e-03  2.6748e-01  0.0000e+00  0.0000e+00  5.3912e-17  1.0853e-18
  3.1500e+01  2.1034e+01  2.6720e+01  2.4952e+01  1.1032e+01  4.2125e-01  7.9819e-01  0.0000e+00  0.0000e+00  2.4401e-18  1.0618e-18  1.9167e+01  1.0147e+01  8.7086e-03  2.5111e-01  0.0000e+00  0.0000e+00  5.4830e-17  1.0618e-18
  3.2500e+01  2.1148e+01  2.6874e+01  2.5091e+01  1.0869e+01  3.9748e-01  7.5093e-01  0.0000e+00  0.0000e+00  2.6076e-18  1.0348e-18  1.9267e+01  1.0063e+01  7.8646e-03  2.3591e-01  0.0000e+00  0.0000e+00  5.5666e-17  1.0348e-18
  3.3500e+01  2.1263e+01  2.7026e+01  2.5230e+01  1.0718e+01  3.7528e-01  7.0688e-01  0.0000e+00  0.0000e+00  2.7786e-18  1.0047e-18  1.9369e+01  9.9857e+00  7.1148e-03  2.2177e-01  0.0000e+00  0.0000e+00  5.6422e-17  1.0047e-18
  3.4500e+01  2.1378e+01  2.7177e+01  2.5369e+01  1.0577e+01  3.5452e-01  6.6578e-01  0.0000e+00  0.0000e+00  2.9526e-18  9.7233e-19  1.9472e+01  9.9133e+00  6.4471e-03  2.0860e-01  0.0000e+00  0.0000e+00  5.7097e-17  9.7233e-19
  3.5500e+01  2.1493e+01  2.7325e+01  2.5507e+01  1.0446e+01  3.3510e-01  6.2741e-01  0.0000e+00  0.0000e+00  3.1288e-18  9.3854e-19  1.9578e+01  9.8456e+00  5.8513e-03  1.9633e-01  0.0000e+00  0.0000e+00  5.7691e-17  9.3854e-19
  3.6500e+01  2.1609e+01  2.7472e+01  2.5644e+01  1.0324e+01  3.1691e-01  5.9155e-01  0.0000e+00  0.0000e+00  3.3066e-18  9.0422e-19  1.9684e+01  9.7823e+00  5.3184e-03  1.8488e-01  0.0000e+00  0.0000e+00  5.8204e-17  9.0422e-19
  3.7500e+01  2.1724e+01  2.7617e+01  2.5780e+01  1.0210e+01  2.9986e-01  5.5801e-01  0.0000e+00  0.0000e+00  3.4855e-18  8.7017e-19  1.9791e+01  9.7230e+00  4.8410e-03  1.7418e-01  0.0000e+00  0.0000e+00  5.8638e-17  8.7017e-19
  3.8500e+01  2.1839e+01  2.7759e+01  2.5915e+01  1.0104e+01  2.8387e-01  5.2663e-01  0.0000e+00  0.0000e+00  3.6648e-18  8.3754e-19  1.9899e+01  9.6675e+00  4.4124e-03  1.6418e-01  0.0000e+00  0.0000e+00  5.8995e-17  8.3754e-19
  3.9500e+01  2.1954e+01  2.7900e+01  2.6048e+01  1.0006e+01  2.6886e-01  4.9724e-01  0.0000e+00  0.0000e+00  3.8425e-18  8.0998e-19  2.0007e+01  9.6154e+00  4.0270e-03  1.5482e-01  0.0000e+00  0.0000e+00  5.9275e-17  8.0998e-19
  4.0500e+01  2.2068e+01  2.8038e+01  2.6180e+01  9.9141e+00  2.5476e-01  4.6969e-01  0.0000e+00  0.0000e+00  4.0162e-18  7.9229e-19  2.0116e+01  9.5666e+00  3.6799e-03  1.4606e-01  0.0000e+00  0.0000e+00  5.9483e-17  7.9229e-19
  4.1500e+01  2.2182e+01  2.8173e+01  2.6309e+01  9.8286e+00  2.4152e-01  4.4387e-01  0.0000e+00  0.0000e+00  4.1833e-18  7.8924e-19  2.0224e+01  9.5206e+00  3.3667e-03  1.3785e-01  0.0000e+00  0.0000e+00  5.9623e-17  7.8924e-19
  4.2500e+01  2.2295e+01  2.8305e+01  2.6436e+01  9.7490e+00  2.2907e-01  4.1964e-01  0.0000e+00  0.0000e+00  4.3407e-18  8.0593e-19  2.0332e+01  9.4774e+00  3.0838e-03  1.3015e-01  0.0000e+00  0.0000e+00  5.9698e-17  8.0593e-19
  4.3500e+01  2.2406e+01  2.8434e+01  2.6560e+01  9.6747e+00  2.1737e-01  3.9690e-01  0.0000e+00  0.0000e+00  4.4845e-18  8.4880e-19  2.0440e+01  9.4368e+00  2.8279e-03  1.2292e-01  0.0000e+00  0.0000e+00  5.9712e-17  8.4880e-19
  4.4500e+01  2.2517e+01  2.8560e+01  2.6681e+01  9.6053e+00  2.0635e-01  3.7554e-01  0.0000e+00  0.0000e+00  4.6118e-18  9.2196e-19  2.0547e+01  9.3985e+00  2.5961e-03  1.1613e-01  0.0000e+00  0.0000e+00  5.9669e-17  9.2196e-19
  4.5500e+01  2.2626e+01  2.8683e+01  2.6799e+01  9.5406e+00  1.9597e-01  3.5547e-01  0.0000e+00  0.0000e+00  4.7195e-18  1.0260e-18  2.0653e+01  9.3624e+00  2.3857e-03  1.0976e-01  0.0000e+00  0.0000e+00  5.9577e-17  1.0260e-18
  4.6500e+01  2.2734e+01  2.8802e+01  2.6914e+01  9.4801e+00  1.8620e-01  3.3660e-01  0.0000e+00  0.0000e+00  4.8042e-18  1.1586e-18  2.0758e+01  9.3283e+00  2.1947e-03  1.0376e-01  0.0000e+00  0.0000e+00  5.9444e-17  1.1586e-18
  4.7500e+01  2.2841e+01  2.8917e+01  2.7026e+01  9.4235e+00  1.7699e-01  3.1884e-01  0.0000e+00  0.0000e+00  4.8613e-18  1.3178e-18  2.0862e+01  9.2961e+00  2.0209e-03  9.8117e-02  0.0000e+00  0.0000e+00  5.9278e-17  1.3178e-18
  4.8500e+01  2.2946e+01  2.9030e+01  2.7135e+01  9.3706e+00  1.6830e-01  3.0213e-01  0.0000e+00  0.0000e+00  4.8889e-18  1.4996e-18  2.0965e+01  9.2657e+00  1.8627e-03  9.2804e-02  0.0000e+00  0.0000e+00  5.9089e-17  1.4996e-18
  4.9500e+01  2.3050e+01  2.9139e+01  2.7241e+01  9.3212e+00  1.6010e-01  2.8639e-01  0.0000e+00  0.0000e+00  4.8839e-18  1.7014e-18  2.1066e+01  9.2369e+00  1.7184e-03  8.7800e-02  0.0000e+00  0.0000e+00  5.8884e-17  1.7014e-18
  5.0500e+01  2.3153e+01  2.9245e+01  2.7344e+01  9.2749e+00  1.5236e-01  2.7156e-01  0.0000e+00  0.0000e+00  4.8433e-18  1.9200e-18  2.1167e+01  9.2097e+00  1.5868e-03  8.3083e-02  0.0000e+00  0.0000e+00  5.8673e-17  1.9200e-18
  5.1500e+01  2.3254e+01  2.9348e+01  2.7444e+01  9.2316e+00  1.4505e-01  2.5758e-01  0.0000e+00  0.0000e+00  4.7676e-18  2.1492e-18  2.1266e+01  9.1839e+00  1.4665e-03  7.8635e-02  0.0000e+00  0.0000e+00  5.8463e-17  2.1492e-18
  5.2500e+01  2.3354e+01  2.9449e+01  2.7542e+01  9.1910e+00  1.3815e-01  2.4440e-01  0.0000e+00  0.0000e+00  4.6630e-18  2.3806e-18  2.1364e+01  9.1595e+00  1.3565e-03  7.4438e-02  0.0000e+00  0.0000e+00  5.8259e-17  2.3806e-18
  5.3500e+01  2.3452e+01  2.9547e+01  2.7637e+01  9.1530e+00  1.3162e-01  2.3196e-01  0.0000e+00  0.0000e+00  4.5346e-18  2.6056e-18  2.1461e+01  9.1364e+00  1.2558e-03  7.0475e-02  0.0000e+00  0.0000e+00  5.8067e-17  2.6056e-18
  5.4500e+01  2.3549e+01  2.9642e+01  2.7730e+01  9.1175e+00  1.2544e-01  2.2021e-01  0.0000e+00  0.0000e+00  4.3877e-18  2.8148e-18  2.1557e+01  9.1145e+00  1.1635e-03  6.6732e-02  0.0000e+00  0.0000e+00  5.7895e-17  2.8148e-18
  5.5500e+01  2.3645e+01  2.9736e+01  2.7821e+01  9.0841e+00  1.1960e-01  2.0912e-01  0.0000e+00  0.0000e+00  4.2282e-18  2.9986e-18  2.1652e+01  9.0936e+00  1.0788e-03  6.3194e-02  0.0000e+00  0.0000e+00  5.7749e-17  2.9986e-18
  5.6500e+01  2.3740e+01  2.9827e+01  2.7910e+01  9.0528e+00  1.1407e-01  1.9863e-01  0.0000e+00  0.0000e+00  4.0620e-18  3.1489e-18  2.1746e+01  9.0738e+00  1.0010e-03  5.9848e-02  0.0000e+00  0.0000e+00  5.7633e-17  3.1489e-18
  5.7500e+01  2.3834e+01  2.9916e+01  2.7997e+01  9.0235e+00  1.0883e-01  1.8872e-01  0.0000e+00  0.0000e+00  3.8940e-18  3.2611e-18  2.1838e+01  9.0551e+00  9.2954e-04  5.6682e-02  0.0000e+00  0.0000e+00  5.7549e-17  3.2611e-18
  5.8500e+01  2.3926e+01  3.0003e+01  2.8082e+01  8.9960e+00  1.0387e-01  1.7934e-01  0.0000e+00  0.0000e+00  3.7291e-18  3.3342e-18  2.1930e+01  9.0372e+00  8.6379e-04  5.3685e-02  0.0000e+00  0.0000e+00  5.7496e-17  3.3342e-18
  5.9500e+01  2.4018e+01  3.0089e+01  2.8165e+01  8.9701e+00  9.9162e-02  1.7047e-01  0.0000e+00  0.0000e+00  3.5718e-18  3.3690e-18  2.2021e+01  9.0202e+00  8.0326e-04  5.0845e-02  0.0000e+00  0.0000e+00  5.7471e-17  3.3690e-18
  6.0500e+01  2.4108e+01  3.0172e+01  2.8247e+01  8.9459e+00  9.4701e-02  1.6207e-01  0.0000e+00  0.0000e+00  3.4261e-18  3.3669e-18  2.2110e+01  9.0040e+00  7.4747e-04  4.8154e-02  0.0000e+00  0.0000e+00  5.7471e-17  3.3669e-18
  6.1500e+01  2.4197e+01  3.0254e+01  2.8327e+01  8.9230e+00  9.0469e-02  1.5411e-01  0.0000e+00  0.0000e+00  3.2962e-18  3.3281e-18  2.2199e+01  8.9886e+00  6.9603e-04  4.5600e-02  0.0000e+00  0.0000e+00  5.7492e-17  3.3281e-18
  6.2500e+01  2.4285e+01  3.0335e+01  2.8406e+01  8.9016e+00  8.6453e-02  1.4656e-01  0.0000e+00  0.0000e+00  3.1870e-18  3.2521e-18  2.2287e+01  8.9739e+00  6.4854e-04  4.3176e-02  0.0000e+00  0.0000e+00  5.7535e-17  3.2521e-18
  6.3500e+01  2.4372e+01  3.0414e+01  2.8483e+01  8.8814e+00  8.2639e-02  1.3940e-01  0.0000e+00  0.0000e+00  3.1000e-18  3.1406e-18  2.2373e+01  8.9599e+00  6.0467e-04  4.0874e-02  0.0000e+00  0.0000e+00  5.7593e-17  3.1406e-18
  6.4500e+01  2.4459e+01  3.0491e+01  2.8559e+01  8.8624e+00  7.9017e-02  1.3261e-01  0.0000e+00  0.0000e+00  3.0341e-18  2.9962e-18  2.2459e+01  8.9466e+00  5.6411e-04  3.8686e-02  0.0000e+00  0.0000e+00  5.7663e-17  2.9962e-18
  6.5500e+01  2.4544e+01  3.0568e+01  2.8634e+01  8.8446e+00  7.5574e-02  1.2617e-01  0.0000e+00  0.0000e+00  2.9888e-18  2.8210e-18  2.2544e+01  8.9339e+00  5.2659e-04  3.6604e-02  0.0000e+00  0.0000e+00  5.7737e-17  2.8210e-18
  6.6500e+01  2.4629e+01  3.0643e+01  2.8708e+01  8.8277e+00  7.2302e-02  1.2004e-01  0.0000e+00  0.0000e+00  2.9646e-18  2.6167e-18  2.2628e+01  8.9217e+00  4.9185e-04  3.4623e-02  0.0000e+00  0.0000e+00  5.7814e-17  2.6167e-18
  6.7500e+01  2.4712e+01  3.0716e+01  2.8780e+01  8.8119e+00  6.9190e-02  1.1422e-01  0.0000e+00  0.0000e+00  2.9603e-18  2.3866e-18  2.2712e+01  8.9101e+00  4.5966e-04  3.2736e-02  0.0000e+00  0.0000e+00  5.7885e-17  2.3866e-18
  6.8500e+01  2.4795e+01  3.0789e+01  2.8851e+01  8.7969e+00  6.6229e-02  1.0869e-01  0.0000e+00  0.0000e+00  2.9756e-18  2.1335e-18  2.2794e+01  8.8990e+00  4.2982e-04  3.0938e-02  0.0000e+00  0.0000e+00  5.7945e-17  2.1335e-18
  6.9500e+01  2.4877e+01  3.0859e+01  2.8920e+01  8.7828e+00  6.3410e-02  1.0342e-01  0.0000e+00  0.0000e+00  3.0102e-18  1.8631e-18  2.2876e+01  8.8883e+00  4.0212e-04  2.9224e-02  0.0000e+00  0.0000e+00  5.7991e-17  1.8631e-18
  7.0500e+01  2.4957e+01  3.0929e+01  2.8988e+01  8.7695e+00  6.0727e-02  9.8414e-02  0.0000e+00  0.0000e+00  3.0640e-18  1.5860e-18  2.2956e+01  8.8782e+00  3.7641e-04  2.7591e-02  0.0000e+00  0.0000e+00  5.8019e-17  1.5860e-18
  7.1500e+01  2.5037e+01  3.0996e+01  2.9055e+01  8.7569e+00  5.8171e-02  9.3648e-02  0.0000e+00  0.0000e+00  3.1349e-18  1.3133e-18  2.3036e+01  8.8685e+00  3.5251e-04  2.6033e-02  0.0000e+00  0.0000e+00  5.8025e-17  1.3133e-18
  7.2500e+01  2.5116e+01  3.1063e+01  2.9120e+01  8.7451e+00  5.5735e-02  8.9113e-02  0.0000e+00  0.0000e+00  3.2221e-18  1.0560e-18  2.3114e+01  8.8592e+00  3.3030e-04  2.4549e-02  0.0000e+00  0.0000e+00  5.8007e-17  1.0560e-18
  7.3500e+01  2.5194e+01  3.1127e+01  2.9183e+01  8.7340e+00  5.3413e-02  8.4799e-02  0.0000e+00  0.0000e+00  3.3245e-18  8.2635e-19  2.3192e+01  8.8503e+00  3.0963e-04  2.3137e-02  0.0000e+00  0.0000e+00  5.7961e-17  8.2635e-19
  7.4500e+01  2.5270e+01  3.1190e+01  2.9245e+01  8.7235e+00  5.1199e-02  8.0696e-02  0.0000e+00  0.0000e+00  3.4411e-18  6.3760e-19  2.3268e+01  8.8418e+00  2.9040e-04  2.1795e-02  0.0000e+00  0.0000e+00  5.7884e-17  6.3760e-19
  7.5500e+01  2.5346e+01  3.1251e+01  2.9305e+01  8.7137e+00  4.9087e-02  7.6799e-02  0.0000e+00  0.0000e+00  3.5703e-18  4.9206e-19  2.3344e+01  8.8338e+00  2.7248e-04  2.0523e-02  0.0000e+00  0.0000e+00  5.7774e-17  4.9206e-19
  7.6500e+01  2.5420e+01  3.1310e+01  2.9363e+01  8.7046e+00  4.7073e-02  7.3102e-02  0.0000e+00  0.0000e+00  3.7113e-18  3.7956e-19  2.3419e+01  8.8261e+00  2.5578e-04  1.9321e-02  0.0000e+00  0.0000e+00  5.7630e-17  3.7956e-19
  7.7500e+01  2.5494e+01  3.1368e+01  2.9420e+01  8.6961e+00  4.5151e-02  6.9602e-02  0.0000e+00  0.0000e+00  3.8632e-18  2.8799e-19  2.3492e+01  8.8187e+00  2.4021e-04  1.8192e-02  0.0000e+00  0.0000e+00  5.7451e-17  2.8799e-19
  7.8500e+01  2.5566e+01  3.1424e+01  2.9475e+01  8.6884e+00  4.3316e-02  6.6296e-02  0.0000e+00  0.0000e+00  4.0250e-18  2.0388e-19  2.3564e+01  8.8118e+00  2.2569e-04  1.7138e-02  0.0000e+00  0.0000e+00  5.7237e-17  2.0388e-19
  7.9500e+01  2.5638e+01  3.1478e+01  2.9528e+01  8.6813e+00  4.1566e-02  6.3186e-02  0.0000e+00  0.0000e+00  4.1952e-18  1.1367e-19  2.3636e+01  8.8053e+00  2.1214e-04  1.6163e-02  0.0000e+00  0.0000e+00  5.6988e-17  1.1367e-19
  8.0500e+01  2.5708e+01  3.1532e+01  2.9581e+01  8.6749e+00  3.9895e-02  6.0271e-02  0.0000e+00  0.0000e+00  4.3723e-18  4.3458e-21  2.3706e+01  8.7991e+00  1.9949e-04  1.5270e-02  0.0000e+00  0.0000e+00  5.6702e-17  4.3458e-21
  8.1500e+01  2.5778e+01  3.1583e+01  2.9631e+01  8.6693e+00  3.8301e-02  5.7556e-02  0.0000e+00  0.0000e+00  4.5550e-18 -1.3202e-19  2.3776e+01  8.7934e+00  1.8768e-04  1.4466e-02  0.0000e+00  0.0000e+00  5.6381e-17 -1.3202e-19
  8.2500e+01  2.5846e+01  3.1634e+01  2.9681e+01  8.6645e+00  3.6780e-02  5.5043e-02  0.0000e+00  0.0000e+00  4.7422e-18 -2.8802e-19  2.3845e+01  8.7880e+00  1.7665e-04  1.3755e-02  0.0000e+00  0.0000e+00  5.6023e-17 -2.8802e-19
  8.3500e+01  2.5914e+01  3.1683e+01  2.9729e+01  8.6605e+00  3.5330e-02  5.2736e-02  0.0000e+00  0.0000e+00  4.9331e-18 -4.5404e-19  2.3912e+01  8.7831e+00  1.6635e-04  1.3143e-02  0.0000e+00  0.0000e+00  5.5632e-17 -4.5404e-19
  8.4500e+01  2.5980e+01  3.1731e+01  2.9777e+01  8.6574e+00  3.3948e-02  5.0641e-02  0.0000e+00  0.0000e+00  5.1268e-18 -6.2081e-19  2.3979e+01  8.7786e+00  1.5673e-04  1.2637e-02  0.0000e+00  0.0000e+00  5.5208e-17 -6.2081e-19
  8.5500e+01  2.6046e+01  3.1779e+01  2.9823e+01  8.6551e+00  3.2633e-02  4.8760e-02  0.0000e+00  0.0000e+00  5.3220e-18 -7.7815e-19  2.4045e+01  8.7746e+00  1.4775e-04  1.2240e-02  0.0000e+00  0.0000e+00  5.4752e-17 -7.7815e-19
  8.6500e+01  2.6111e+01  3.1825e+01  2.9869e+01  8.6538e+00  3.1381e-02  4.7096e-02  0.0000e+00  0.0000e+00  5.5176e-18 -9.1678e-19  2.4110e+01  8.7710e+00  1.3937e-04  1.1958e-02  0.0000e+00  0.0000e+00  5.4265e-17 -9.1678e-19
  8.7500e+01  2.6175e+01  3.1870e+01  2.9913e+01  8.6535e+00  3.0191e-02  4.5651e-02  0.0000e+00  0.0000e+00  5.7124e-18 -1.0302e-18  2.4175e+01  8.7679e+00  1.3154e-04  1.1793e-02  0.0000e+00  0.0000e+00  5.3749e-17 -1.0302e-18
  8.8500e+01  2.6238e+01  3.1915e+01  2.9957e+01  8.6540e+00  2.9062e-02  4.4422e-02  0.0000e+00  0.0000e+00  5.9057e-18 -1.1180e-18  2.4238e+01  8.7652e+00  1.2424e-04  1.1746e-02  0.0000e+00  0.0000e+00  5.3205e-17 -1.1180e-18
  8.9500e+01  2.6300e+01  3.1959e+01  3.0001e+01  8.6555e+00  2.7992e-02  4.3406e-02  0.0000e+00  0.0000e+00  6.0961e-18 -1.1804e-18  2.4301e+01  8.7629e+00  1.1744e-04  1.1814e-02  0.0000e+00  0.0000e+00  5.2634e-17 -1.1804e-18
  9.0500e+01  2.6362e+01  3.2002e+01  3.0043e+01  8.6578e+00  2.6978e-02  4.2594e-02  0.0000e+00  0.0000e+00  6.2830e-18 -1.2200e-18  2.4364e+01  8.7611e+00  1.1110e-04  1.1994e-02  0.0000e+00  0.0000e+00  5.2040e-17 -1.2200e-18
  9.1500e+01  2.6423e+01  3.2045e+01  3.0085e+01  8.6609e+00  2.6020e-02  4.1975e-02  0.0000e+00  0.0000e+00  6.4656e-18 -1.2383e-18  2.4425e+01  8.7596e+00  1.0519e-04  1.2279e-02  0.0000e+00  0.0000e+00  5.1423e-17 -1.2383e-18
  9.2500e+01  2.6483e+01  3.2087e+01  3.0126e+01  8.6648e+00  2.5116e-02  4.1533e-02  0.0000e+00  0.0000e+00  6.6428e-18 -1.2364e-18  2.4486e+01  8.7585e+00  9.9693e-05  1.2657e-02  0.0000e+00  0.0000e+00  5.0785e-17 -1.2364e-18
  9.3500e+01  2.6542e+01  3.2128e+01  3.0167e+01  8.6692e+00  2.4265e-02  4.1248e-02  0.0000e+00  0.0000e+00  6.8133e-18 -1.2165e-18  2.4546e+01  8.7577e+00  9.4578e-05  1.3116e-02  0.0000e+00  0.0000e+00  5.0128e-17 -1.2165e-18
  9.4500e+01  2.6601e+01  3.2169e+01  3.0207e+01  8.6741e+00  2.3463e-02  4.1099e-02  0.0000e+00  0.0000e+00  6.9773e-18 -1.1855e-18  2.4606e+01  8.7572e+00  8.9820e-05  1.3640e-02  0.0000e+00  0.0000e+00  4.9454e-17 -1.1855e-18
  9.5500e+01  2.6658e+01  3.2209e+01  3.0247e+01  8.6792e+00  2.2710e-02  4.1058e-02  0.0000e+00  0.0000e+00  7.1343e-18 -1.1503e-18  2.4664e+01  8.7569e+00  8.5397e-05  1.4210e-02  0.0000e+00  0.0000e+00  4.8764e-17 -1.1503e-18
  9.6500e+01  2.6716e+01  3.2249e+01  3.0286e+01  8.6846e+00  2.2003e-02  4.1096e-02  0.0000e+00  0.0000e+00  7.2840e-18 -1.1177e-18  2.4723e+01  8.7568e+00  8.1284e-05  1.4805e-02  0.0000e+00  0.0000e+00  4.8060e-17 -1.1177e-18
  9.7500e+01  2.6772e+01  3.2288e+01  3.0325e+01  8.6898e+00  2.1339e-02  4.1184e-02  0.0000e+00  0.0000e+00  7.4261e-18 -1.0949e-18  2.4780e+01  8.7567e+00  7.7460e-05  1.5406e-02  0.0000e+00  0.0000e+00  4.7344e-17 -1.0949e-18
  9.8500e+01  2.6828e+01  3.2326e+01  3.0362e+01  8.6949e+00  2.0717e-02  4.1289e-02  0.0000e+00  0.0000e+00  7.5608e-18 -1.0882e-18  2.4836e+01  8.7566e+00  7.3901e-05  1.5988e-02  0.0000e+00  0.0000e+00  4.6617e-17 -1.0882e-18
  9.9500e+01  2.6883e+01  3.2363e+01  3.0399e+01  8.6996e+00  2.0132e-02  4.1381e-02  0.0000e+00  0.0000e+00  7.6878e-18 -1.1020e-18  2.4892e+01  8.7564e+00  7.0588e-05  1.6530e-02  0.0000e+00  0.0000e+00  4.5881e-17 -1.1020e-18
  1.0050e+02  2.6937e+01  3.2400e+01  3.0435e+01  8.7038e+00  1.9583e-02  4.1429e-02  0.0000e+00  0.0000e+00  7.8066e-18 -1.1344e-18  2.4947e+01  8.7562e+00  6.7498e-05  1.7011e-02  0.0000e+00  0.0000e+00  4.5138e-17 -1.1344e-18
  1.0150e+02  2.6990e+01  3.2436e+01  3.0471e+01  8.7073e+00  1.9067e-02  4.1406e-02  0.0000e+00  0.0000e+00  7.9171e-18 -1.1806e-18  2.5001e+01  8.7557e+00  6.4613e-05  1.7412e-02  0.0000e+00  0.0000e+00  4.4388e-17 -1.1806e-18
  1.0250e+02  2.7043e+01  3.2470e+01  3.0505e+01  8.7100e+00  1.8579e-02  4.1286e-02  0.0000e+00  0.0000e+00  8.0193e-18 -1.2357e-18  2.5054e+01  8.7551e+00  6.1912e-05  1.7715e-02  0.0000e+00  0.0000e+00  4.3634e-17 -1.2357e-18
  1.0350e+02  2.7094e+01  3.2504e+01  3.0538e+01  8.7117e+00  1.8118e-02  4.1050e-02  0.0000e+00  0.0000e+00  8.1128e-18 -1.2954e-18  2.5106e+01  8.7541e+00  5.9379e-05  1.7906e-02  0.0000e+00  0.0000e+00  4.2877e-17 -1.2954e-18
  1.0450e+02  2.7145e+01  3.2536e+01  3.0570e+01  8.7126e+00  1.7680e-02  4.0679e-02  0.0000e+00  0.0000e+00  8.1973e-18 -1.3552e-18  2.5157e+01  8.7529e+00  5.6995e-05  1.7975e-02  0.0000e+00  0.0000e+00  4.2118e-17 -1.3552e-18
  1.0550e+02  2.7195e+01  3.2567e+01  3.0601e+01  8.7124e+00  1.7261e-02  4.0163e-02  0.0000e+00  0.0000e+00  8.2727e-18 -1.4111e-18  2.5207e+01  8.7513e+00  5.4745e-05  1.7915e-02  0.0000e+00  0.0000e+00  4.1357e-17 -1.4111e-18
  1.0650e+02  2.7244e+01  3.2597e+01  3.0631e+01  8.7113e+00  1.6860e-02  3.9494e-02  0.0000e+00  0.0000e+00  8.3393e-18 -1.4607e-18  2.5257e+01  8.7495e+00  5.2614e-05  1.7721e-02  0.0000e+00  0.0000e+00  4.0597e-17 -1.4607e-18
  1.0750e+02  2.7293e+01  3.2627e+01  3.0660e+01  8.7092e+00  1.6473e-02  3.8671e-02  0.0000e+00  0.0000e+00  8.3975e-18 -1.5022e-18  2.5305e+01  8.7472e+00  5.0590e-05  1.7395e-02  0.0000e+00  0.0000e+00  3.9838e-17 -1.5022e-18
  1.0850e+02  2.7340e+01  3.2655e+01  3.0688e+01  8.7061e+00  1.6098e-02  3.7698e-02  0.0000e+00  0.0000e+00  8.4470e-18 -1.5332e-18  2.5353e+01  8.7447e+00  4.8660e-05  1.6940e-02  0.0000e+00  0.0000e+00  3.9081e-17 -1.5332e-18
  1.0950e+02  2.7387e+01  3.2682e+01  3.0715e+01  8.7022e+00  1.5732e-02  3.6580e-02  0.0000e+00  0.0000e+00  8.4885e-18 -1.5524e-18  2.5399e+01  8.7419e+00  4.6815e-05  1.6365e-02  0.0000e+00  0.0000e+00  3.8328e-17 -1.5524e-18
  1.1050e+02  2.7433e+01  3.2708e+01  3.0741e+01  8.6976e+00  1.5375e-02  3.5332e-02  0.0000e+00  0.0000e+00  8.5225e-18 -1.5583e-18  2.5445e+01  8.7388e+00  4.5044e-05  1.5679e-02  0.0000e+00  0.0000e+00  3.7579e-17 -1.5583e-18
  1.1150e+02  2.7479e+01  3.2734e+01  3.0766e+01  8.6923e+00  1.5023e-02  3.3966e-02  0.0000e+00  0.0000e+00  8.5492e-18 -1.5496e-18  2.5490e+01  8.7355e+00  4.3340e-05  1.4895e-02  0.0000e+00  0.0000e+00  3.6834e-17 -1.5496e-18
  1.1250e+02  2.7523e+01  3.2759e+01  3.0791e+01  8.6865e+00  1.4676e-02  3.2502e-02  0.0000e+00  0.0000e+00  8.5684e-18 -1.5267e-18  2.5535e+01  8.7319e+00  4.1697e-05  1.4028e-02  0.0000e+00  0.0000e+00  3.6095e-17 -1.5267e-18
  1.1350e+02  2.7568e+01  3.2784e+01  3.0815e+01  8.6803e+00  1.4333e-02  3.0958e-02  0.0000e+00  0.0000e+00  8.5807e-18 -1.4925e-18  2.5578e+01  8.7283e+00  4.0110e-05  1.3095e-02  0.0000e+00  0.0000e+00  3.5362e-17 -1.4925e-18
  1.1450e+02  2.7611e+01  3.2808e+01  3.0839e+01  8.6738e+00  1.3992e-02  2.9355e-02  0.0000e+00  0.0000e+00  8.5862e-18 -1.4488e-18  2.5622e+01  8.7245e+00  3.8573e-05  1.2111e-02  0.0000e+00  0.0000e+00  3.4636e-17 -1.4488e-18
  1.1550e+02  2.7655e+01  3.2832e+01  3.0863e+01  8.6671e+00  1.3654e-02  2.7714e-02  0.0000e+00  0.0000e+00  8.5850e-18 -1.3976e-18  2.5664e+01  8.7206e+00  3.7084e-05  1.1093e-02  0.0000e+00  0.0000e+00  3.3918e-17 -1.3976e-18
  1.1650e+02  2.7698e+01  3.2856e+01  3.0887e+01  8.6604e+00  1.3318e-02  2.6056e-02  0.0000e+00  0.0000e+00  8.5770e-18 -1.3407e-18  2.5707e+01  8.7167e+00  3.5640e-05  1.0059e-02  0.0000e+00  0.0000e+00  3.3207e-17 -1.3407e-18
  1.1750e+02  2.7740e+01  3.2880e+01  3.0910e+01  8.6537e+00  1.2983e-02  2.4398e-02  0.0000e+00  0.0000e+00  8.5626e-18 -1.2800e-18  2.5749e+01  8.7128e+00  3.4238e-05  9.0224e-03  0.0000e+00  0.0000e+00  3.2505e-17 -1.2800e-18
  1.1850e+02  2.7782e+01  3.2903e+01  3.0933e+01  8.6470e+00  1.2650e-02  2.2760e-02  0.0000e+00  0.0000e+00  8.5423e-18 -1.2168e-18  2.5790e+01  8.7090e+00  3.2879e-05  7.9972e-03  0.0000e+00  0.0000e+00  3.1812e-17 -1.2168e-18
  1.1950e+02  2.7824e+01  3.2927e+01  3.0956e+01  8.6406e+00  1.2319e-02  2.1155e-02  0.0000e+00  0.0000e+00  8.5162e-18 -1.1522e-18  2.5831e+01  8.7052e+00  3.1560e-05  6.9952e-03  0.0000e+00  0.0000e+00  3.1127e-17 -1.1522e-18
  1.2050e+02  2.7865e+01  3.2950e+01  3.0979e+01  8.6344e+00  1.1990e-02  1.9596e-02  0.0000e+00  0.0000e+00  8.4846e-18 -1.0873e-18  2.5872e+01  8.7015e+00  3.0280e-05  6.0261e-03  0.0000e+00  0.0000e+00  3.0453e-17 -1.0873e-18
  1.2150e+02  2.7906e+01  3.2973e+01  3.1002e+01  8.6285e+00  1.1664e-02  1.8092e-02  0.0000e+00  0.0000e+00  8.4481e-18 -1.0229e-18  2.5913e+01  8.6979e+00  2.9040e-05  5.0973e-03  0.0000e+00  0.0000e+00  2.9788e-17 -1.0229e-18
  1.2250e+02  2.7947e+01  3.2996e+01  3.1025e+01  8.6230e+00  1.1340e-02  1.6652e-02  0.0000e+00  0.0000e+00  8.4070e-18 -9.6005e-19  2.5953e+01  8.6944e+00  2.7839e-05  4.2143e-03  0.0000e+00  0.0000e+00  2.9133e-17 -9.6005e-19
  1.2350e+02  2.7987e+01  3.3019e+01  3.1047e+01  8.6178e+00  1.1021e-02  1.5279e-02  0.0000e+00  0.0000e+00  8.3617e-18 -8.9984e-19  2.5992e+01  8.6911e+00  2.6677e-05  3.3806e-03  0.0000e+00  0.0000e+00  2.8488e-17 -8.9984e-19
  1.2450e+02  2.8027e+01  3.3041e+01  3.1069e+01  8.6130e+00  1.0704e-02  1.3976e-02  0.0000e+00  0.0000e+00  8.3123e-18 -8.4506e-19  2.6032e+01  8.6879e+00  2.5554e-05  2.5981e-03  0.0000e+00  0.0000e+00  2.7854e-17 -8.4506e-19
  1.2550e+02  2.8066e+01  3.3063e+01  3.1091e+01  8.6085e+00  1.0393e-02  1.2744e-02  0.0000e+00  0.0000e+00  8.2591e-18 -7.9930e-19  2.6071e+01  8.6849e+00  2.4469e-05  1.8672e-03  0.0000e+00  0.0000e+00  2.7230e-17 -7.9930e-19
  1.2650e+02  2.8105e+01  3.3084e+01  3.1112e+01  8.6045e+00  1.0086e-02  1.1583e-02  0.0000e+00  0.0000e+00  8.2022e-18 -7.6606e-19  2.6110e+01  8.6820e+00  2.3422e-05  1.1874e-03  0.0000e+00  0.0000e+00  2.6617e-17 -7.6606e-19
  1.2750e+02  2.8143e+01  3.3105e+01  3.1132e+01  8.6008e+00  9.7839e-03  1.0492e-02  0.0000e+00  0.0000e+00  8.1417e-18 -7.4939e-19  2.6148e+01  8.6793e+00  2.2413e-05  5.5776e-04  0.0000e+00  0.0000e+00  2.6015e-17 -7.4939e-19
  1.2850e+02  2.8181e+01  3.3125e+01  3.1152e+01  8.5974e+00  9.4876e-03  9.4687e-03  0.0000e+00  0.0000e+00  8.0778e-18 -7.5220e-19  2.6185e+01  8.6768e+00  2.1442e-05 -2.3293e-05  0.0000e+00  0.0000e+00  2.5423e-17 -7.5220e-19
  1.2950e+02  2.8219e+01  3.3145e+01  3.1171e+01  8.5945e+00  9.1972e-03  8.5116e-03  0.0000e+00  0.0000e+00  8.0107e-18 -7.7665e-19  2.6223e+01  8.6744e+00  2.0507e-05 -5.5725e-04  0.0000e+00  0.0000e+00  2.4843e-17 -7.7665e-19
  1.3050e+02  2.8256e+01  3.3164e+01  3.1190e+01  8.5918e+00  8.9130e-03  7.6190e-03  0.0000e+00  0.0000e+00  7.9406e-18 -8.1826e-19  2.6260e+01  8.6721e+00  1.9609e-05 -1.0456e-03  0.0000e+00  0.0000e+00  2.4273e-17 -8.1826e-19
  1.3150e+02  2.8292e+01  3.3182e+01  3.1208e+01  8.5895e+00  8.6352e-03  6.7891e-03  0.0000e+00  0.0000e+00  7.8677e-18 -8.6701e-19  2.6296e+01  8.6700e+00  1.8747e-05 -1.4898e-03  0.0000e+00  0.0000e+00  2.3714e-17 -8.6701e-19
  1.3250e+02  2.8329e+01  3.3199e+01  3.1225e+01  8.5875e+00  8.3639e-03  6.0204e-03  0.0000e+00  0.0000e+00  7.7926e-18 -9.1239e-19  2.6332e+01  8.6681e+00  1.7920e-05 -1.8909e-03  0.0000e+00  0.0000e+00  2.3167e-17 -9.1239e-19
  1.3350e+02  2.8364e+01  3.3216e+01  3.1241e+01  8.5857e+00  8.0995e-03  5.3114e-03  0.0000e+00  0.0000e+00  7.7156e-18 -9.4513e-19  2.6368e+01  8.6662e+00  1.7127e-05 -2.2504e-03  0.0000e+00  0.0000e+00  2.2630e-17 -9.4513e-19
  1.3450e+02  2.8400e+01  3.3233e+01  3.1257e+01  8.5842e+00  7.8419e-03  4.6603e-03  0.0000e+00  0.0000e+00  7.6368e-18 -9.5626e-19  2.6403e+01  8.6645e+00  1.6367e-05 -2.5695e-03  0.0000e+00  0.0000e+00  2.2104e-17 -9.5626e-19
  1.3550e+02  2.8434e+01  3.3248e+01  3.1273e+01  8.5830e+00  7.5913e-03  4.0651e-03  0.0000e+00  0.0000e+00  7.5568e-18 -9.3644e-19  2.6438e+01  8.6629e+00  1.5640e-05 -2.8497e-03  0.0000e+00  0.0000e+00  2.1588e-17 -9.3644e-19
  1.3650e+02  2.8469e+01  3.3263e+01  3.1288e+01  8.5820e+00  7.3476e-03  3.5234e-03  0.0000e+00  0.0000e+00  7.4755e-18 -8.8934e-19  2.6472e+01  8.6614e+00  1.4944e-05 -3.0930e-03  0.0000e+00  0.0000e+00  2.1084e-17 -8.8934e-19
  1.3750e+02  2.8503e+01  3.3278e+01  3.1302e+01  8.5811e+00  7.1110e-03  3.0321e-03  0.0000e+00  0.0000e+00  7.3931e-18 -8.2651e-19  2.6507e+01  8.6600e+00  1.4279e-05 -3.3018e-03  0.0000e+00  0.0000e+00  2.0589e-17 -8.2651e-19
  1.3850e+02  2.8537e+01  3.3292e+01  3.1316e+01  8.5805e+00  6.8814e-03  2.5876e-03  0.0000e+00  0.0000e+00  7.3095e-18 -7.5947e-19  2.6540e+01  8.6587e+00  1.3643e-05 -3.4789e-03  0.0000e+00  0.0000e+00  2.0106e-17 -7.5947e-19
  1.3950e+02  2.8570e+01  3.3306e+01  3.1330e+01  8.5800e+00  6.6587e-03  2.1857e-03  0.0000e+00  0.0000e+00  7.2247e-18 -6.9993e-19  2.6574e+01  8.6575e+00  1.3035e-05 -3.6276e-03  0.0000e+00  0.0000e+00  1.9632e-17 -6.9993e-19
  1.4050e+02  2.8603e+01  3.3319e+01  3.1343e+01  8.5796e+00  6.4428e-03  1.8218e-03  0.0000e+00  0.0000e+00  7.1388e-18 -6.5832e-19  2.6607e+01  8.6564e+00  1.2455e-05 -3.7515e-03  0.0000e+00  0.0000e+00  1.9169e-17 -6.5832e-19
  1.4150e+02  2.8636e+01  3.3332e+01  3.1355e+01  8.5794e+00  6.2338e-03  1.4907e-03  0.0000e+00  0.0000e+00  7.0517e-18 -6.4406e-19  2.6640e+01  8.6553e+00  1.1901e-05 -3.8546e-03  0.0000e+00  0.0000e+00  1.8717e-17 -6.4406e-19
  1.4250e+02  2.8668e+01  3.3345e+01  3.1368e+01  8.5793e+00  6.0314e-03  1.1875e-03  0.0000e+00  0.0000e+00  6.9636e-18 -6.5760e-19  2.6672e+01  8.6543e+00  1.1373e-05 -3.9409e-03  0.0000e+00  0.0000e+00  1.8274e-17 -6.5760e-19
  1.4350e+02  2.8700e+01  3.3357e+01  3.1380e+01  8.5793e+00  5.8355e-03  9.0719e-04  0.0000e+00  0.0000e+00  6.8746e-18 -6.8742e-19  2.6704e+01  8.6534e+00  1.0868e-05 -4.0142e-03  0.0000e+00  0.0000e+00  1.7841e-17 -6.8742e-19
  1.4450e+02  2.8732e+01  3.3369e+01  3.1391e+01  8.5794e+00  5.6461e-03  6.4528e-04  0.0000e+00  0.0000e+00  6.7852e-18 -7.2151e-19  2.6736e+01  8.6526e+00  1.0387e-05 -4.0780e-03  0.0000e+00  0.0000e+00  1.7417e-17 -7.2151e-19
  1.4550e+02  2.8763e+01  3.3380e+01  3.1402e+01  8.5796e+00  5.4630e-03  3.9787e-04  0.0000e+00  0.0000e+00  6.6956e-18 -7.4914e-19  2.6768e+01  8.6518e+00  9.9283e-06 -4.1353e-03  0.0000e+00  0.0000e+00  1.7003e-17 -7.4914e-19
  1.4650e+02  2.8795e+01  3.3391e+01  3.1413e+01  8.5799e+00  5.2859e-03  1.6183e-04  0.0000e+00  0.0000e+00  6.6060e-18 -7.5930e-19  2.6799e+01  8.6511e+00  9.4907e-06 -4.1886e-03  0.0000e+00  0.0000e+00  1.6599e-17 -7.5930e-19
  1.4750e+02  2.8825e+01  3.3402e+01  3.1424e+01  8.5802e+00  5.1149e-03 -6.5021e-05  0.0000e+00  0.0000e+00  6.5166e-18 -7.4234e-19  2.6830e+01  8.6504e+00  9.0734e-06 -4.2394e-03  0.0000e+00  0.0000e+00  1.6204e-17 -7.4234e-19
  1.4850e+02  2.8856e+01  3.3412e+01  3.1434e+01  8.5806e+00  4.9496e-03 -2.8395e-04  0.0000e+00  0.0000e+00  6.4276e-18 -6.9892e-19  2.6861e+01  8.6497e+00  8.6756e-06 -4.2885e-03  0.0000e+00  0.0000e+00  1.5818e-17 -6.9892e-19
  1.4950e+02  2.8886e+01  3.3422e+01  3.1443e+01  8.5810e+00  4.7900e-03 -4.9523e-04  0.0000e+00  0.0000e+00  6.3389e-18 -6.4167e-19  2.6891e+01  8.6491e+00  8.2963e-06 -4.3361e-03  0.0000e+00  0.0000e+00  1.5441e-17 -6.4167e-19
  1.5050e+02  2.8916e+01  3.3431e+01  3.1453e+01  8.5815e+00  4.6358e-03 -6.9834e-04  0.0000e+00  0.0000e+00  6.2505e-18 -5.8434e-19  2.6921e+01  8.6486e+00  7.9346e-06 -4.3814e-03  0.0000e+00  0.0000e+00  1.5073e-17 -5.8434e-19
  1.5150e+02  2.8946e+01  3.3440e+01  3.1462e+01  8.5820e+00  4.4870e-03 -8.9199e-04  0.0000e+00  0.0000e+00  6.1622e-18 -5.4022e-19  2.6951e+01  8.6480e+00  7.5899e-06 -4.4234e-03  0.0000e+00  0.0000e+00  1.4713e-17 -5.4022e-19
  1.5250e+02  2.8975e+01  3.3449e+01  3.1470e+01  8.5826e+00  4.3433e-03 -1.0744e-03  0.0000e+00  0.0000e+00  6.0739e-18 -5.2124e-19  2.6980e+01  8.6475e+00  7.2612e-06 -4.4603e-03  0.0000e+00  0.0000e+00  1.4362e-17 -5.2124e-19
  1.5350e+02  2.9004e+01  3.3457e+01  3.1478e+01  8.5832e+00  4.2046e-03 -1.2435e-03  0.0000e+00  0.0000e+00  5.9857e-18 -5.3859e-19  2.7009e+01  8.6471e+00  6.9479e-06 -4.4902e-03  0.0000e+00  0.0000e+00  1.4019e-17 -5.3859e-19
  1.5450e+02  2.9032e+01  3.3465e+01  3.1486e+01  8.5838e+00  4.0707e-03 -1.3969e-03  0.0000e+00  0.0000e+00  5.8974e-18 -5.9618e-19  2.7038e+01  8.6466e+00  6.6491e-06 -4.5112e-03  0.0000e+00  0.0000e+00  1.3685e-17 -5.9618e-19
  1.5550e+02  2.9061e+01  3.3473e+01  3.1494e+01  8.5844e+00  3.9415e-03 -1.5327e-03  0.0000e+00  0.0000e+00  5.8092e-18 -6.7822e-19  2.7066e+01  8.6462e+00  6.3643e-06 -4.5213e-03  0.0000e+00  0.0000e+00  1.3358e-17 -6.7822e-19
  1.5650e+02  2.9089e+01  3.3480e+01  3.1501e+01  8.5851e+00  3.8168e-03 -1.6490e-03  0.0000e+00  0.0000e+00  5.7214e-18 -7.7025e-19  2.7095e+01  8.6459e+00  6.0926e-06 -4.5189e-03  0.0000e+00  0.0000e+00  1.3039e-17 -7.7025e-19
  1.5750e+02  2.9117e+01  3.3487e+01  3.1508e+01  8.5857e+00  3.6964e-03 -1.7444e-03  0.0000e+00  0.0000e+00  5.6340e-18 -8.5841e-19  2.7123e+01  8.6455e+00  5.8336e-06 -4.5026e-03  0.0000e+00  0.0000e+00  1.2728e-17 -8.5841e-19
  1.5850e+02  2.9144e+01  3.3494e+01  3.1514e+01  8.5864e+00  3.5802e-03 -1.8181e-03  0.0000e+00  0.0000e+00  5.5472e-18 -9.2839e-19  2.7150e+01  8.6452e+00  5.5865e-06 -4.4718e-03  0.0000e+00  0.0000e+00  1.2424e-17 -9.2839e-19
  1.5950e+02  2.9171e+01  3.3500e+01  3.1520e+01  8.5871e+00  3.4681e-03 -1.8699e-03  0.0000e+00  0.0000e+00  5.4612e-18 -9.6820e-19  2.7177e+01  8.6448e+00  5.3509e-06 -4.4261e-03  0.0000e+00  0.0000e+00  1.2128e-17 -9.6820e-19
  1.6050e+02  2.9198e+01  3.3506e+01  3.1526e+01  8.5878e+00  3.3598e-03 -1.9004e-03  0.0000e+00  0.0000e+00  5.3759e-18 -9.7169e-19  2.7204e+01  8.6445e+00  5.1261e-06 -4.3658e-03  0.0000e+00  0.0000e+00  1.1839e-17 -9.7169e-19
  1.6150e+02  2.9225e+01  3.3511e+01  3.1531e+01  8.5885e+00  3.2553e-03 -1.9108e-03  0.0000e+00  0.0000e+00  5.2916e-18 -9.4352e-19  2.7231e+01  8.6442e+00  4.9116e-06 -4.2917e-03  0.0000e+00  0.0000e+00  1.1557e-17 -9.4352e-19
  1.6250e+02  2.9251e+01  3.3517e+01  3.1536e+01  8.5892e+00  3.1545e-03 -1.9028e-03  0.0000e+00  0.0000e+00  5.2082e-18 -8.9035e-19  2.7257e+01  8.6440e+00  4.7069e-06 -4.2053e-03  0.0000e+00  0.0000e+00  1.1282e-17 -8.9035e-19
  1.6350e+02  2.9277e+01  3.3522e+01  3.1541e+01  8.5898e+00  3.0571e-03 -1.8789e-03  0.0000e+00  0.0000e+00  5.1257e-18 -8.1962e-19  2.7284e+01  8.6437e+00  4.5116e-06 -4.1084e-03  0.0000e+00  0.0000e+00  1.1013e-17 -8.1962e-19
  1.6450e+02  2.9303e+01  3.3527e+01  3.1546e+01  8.5905e+00  2.9632e-03 -1.8419e-03  0.0000e+00  0.0000e+00  5.0443e-18 -7.3738e-19  2.7309e+01  8.6435e+00  4.3252e-06 -4.0033e-03  0.0000e+00  0.0000e+00  1.0752e-17 -7.3738e-19
  1.6550e+02  2.9328e+01  3.3531e+01  3.1550e+01  8.5912e+00  2.8724e-03 -1.7948e-03  0.0000e+00  0.0000e+00  4.9639e-18 -6.4939e-19  2.7335e+01  8.6433e+00  4.1472e-06 -3.8923e-03  0.0000e+00  0.0000e+00  1.0496e-17 -6.4939e-19
  1.6650e+02  2.9353e+01  3.3535e+01  3.1554e+01  8.5919e+00  2.7848e-03 -1.7410e-03  0.0000e+00  0.0000e+00  4.8845e-18 -5.6139e-19  2.7360e+01  8.6430e+00  3.9773e-06 -3.7782e-03  0.0000e+00  0.0000e+00  1.0247e-17 -5.6139e-19
  1.6750e+02  2.9378e+01  3.3539e+01  3.1558e+01  8.5926e+00  2.7002e-03 -1.6838e-03  0.0000e+00  0.0000e+00  4.8062e-18 -4.7822e-19  2.7385e+01  8.6428e+00  3.8150e-06 -3.6636e-03  0.0000e+00  0.0000e+00  1.0004e-17 -4.7822e-19
  1.6850e+02  2.9403e+01  3.3543e+01  3.1562e+01  8.5933e+00  2.6185e-03 -1.6263e-03  0.0000e+00  0.0000e+00  4.7287e-18 -4.0430e-19  2.7410e+01  8.6426e+00  3.6600e-06 -3.5510e-03  0.0000e+00  0.0000e+00  9.7669e-18 -4.0430e-19
  1.6950e+02  2.9427e+01  3.3546e+01  3.1565e+01  8.5939e+00  2.5395e-03 -1.5714e-03  0.0000e+00  0.0000e+00  4.6521e-18 -3.4444e-19  2.7435e+01  8.6425e+00  3.5119e-06 -3.4428e-03  0.0000e+00  0.0000e+00  9.5358e-18 -3.4444e-19
  1.7050e+02  2.9452e+01  3.3550e+01  3.1568e+01  8.5946e+00  2.4633e-03 -1.5216e-03  0.0000e+00  0.0000e+00  4.5764e-18 -3.0258e-19  2.7459e+01  8.6423e+00  3.3705e-06 -3.3410e-03  0.0000e+00  0.0000e+00  9.3104e-18 -3.0258e-19
  1.7150e+02  2.9476e+01  3.3553e+01  3.1571e+01  8.5953e+00  2.3896e-03 -1.4788e-03  0.0000e+00  0.0000e+00  4.5014e-18 -2.8225e-19  2.7483e+01  8.6421e+00  3.2353e-06 -3.2471e-03  0.0000e+00  0.0000e+00  9.0905e-18 -2.8225e-19
  1.7250e+02  2.9499e+01  3.3556e+01  3.1574e+01  8.5959e+00  2.3185e-03 -1.4442e-03  0.0000e+00  0.0000e+00  4.4272e-18 -2.8450e-19  2.7507e+01  8.6419e+00  3.1061e-06 -3.1620e-03  0.0000e+00  0.0000e+00  8.8761e-18 -2.8450e-19
  1.7350e+02  2.9523e+01  3.3558e+01  3.1577e+01  8.5965e+00  2.2497e-03 -1.4188e-03  0.0000e+00  0.0000e+00  4.3537e-18 -3.0303e-19  2.7530e+01  8.6418e+00  2.9826e-06 -3.0864e-03  0.0000e+00  0.0000e+00  8.6670e-18 -3.0303e-19
  1.7450e+02  2.9546e+01  3.3561e+01  3.1579e+01  8.5972e+00  2.1833e-03 -1.4023e-03  0.0000e+00  0.0000e+00  4.2811e-18 -3.2854e-19  2.7554e+01  8.6416e+00  2.8644e-06 -3.0202e-03  0.0000e+00  0.0000e+00  8.4631e-18 -3.2854e-19
  1.7550e+02  2.9569e+01  3.3563e+01  3.1581e+01  8.5978e+00  2.1190e-03 -1.3944e-03  0.0000e+00  0.0000e+00  4.2094e-18 -3.5302e-19  2.7577e+01  8.6415e+00  2.7515e-06 -2.9629e-03  0.0000e+00  0.0000e+00  8.2643e-18 -3.5302e-19
  1.7650e+02  2.9591e+01  3.3565e+01  3.1583e+01  8.5984e+00  2.0570e-03 -1.3941e-03  0.0000e+00  0.0000e+00  4.1385e-18 -3.6894e-19  2.7599e+01  8.6414e+00  2.6435e-06 -2.9136e-03  0.0000e+00  0.0000e+00  8.0703e-18 -3.6894e-19
  1.7750e+02  2.9614e+01  3.3567e+01  3.1585e+01  8.5990e+00  1.9969e-03 -1.3999e-03  0.0000e+00  0.0000e+00  4.0687e-18 -3.6810e-19  2.7622e+01  8.6413e+00  2.5401e-06 -2.8711e-03  0.0000e+00  0.0000e+00  7.8813e-18 -3.6810e-19
  1.7850e+02  2.9636e+01  3.3568e+01  3.1586e+01  8.5996e+00  1.9389e-03 -1.4103e-03  0.0000e+00  0.0000e+00  3.9998e-18 -3.4686e-19  2.7644e+01  8.6411e+00  2.4412e-06 -2.8339e-03  0.0000e+00  0.0000e+00  7.6970e-18 -3.4686e-19
  1.7950e+02  2.9658e+01  3.3570e+01  3.1588e+01  8.6002e+00  1.8828e-03 -1.4236e-03  0.0000e+00  0.0000e+00  3.9319e-18 -3.1037e-19  2.7666e+01  8.6410e+00  2.3466e-06 -2.8007e-03  0.0000e+00  0.0000e+00  7.5172e-18 -3.1037e-19
  1.8050e+02  2.9680e+01  3.3571e+01  3.1589e+01  8.6008e+00  1.8285e-03 -1.4383e-03  0.0000e+00  0.0000e+00  3.8649e-18 -2.6608e-19  2.7688e+01  8.6409e+00  2.2560e-06 -2.7700e-03  0.0000e+00  0.0000e+00  7.3419e-18 -2.6608e-19
  1.8150e+02  2.9701e+01  3.3572e+01  3.1590e+01  8.6014e+00  1.7760e-03 -1.4530e-03  0.0000e+00  0.0000e+00  3.7987e-18 -2.2148e-19  2.7710e+01  8.6408e+00  2.1693e-06 -2.7408e-03  0.0000e+00  0.0000e+00  7.1710e-18 -2.2148e-19
  1.8250e+02  2.9722e+01  3.3573e+01  3.1591e+01  8.6019e+00  1.7252e-03 -1.4666e-03  0.0000e+00  0.0000e+00  3.7332e-18 -1.8362e-19  2.7731e+01  8.6407e+00  2.0863e-06 -2.7119e-03  0.0000e+00  0.0000e+00  7.0044e-18 -1.8362e-19
  1.8350e+02  2.9743e+01  3.3574e+01  3.1591e+01  8.6025e+00  1.6760e-03 -1.4785e-03  0.0000e+00  0.0000e+00  3.6685e-18 -1.5890e-19  2.7752e+01  8.6406e+00  2.0067e-06 -2.6829e-03  0.0000e+00  0.0000e+00  6.8419e-18 -1.5890e-19
  1.8450e+02  2.9764e+01  3.3574e+01  3.1592e+01  8.6030e+00  1.6285e-03 -1.4885e-03  0.0000e+00  0.0000e+00  3.6044e-18 -1.5294e-19  2.7773e+01  8.6405e+00  1.9305e-06 -2.6535e-03  0.0000e+00  0.0000e+00  6.6834e-18 -1.5294e-19
  1.8550e+02  2.9785e+01  3.3575e+01  3.1592e+01  8.6036e+00  1.5825e-03 -1.4964e-03  0.0000e+00  0.0000e+00  3.5410e-18 -1.6624e-19  2.7793e+01  8.6404e+00  1.8575e-06 -2.6236e-03  0.0000e+00  0.0000e+00  6.5290e-18 -1.6624e-19
  1.8650e+02  2.9805e+01  3.3575e+01  3.1592e+01  8.6041e+00  1.5379e-03 -1.5028e-03  0.0000e+00  0.0000e+00  3.4785e-18 -1.9678e-19  2.7814e+01  8.6403e+00  1.7876e-06 -2.5936e-03  0.0000e+00  0.0000e+00  6.3784e-18 -1.9678e-19
  1.8750e+02  2.9825e+01  3.3575e+01  3.1592e+01  8.6046e+00  1.4948e-03 -1.5082e-03  0.0000e+00  0.0000e+00  3.4170e-18 -2.4323e-19  2.7834e+01  8.6402e+00  1.7206e-06 -2.5639e-03  0.0000e+00  0.0000e+00  6.2316e-18 -2.4323e-19
  1.8850e+02  2.9845e+01  3.3574e+01  3.1591e+01  8.6051e+00  1.4530e-03 -1.5135e-03  0.0000e+00  0.0000e+00  3.3566e-18 -3.0471e-19  2.7854e+01  8.6402e+00  1.6563e-06 -2.5353e-03  0.0000e+00  0.0000e+00  6.0884e-18 -3.0471e-19
  1.8950e+02  2.9865e+01  3.3574e+01  3.1591e+01  8.6056e+00  1.4126e-03 -1.5197e-03  0.0000e+00  0.0000e+00  3.2973e-18 -3.7978e-19  2.7874e+01  8.6401e+00  1.5947e-06 -2.5084e-03  0.0000e+00  0.0000e+00  5.9488e-18 -3.7978e-19
  1.9050e+02  2.9884e+01  3.3573e+01  3.1590e+01  8.6061e+00  1.3734e-03 -1.5276e-03  0.0000e+00  0.0000e+00  3.2393e-18 -4.6601e-19  2.7893e+01  8.6400e+00  1.5356e-06 -2.4842e-03  0.0000e+00  0.0000e+00  5.8127e-18 -4.6601e-19
  1.9150e+02  2.9903e+01  3.3573e+01  3.1589e+01  8.6066e+00  1.3355e-03 -1.5384e-03  0.0000e+00  0.0000e+00  3.1825e-18 -5.5662e-19  2.7912e+01  8.6399e+00  1.4789e-06 -2.4634e-03  0.0000e+00  0.0000e+00  5.6800e-18 -5.5662e-19
  1.9250e+02  2.9922e+01  3.3572e+01  3.1589e+01  8.6071e+00  1.2988e-03 -1.5528e-03  0.0000e+00  0.0000e+00  3.1268e-18 -6.4260e-19  2.7931e+01  8.6399e+00  1.4246e-06 -2.4468e-03  0.0000e+00  0.0000e+00  5.5506e-18 -6.4260e-19
  1.9350e+02  2.9941e+01  3.3571e+01  3.1587e+01  8.6075e+00  1.2632e-03 -1.5719e-03  0.0000e+00  0.0000e+00  3.0720e-18 -7.1540e-19  2.7950e+01  8.6398e+00  1.3724e-06 -2.4351e-03  0.0000e+00  0.0000e+00  5.4245e-18 -7.1540e-19
  1.9450e+02  2.9960e+01  3.3570e+01  3.1586e+01  8.6080e+00  1.2287e-03 -1.5962e-03  0.0000e+00  0.0000e+00  3.0180e-18 -7.6730e-19  2.7969e+01  8.6397e+00  1.3224e-06 -2.4288e-03  0.0000e+00  0.0000e+00  5.3014e-18 -7.6730e-19
  1.9550e+02  2.9978e+01  3.3569e+01  3.1585e+01  8.6085e+00  1.1953e-03 -1.6263e-03  0.0000e+00  0.0000e+00  2.9646e-18 -7.9090e-19  2.7987e+01  8.6397e+00  1.2743e-06 -2.4284e-03  0.0000e+00  0.0000e+00  5.1814e-18 -7.9090e-19
  1.9650e+02  2.9996e+01  3.3567e+01  3.1584e+01  8.6089e+00  1.1629e-03 -1.6621e-03  0.0000e+00  0.0000e+00  2.9119e-18 -7.7863e-19  2.8006e+01  8.6396e+00  1.2282e-06 -2.4338e-03  0.0000e+00  0.0000e+00  5.0645e-18 -7.7863e-19
  1.9750e+02  3.0014e+01  3.3566e+01  3.1583e+01  8.6093e+00  1.1315e-03 -1.7036e-03  0.0000e+00  0.0000e+00  2.8597e-18 -7.3630e-19  2.8024e+01  8.6396e+00  1.1839e-06 -2.4449e-03  0.0000e+00  0.0000e+00  4.9504e-18 -7.3630e-19
  1.9850e+02  3.0032e+01  3.3565e+01  3.1581e+01  8.6098e+00  1.1010e-03 -1.7500e-03  0.0000e+00  0.0000e+00  2.8083e-18 -6.7296e-19  2.8042e+01  8.6395e+00  1.1414e-06 -2.4611e-03  0.0000e+00  0.0000e+00  4.8391e-18 -6.7296e-19
  1.9950e+02  3.0050e+01  3.3563e+01  3.1580e+01  8.6102e+00  1.0715e-03 -1.8000e-03  0.0000e+00  0.0000e+00  2.7578e-18 -5.9713e-19  2.8059e+01  8.6395e+00  1.1006e-06 -2.4811e-03  0.0000e+00  0.0000e+00  4.7306e-18 -5.9713e-19
  2.0050e+02  3.0067e+01  3.3562e+01  3.1578e+01  8.6106e+00  1.0429e-03 -1.8521e-03  0.0000e+00  0.0000e+00  2.7082e-18 -5.1719e-19  2.8077e+01  8.6394e+00  1.0614e-06 -2.5037e-03  0.0000e+00  0.0000e+00  4.6248e-18 -5.1719e-19
  2.0150e+02  3.0085e+01  3.3560e+01  3.1577e+01  8.6110e+00  1.0152e-03 -1.9039e-03  0.0000e+00  0.0000e+00  2.6596e-18 -4.4146e-19  2.8094e+01  8.6394e+00  1.0237e-06 -2.5267e-03  0.0000e+00  0.0000e+00  4.5216e-18 -4.4146e-19
  2.0250e+02  3.0102e+01  3.3559e+01  3.1575e+01  8.6114e+00  9.8824e-04 -1.9529e-03  0.0000e+00  0.0000e+00  2.6122e-18 -3.7670e-19  2.8112e+01  8.6393e+00  9.8751e-07 -2.5479e-03  0.0000e+00  0.0000e+00  4.4210e-18 -3.7670e-19
  2.0350e+02  3.0119e+01  3.3557e+01  3.1574e+01  8.6118e+00  9.6214e-04 -1.9963e-03  0.0000e+00  0.0000e+00  2.5659e-18 -3.2402e-19  2.8129e+01  8.6393e+00  9.5273e-07 -2.5649e-03  0.0000e+00  0.0000e+00  4.3228e-18 -3.2402e-19
  2.0450e+02  3.0136e+01  3.3556e+01  3.1572e+01  8.6122e+00  9.3683e-04 -2.0313e-03  0.0000e+00  0.0000e+00  2.5205e-18 -2.8085e-19  2.8146e+01  8.6392e+00  9.1930e-07 -2.5752e-03  0.0000e+00  0.0000e+00  4.2270e-18 -2.8085e-19
  2.0550e+02  3.0153e+01  3.3554e+01  3.1570e+01  8.6126e+00  9.1226e-04 -2.0551e-03  0.0000e+00  0.0000e+00  2.4761e-18 -2.4414e-19  2.8162e+01  8.6392e+00  8.8716e-07 -2.5763e-03  0.0000e+00  0.0000e+00  4.1336e-18 -2.4414e-19
  2.0650e+02  3.0169e+01  3.3553e+01  3.1569e+01  8.6130e+00  8.8843e-04 -2.0653e-03  0.0000e+00  0.0000e+00  2.4324e-18 -2.1138e-19  2.8179e+01  8.6392e+00  8.5627e-07 -2.5662e-03  0.0000e+00  0.0000e+00  4.0425e-18 -2.1138e-19
  2.0750e+02  3.0186e+01  3.3551e+01  3.1567e+01  8.6134e+00  8.6530e-04 -2.0604e-03  0.0000e+00  0.0000e+00  2.3893e-18 -1.8012e-19  2.8196e+01  8.6391e+00  8.2656e-07 -2.5434e-03  0.0000e+00  0.0000e+00  3.9536e-18 -1.8012e-19
  2.0850e+02  3.0202e+01  3.3549e+01  3.1565e+01  8.6138e+00  8.4286e-04 -2.0392e-03  0.0000e+00  0.0000e+00  2.3469e-18 -1.4816e-19  2.8212e+01  8.6391e+00  7.9799e-07 -2.5070e-03  0.0000e+00  0.0000e+00  3.8669e-18 -1.4816e-19
  2.0950e+02  3.0218e+01  3.3547e+01  3.1563e+01  8.6141e+00  8.2108e-04 -2.0018e-03  0.0000e+00  0.0000e+00  2.3050e-18 -1.1593e-19  2.8228e+01  8.6391e+00  7.7051e-07 -2.4570e-03  0.0000e+00  0.0000e+00  3.7823e-18 -1.1593e-19
  2.1050e+02  3.0234e+01  3.3545e+01  3.1561e+01  8.6145e+00  7.9993e-04 -1.9488e-03  0.0000e+00  0.0000e+00  2.2637e-18 -8.5572e-20  2.8244e+01  8.6390e+00  7.4407e-07 -2.3939e-03  0.0000e+00  0.0000e+00  3.6998e-18 -8.5572e-20
  2.1150e+02  3.0249e+01  3.3543e+01  3.1559e+01  8.6148e+00  7.7941e-04 -1.8818e-03  0.0000e+00  0.0000e+00  2.2231e-18 -5.9418e-20  2.8260e+01  8.6390e+00  7.1864e-07 -2.3190e-03  0.0000e+00  0.0000e+00  3.6193e-18 -5.9418e-20
  2.1250e+02  3.0265e+01  3.3541e+01  3.1557e+01  8.6152e+00  7.5948e-04 -1.8031e-03  0.0000e+00  0.0000e+00  2.1831e-18 -3.9560e-20  2.8275e+01  8.6390e+00  6.9416e-07 -2.2344e-03  0.0000e+00  0.0000e+00  3.5407e-18 -3.9560e-20
  2.1350e+02  3.0280e+01  3.3539e+01  3.1555e+01  8.6155e+00  7.4013e-04 -1.7154e-03  0.0000e+00  0.0000e+00  2.1439e-18 -2.7851e-20  2.8291e+01  8.6390e+00  6.7061e-07 -2.1424e-03  0.0000e+00  0.0000e+00  3.4641e-18 -2.7851e-20
  2.1450e+02  3.0296e+01  3.3537e+01  3.1553e+01  8.6159e+00  7.2134e-04 -1.6218e-03  0.0000e+00  0.0000e+00  2.1053e-18 -2.5987e-20  2.8306e+01  8.6389e+00  6.4794e-07 -2.0456e-03  0.0000e+00  0.0000e+00  3.3892e-18 -2.5987e-20
  2.1550e+02  3.0311e+01  3.3535e+01  3.1550e+01  8.6162e+00  7.0310e-04 -1.5254e-03  0.0000e+00  0.0000e+00  2.0675e-18 -3.3494e-20  2.8321e+01  8.6389e+00  6.2612e-07 -1.9469e-03  0.0000e+00  0.0000e+00  3.3163e-18 -3.3494e-20
  2.1650e+02  3.0326e+01  3.3533e+01  3.1548e+01  8.6165e+00  6.8538e-04 -1.4293e-03  0.0000e+00  0.0000e+00  2.0305e-18 -4.6921e-20  2.8336e+01  8.6389e+00  6.0511e-07 -1.8487e-03  0.0000e+00  0.0000e+00  3.2450e-18 -4.6921e-20
  2.1750e+02  3.0341e+01  3.3530e+01  3.1546e+01  8.6169e+00  6.6817e-04 -1.3361e-03  0.0000e+00  0.0000e+00  1.9941e-18 -6.3188e-20  2.8351e+01  8.6389e+00  5.8488e-07 -1.7535e-03  0.0000e+00  0.0000e+00  3.1755e-18 -6.3188e-20
  2.1850e+02  3.0355e+01  3.3528e+01  3.1544e+01  8.6172e+00  6.5145e-04 -1.2481e-03  0.0000e+00  0.0000e+00  1.9586e-18 -7.9432e-20  2.8366e+01  8.6389e+00  5.6540e-07 -1.6632e-03  0.0000e+00  0.0000e+00  3.1077e-18 -7.9432e-20
  2.1950e+02  3.0370e+01  3.3526e+01  3.1541e+01  8.6175e+00  6.3521e-04 -1.1672e-03  0.0000e+00  0.0000e+00  1.9237e-18 -9.2645e-20  2.8381e+01  8.6388e+00  5.4664e-07 -1.5794e-03  0.0000e+00  0.0000e+00  3.0415e-18 -9.2645e-20
  2.2050e+02  3.0385e+01  3.3524e+01  3.1539e+01  8.6178e+00  6.1943e-04 -1.0947e-03  0.0000e+00  0.0000e+00  1.8896e-18 -1.0038e-19  2.8395e+01  8.6388e+00  5.2857e-07 -1.5034e-03  0.0000e+00  0.0000e+00  2.9769e-18 -1.0038e-19
  2.2150e+02  3.0399e+01  3.3521e+01  3.1537e+01  8.6181e+00  6.0411e-04 -1.0318e-03  0.0000e+00  0.0000e+00  1.8563e-18 -1.0254e-19  2.8409e+01  8.6388e+00  5.1117e-07 -1.4360e-03  0.0000e+00  0.0000e+00  2.9138e-18 -1.0254e-19
  2.2250e+02  3.0413e+01  3.3519e+01  3.1534e+01  8.6184e+00  5.8922e-04 -9.7903e-04  0.0000e+00  0.0000e+00  1.8237e-18 -1.0151e-19  2.8424e+01  8.6388e+00  4.9440e-07 -1.3779e-03  0.0000e+00  0.0000e+00  2.8522e-18 -1.0151e-19
  2.2350e+02  3.0427e+01  3.3516e+01  3.1531e+01  8.6188e+00  5.7475e-04 -9.3710e-04  0.0000e+00  0.0000e+00  1.7917e-18 -9.9840e-20  2.8438e+01  8.6388e+00  4.7824e-07 -1.3296e-03  0.0000e+00  0.0000e+00  2.7921e-18 -9.9840e-20
  2.2450e+02  3.0441e+01  3.3513e+01  3.1529e+01  8.6191e+00  5.6068e-04 -9.0654e-04  0.0000e+00  0.0000e+00  1.7604e-18 -9.9989e-20  2.8451e+01  8.6388e+00  4.6267e-07 -1.2916e-03  0.0000e+00  0.0000e+00  2.7334e-18 -9.9989e-20
  2.2550e+02  3.0454e+01  3.3511e+01  3.1526e+01  8.6194e+00  5.4702e-04 -8.8792e-04  0.0000e+00  0.0000e+00  1.7298e-18 -1.0420e-19  2.8465e+01  8.6388e+00  4.4767e-07 -1.2645e-03  0.0000e+00  0.0000e+00  2.6761e-18 -1.0420e-19
  2.2650e+02  3.0468e+01  3.3508e+01  3.1523e+01  8.6197e+00  5.3374e-04 -8.8191e-04  0.0000e+00  0.0000e+00  1.6998e-18 -1.1469e-19  2.8479e+01  8.6388e+00  4.3320e-07 -1.2488e-03  0.0000e+00  0.0000e+00  2.6202e-18 -1.1469e-19
  2.2750e+02  3.0481e+01  3.3505e+01  3.1520e+01  8.6199e+00  5.2084e-04 -8.8916e-04  0.0000e+00  0.0000e+00  1.6704e-18 -1.3164e-19  2.8492e+01  8.6388e+00  4.1927e-07 -1.2451e-03  0.0000e+00  0.0000e+00  2.5656e-18 -1.3164e-19
  2.2850e+02  3.0494e+01  3.3502e+01  3.1517e+01  8.6202e+00  5.0829e-04 -9.1035e-04  0.0000e+00  0.0000e+00  1.6415e-18 -1.5232e-19  2.8505e+01  8.6388e+00  4.0583e-07 -1.2541e-03  0.0000e+00  0.0000e+00  2.5123e-18 -1.5232e-19
  2.2950e+02  3.0507e+01  3.3499e+01  3.1514e+01  8.6205e+00  4.9610e-04 -9.4598e-04  0.0000e+00  0.0000e+00  1.6132e-18 -1.7416e-19  2.8518e+01  8.6388e+00  3.9287e-07 -1.2761e-03  0.0000e+00  0.0000e+00  2.4602e-18 -1.7416e-19
