5.0000e-01  5.3369454569e-01  3.6627575529e-02 -2.2702894790e-02
1.5000e+00  4.6879947630e+00 -2.4295037330e-01  1.7995617665e-01
2.5000e+00  1.3480900512e+01 -1.3181902088e+00 -3.6453951327e-01
3.5000e+00  2.3677009782e+01 -4.4823828146e-01 -6.5083716576e-01
4.5000e+00  3.2920847739e+01  5.2778918617e-01  7.9789171587e-01
5.5000e+00  3.9866854748e+01  3.8515999150e-01  2.6993318977e+00
6.5000e+00  4.4717331345e+01 -1.9706352069e+00  4.1945652628e+00
7.5000e+00  4.7993222486e+01 -6.1051114804e+00  4.6201842986e+00
8.5000e+00  5.0264801722e+01 -1.1123953496e+01  4.2430327625e+00
9.5000e+00  5.1933661754e+01 -1.6231422397e+01  3.5293289225e+00
1.0500e+01  5.3252832937e+01 -2.0945682534e+01  2.9059545141e+00
1.1500e+01  5.4355237710e+01 -2.5083639391e+01  2.5860752895e+00
1.2500e+01  5.5294322934e+01 -2.8670888890e+01  2.5722854348e+00
1.3500e+01  5.6083434876e+01 -3.1807809820e+01  2.7776603989e+00
1.4500e+01  5.6721220787e+01 -3.4591584976e+01  3.1115807294e+00
1.5500e+01  5.7203399053e+01 -3.7094976927e+01  3.5013485406e+00
1.6500e+01  5.7528528439e+01 -3.9366562472e+01  3.8949902329e+00
1.7500e+01  5.7700555343e+01 -4.1436881308e+01  4.2595405167e+00
1.8500e+01  5.7729118379e+01 -4.3325932402e+01  4.5773869166e+00
1.9500e+01  5.7628423114e+01 -4.5049317325e+01  4.8422741174e+00
2.0500e+01  5.7415346193e+01 -4.6622060145e+01  5.0557301968e+00
2.1500e+01  5.7107369004e+01 -4.8060229981e+01  5.2241167111e+00
2.2500e+01  5.6720772471e+01 -4.9380958531e+01  5.3562736373e+00
2.3500e+01  5.6269393372e+01 -5.0601604377e+01  5.4617104981e+00
2.4500e+01  5.5763988862e+01 -5.1738529603e+01  5.5491671693e+00
2.5500e+01  5.5212227940e+01 -5.2806049726e+01  5.6257230356e+00
2.6500e+01  5.4619151185e+01 -5.3815737331e+01  5.6963515010e+00
2.7500e+01  5.3987902559e+01 -5.4776148935e+01  5.7638683501e+00
2.8500e+01  5.3320560719e+01 -5.5692994617e+01  5.8292423227e+00
2.9500e+01  5.2618879211e+01 -5.6569584129e+01  5.8920759698e+00
3.0500e+01  5.1884839785e+01 -5.7407456447e+01  5.9511957080e+00
3.1500e+01  5.1120963679e+01 -5.8207045039e+01  6.0052102410e+00
3.2500e+01  5.0330380518e+01 -5.8968257819e+01  6.0529382631e+00
3.3500e+01  4.9516719547e+01 -5.9690942968e+01  6.0937019860e+00
3.4500e+01  4.8683884779e+01 -6.0375191068e+01  6.1274487824e+00
3.5500e+01  4.7835782941e+01 -6.1021466388e+01  6.1547050243e+00
3.6500e+01  4.6976083332e+01 -6.1630635739e+01  6.1764541270e+00
3.7500e+01  4.6108043174e+01 -6.2203911705e+01  6.1939548936e+00
3.8500e+01  4.5234405955e+01 -6.2742725971e+01  6.2085249441e+00
3.9500e+01  4.4357386581e+01 -6.3248603432e+01  6.2213667723e+00
4.0500e+01  4.3478728821e+01 -6.3723065597e+01  6.2334602275e+00
4.1500e+01  4.2599802550e+01 -6.4167558087e+01  6.2455052784e+00
4.2500e+01  4.1721712864e+01 -6.4583404230e+01  6.2579141851e+00
4.3500e+01  4.0845397786e+01 -6.4971779769e+01  6.2708389155e+00
4.4500e+01  3.9971706729e+01 -6.5333719363e+01  6.2842397364e+00
4.5500e+01  3.9101455838e+01 -6.5670150812e+01  6.2979756265e+00
4.6500e+01  3.8235443476e+01 -6.5981908426e+01  6.3118542513e+00
4.7500e+01  3.7374453083e+01 -6.6269772330e+01  6.3256995989e+00
4.8500e+01  3.6519243749e+01 -6.6534509140e+01  6.3394027733e+00
4.9500e+01  3.5670520172e+01 -6.6776874128e+01  6.3529178198e+00
5.0500e+01  3.4828905272e+01 -6.6997612955e+01  6.3662536441e+00
5.1500e+01  3.3994923269e+01 -6.7197467326e+01  6.3794644813e+00
5.2500e+01  3.3168995197e+01 -6.7377184569e+01  6.3926447528e+00
5.3500e+01  3.2351436803e+01 -6.7537507895e+01  6.4059039515e+00
5.4500e+01  3.1542465078e+01 -6.7679167783e+01  6.4193520550e+00
5.5500e+01  3.0742207994e+01 -6.7802867147e+01  6.4330859643e+00
5.6500e+01  2.9950715773e+01 -6.7909262258e+01  6.4471796421e+00
5.7500e+01  2.9167981554e+01 -6.7998961422e+01  6.4616994607e+00
5.8500e+01  2.8393958848e+01 -6.8072514545e+01  6.4767123292e+00
5.9500e+01  2.7628570089e+01 -6.8130382437e+01  6.4922757659e+00
6.0500e+01  2.6871721509e+01 -6.8172921056e+01  6.5084497445e+00
6.1500e+01  2.6123320909e+01 -6.8200368577e+01  6.5253092056e+00
6.2500e+01  2.5383294124e+01 -6.8212823852e+01  6.5429452487e+00
6.3500e+01  2.4651603435e+01 -6.8210221744e+01  6.5614602482e+00
6.4500e+01  2.3928270938e+01 -6.8192311189e+01  6.5809630269e+00
6.5500e+01  2.3213405071e+01 -6.8158630151e+01  6.6015520089e+00
6.6500e+01  2.2507239314e+01 -6.8108500289e+01  6.6233129504e+00
6.7500e+01  2.1810176666e+01 -6.8041028816e+01  6.6463141302e+00
6.8500e+01  2.1122825116e+01 -6.7955087832e+01  6.6705654254e+00
6.9500e+01  2.0446046976e+01 -6.7849330405e+01  6.6960095127e+00
7.0500e+01  1.9781013910e+01 -6.7722228323e+01  6.7225217382e+00
7.1500e+01  1.9129253653e+01 -6.7572104989e+01  6.7498869413e+00
7.2500e+01  1.8492695142e+01 -6.7397186926e+01  6.7777839216e+00
7.3500e+01  1.7873713021e+01 -6.7195680790e+01  6.8057806956e+00
7.4500e+01  1.7275170484e+01 -6.6965880343e+01  6.8333497806e+00
7.5500e+01  1.6700445955e+01 -6.6706275652e+01  6.8598760111e+00
7.6500e+01  1.6153444487e+01 -6.6415672679e+01  6.8846739972e+00
7.7500e+01  1.5638592212e+01 -6.6093322181e+01  6.9070176649e+00
7.8500e+01  1.5160807007e+01 -6.5739044714e+01  6.9261755817e+00
7.9500e+01  1.4725448035e+01 -6.5353358676e+01  6.9414684989e+00
8.0500e+01  1.4338227829e+01 -6.4937570001e+01  6.9523038191e+00
8.1500e+01  1.4005095162e+01 -6.4493841893e+01  6.9582227074e+00
8.2500e+01  1.3732087303e+01 -6.4025236047e+01  6.9589556782e+00
8.3500e+01  1.3525140632e+01 -6.3535691499e+01  6.9544504237e+00
8.4500e+01  1.3389869710e+01 -6.3029955768e+01  6.9448931833e+00
8.5500e+01  1.3331316997e+01 -6.2513460092e+01  6.9307097681e+00
8.6500e+01  1.3353677783e+01 -6.1992135517e+01  6.9125396861e+00
8.7500e+01  1.3460021504e+01 -6.1472203618e+01  6.8912164612e+00
8.8500e+01  1.3652007822e+01 -6.0959919019e+01  6.8677141178e+00
8.9500e+01  1.3929615712e+01 -6.0461287729e+01  6.8430752962e+00
9.0500e+01  1.4290905005e+01 -5.9981787901e+01  6.8183381574e+00
9.1500e+01  1.4731825971e+01 -5.9526111565e+01  6.7944700272e+00
9.2500e+01  1.5246083856e+01 -5.9097925190e+01  6.7722860858e+00
9.3500e+01  1.5825081361e+01 -5.8699688928e+01  6.7523867128e+00
9.4500e+01  1.6457956226e+01 -5.8332562417e+01  6.7351287024e+00
9.5500e+01  1.7131711887e+01 -5.7996387075e+01  6.7206116006e+00
9.6500e+01  1.7831441928e+01 -5.7689747689e+01  6.7086810260e+00
9.7500e+01  1.8540649593e+01 -5.7410122767e+01  6.6989616158e+00
9.8500e+01  1.9241655379e+01 -5.7154119075e+01  6.6909185321e+00
9.9500e+01  1.9916074574e+01 -5.6917766312e+01  6.6839310839e+00
1.0050e+02  2.0545348474e+01 -5.6696858236e+01  6.6773786604e+00
1.0150e+02  2.1111301146e+01 -5.6487304146e+01  6.6707189009e+00
1.0250e+02  2.1596701603e+01 -5.6285478026e+01  6.6635688060e+00
1.0350e+02  2.1985799114e+01 -5.6088523663e+01  6.6557587894e+00
1.0450e+02  2.2264807786e+01 -5.5894596815e+01  6.6473615024e+00
1.0550e+02  2.2422317925e+01 -5.5703026250e+01  6.6386913353e+00
1.0650e+02  2.2449617639e+01 -5.5514386484e+01  6.6302788836e+00
1.0750e+02  2.2340910349e+01 -5.5330476296e+01  6.6228235409e+00
1.0850e+02  2.2093420433e+01 -5.5154204542e+01  6.6171250320e+00
1.0950e+02  2.1707384159e+01 -5.4989388827e+01  6.6139939852e+00
1.1050e+02  2.1185934489e+01 -5.4840493109e+01  6.6141657666e+00
1.1150e+02  2.0534892003e+01 -5.4712328870e+01  6.6182305492e+00
1.1250e+02  1.9762466887e+01 -5.4609718121e+01  6.6265557123e+00
1.1350e+02  1.8878901369e+01 -5.4537167649e+01  6.6392368676e+00
1.1450e+02  1.7896071934e+01 -5.4498574920e+01  6.6560805120e+00
1.1550e+02  1.6827064459e+01 -5.4496967476e+01  6.6766009029e+00
1.1650e+02  1.5685747982e+01 -5.4534304715e+01  6.7000472207e+00
1.1750e+02  1.4486361501e+01 -5.4611342922e+01  6.7254460216e+00
1.1850e+02  1.3243132349e+01 -5.4727575715e+01  6.7516629864e+00
1.1950e+02  1.1969939765e+01 -5.4881253100e+01  6.7774829306e+00
1.2050e+02  1.0680025175e+01 -5.5069458155e+01  6.8016854417e+00
1.2150e+02  9.3857571314e+00 -5.5288239246e+01  6.8231181801e+00
1.2250e+02  8.0984534959e+00 -5.5532787982e+01  6.8407650449e+00
1.2350e+02  6.8282583061e+00 -5.5797646554e+01  6.8538027637e+00
1.2450e+02  5.5840625269e+00 -5.6076913371e+01  6.8616232106e+00
1.2550e+02  4.3734747670e+00 -5.6364461180e+01  6.8638549417e+00
1.2650e+02  3.2028365014e+00 -5.6654156190e+01  6.8603791995e+00
1.2750e+02  2.0772657075e+00 -5.6940047125e+01  6.8513169560e+00
1.2850e+02  1.0007231976e+00 -5.7216521913e+01  6.8369997250e+00
1.2950e+02 -2.3900837446e-02 -5.7478437219e+01  6.8179369271e+00
1.3050e+02 -9.9468979030e-01 -5.7721209579e+01  6.7947694262e+00
1.3150e+02 -1.9105892435e+00 -5.7940890762e+01  6.7682402051e+00
1.3250e+02 -2.7712991250e+00 -5.8134197282e+01  6.7391448404e+00
1.3350e+02 -3.5771659203e+00 -5.8298516096e+01  6.7082907530e+00
1.3450e+02 -4.3290730620e+00 -5.8431901674e+01  6.6764785165e+00
1.3550e+02 -5.0283467029e+00 -5.8533033297e+01  6.6444637763e+00
1.3650e+02 -5.6766691961e+00 -5.8601159413e+01  6.6129284228e+00
1.3750e+02 -6.2759959030e+00 -5.8636044590e+01  6.5824704916e+00
1.3850e+02 -6.8284794130e+00 -5.8637914649e+01  6.5536037727e+00
1.3950e+02 -7.3364089995e+00 -5.8607385357e+01  6.5267461223e+00
