5.0000e-01  6.9030321629e-02 -1.8862385849e-02 -1.1587962121e-02
1.5000e+00  9.6491351072e-01 -2.9473905005e-01 -5.8017358474e-02
2.5000e+00  3.8247587397e+00 -1.5138340602e+00 -3.1455469390e-01
3.5000e+00  8.5784224455e+00 -2.4317928401e+00 -1.3606083054e+00
4.5000e+00  1.4647988245e+01 -2.6486388819e+00 -2.2020155036e+00
5.5000e+00  2.0712626400e+01 -1.1657589925e+00 -2.6950398006e+00
6.5000e+00  2.6250461272e+01  9.5426047584e-01 -1.7823642819e+00
7.5000e+00  3.0907529961e+01  2.9565687595e+00  1.1810983078e-01
8.5000e+00  3.4642514303e+01  4.0597016160e+00  2.4844482009e+00
9.5000e+00  3.7507448103e+01  3.9203393320e+00  4.6677921962e+00
1.0500e+01  3.9633596673e+01  2.5173478610e+00  6.2959069421e+00
1.1500e+01  4.1151506136e+01 -2.9278621971e-02  7.1287505052e+00
1.2500e+01  4.2191354969e+01 -3.4719908178e+00  7.1675368300e+00
1.3500e+01  4.2874773885e+01 -7.4665637422e+00  6.6407500116e+00
1.4500e+01  4.3298901458e+01 -1.1674667465e+01  5.8450197620e+00
1.5500e+01  4.3529589571e+01 -1.5833257749e+01  5.0128901727e+00
1.6500e+01  4.3600577766e+01 -1.9794730207e+01  4.2481351197e+00
1.7500e+01  4.3528385242e+01 -2.3489988762e+01  3.5774889511e+00
1.8500e+01  4.3327926733e+01 -2.6879679066e+01  3.0148871225e+00
1.9500e+01  4.3018225622e+01 -2.9939547316e+01  2.5750692698e+00
2.0500e+01  4.2621128226e+01 -3.2666317939e+01  2.2585306676e+00
2.1500e+01  4.2159248453e+01 -3.5077618254e+01  2.0487449303e+00
2.2500e+01  4.1654676769e+01 -3.7203537112e+01  1.9223422358e+00
2.3500e+01  4.1127638521e+01 -3.9077865726e+01  1.8587761966e+00
2.4500e+01  4.0594896180e+01 -4.0733099282e+01  1.8443321888e+00
2.5500e+01  4.0068189601e+01 -4.2199528039e+01  1.8701990937e+00
2.6500e+01  3.9553392466e+01 -4.3505925330e+01  1.9288735500e+00
2.7500e+01  3.9050827197e+01 -4.4679394576e+01  2.0128628936e+00
2.8500e+01  3.8556511245e+01 -4.5744266183e+01  2.1156323628e+00
2.9500e+01  3.8063795347e+01 -4.6721217773e+01  2.2326609223e+00
3.0500e+01  3.7564919678e+01 -4.7627430716e+01  2.3610343479e+00
3.1500e+01  3.7052331020e+01 -4.8477171137e+01  2.4984230082e+00
3.2500e+01  3.6519715894e+01 -4.9282237574e+01  2.6424216553e+00
3.3500e+01  3.5962668157e+01 -5.0052106677e+01  2.7903281335e+00
3.4500e+01  3.5378997518e+01 -5.0793939140e+01  2.9392658317e+00
3.5500e+01  3.4768715134e+01 -5.1512563296e+01  3.0864208105e+00
3.6500e+01  3.4133751357e+01 -5.2210470884e+01  3.2292114876e+00
3.7500e+01  3.3477541452e+01 -5.2887969228e+01  3.3654476634e+00
3.8500e+01  3.2804557831e+01 -5.3543475675e+01  3.4934206894e+00
3.9500e+01  3.2119847800e+01 -5.4173917140e+01  3.6119028894e+00
4.0500e+01  3.1428626125e+01 -5.4775216721e+01  3.7200973856e+00
4.1500e+01  3.0735952369e+01 -5.5342845417e+01  3.8175857355e+00
4.2500e+01  3.0046496098e+01 -5.5872393620e+01  3.9042972412e+00
4.3500e+01  2.9364361255e+01 -5.6360071755e+01  3.9804610490e+00
4.4500e+01  2.8692953639e+01 -5.6803102042e+01  4.0465585496e+00
4.5500e+01  2.8034895970e+01 -5.7200016972e+01  4.1033251526e+00
4.6500e+01  2.7391967697e+01 -5.7550815634e+01  4.1517485726e+00
4.7500e+01  2.6765070977e+01 -5.7856987097e+01  4.1930683679e+00
4.8500e+01  2.6154224957e+01 -5.8121409427e+01  4.2287648422e+00
4.9500e+01  2.5558599886e+01 -5.8348155650e+01  4.2605447261e+00
5.0500e+01  2.4976592158e+01 -5.8542215305e+01  4.2902961879e+00
5.1500e+01  2.4405938368e+01 -5.8709143130e+01  4.3199995984e+00
5.2500e+01  2.3843881992e+01 -5.8854691433e+01  4.3516327278e+00
5.3500e+01  2.3287384260e+01 -5.8984439851e+01  4.3870589178e+00
5.4500e+01  2.2733366264e+01 -5.9103438627e+01  4.4279008430e+00
5.5500e+01  2.2178967931e+01 -5.9215887626e+01  4.4754135681e+00
5.6500e+01  2.1621802729e+01 -5.9324864126e+01  4.5303635737e+00
5.7500e+01  2.1060191571e+01 -5.9432126506e+01  4.5929413717e+00
5.8500e+01  2.0493353586e+01 -5.9538003528e+01  4.6627131416e+00
5.9500e+01  1.9921526861e+01 -5.9641361234e+01  4.7386011424e+00
6.0500e+01  1.9346010719e+01 -5.9739669161e+01  4.8189186479e+00
6.1500e+01  1.8769120850e+01 -5.9829166348e+01  4.9014586283e+00
6.2500e+01  1.8194059312e+01 -5.9905130063e+01  4.9836423760e+00
6.3500e+01  1.7624702018e+01 -5.9962225037e+01  5.0627063024e+00
6.4500e+01  1.7065315261e+01 -5.9994907142e+01  5.1359086703e+00
6.5500e+01  1.6520230220e+01 -5.9997872395e+01  5.2007616565e+00
6.6500e+01  1.5993497713e+01 -5.9966506167e+01  5.2552534956e+00
6.7500e+01  1.5488555669e+01 -5.9897300012e+01  5.2980447740e+00
6.8500e+01  1.5007939665e+01 -5.9788195115e+01  5.3286133116e+00
6.9500e+01  1.4553071303e+01 -5.9638830215e+01  5.3473460208e+00
7.0500e+01  1.4124146887e+01 -5.9450659404e+01  5.3555540069e+00
7.1500e+01  1.3720137302e+01 -5.9226907269e+01  5.3553879236e+00
7.2500e+01  1.3338915763e+01 -5.8972378603e+01  5.3496830615e+00
7.3500e+01  1.2977508689e+01 -5.8693128861e+01  5.3417380261e+00
7.4500e+01  1.2632451433e+01 -5.8396011889e+01  5.3350354048e+00
7.5500e+01  1.2300222143e+01 -5.8088140750e+01  5.3329277701e+00
7.6500e+01  1.1977721150e+01 -5.7776315796e+01  5.3383270193e+00
7.7500e+01  1.1662749927e+01 -5.7466463312e+01  5.3534153157e+00
7.8500e+01  1.1354444169e+01 -5.7163137551e+01  5.3794051549e+00
7.9500e+01  1.1053623268e+01 -5.6869151182e+01  5.4163929993e+00
8.0500e+01  1.0763010903e+01 -5.6585358722e+01  5.4633038633e+00
8.1500e+01  1.0487295621e+01 -5.6310618062e+01  5.5179379708e+00
8.2500e+01  1.0233015582e+01 -5.6041945453e+01  5.5771277353e+00
8.3500e+01  1.0008260846e+01 -5.5774847654e+01  5.6369853019e+00
8.4500e+01  9.8222094291e+00 -5.5503814973e+01  5.6932352620e+00
8.5500e+01  9.6845226729e+00 -5.5222927985e+01  5.7415997145e+00
8.6500e+01  9.6046375461e+00 -5.4926514607e+01  5.7781928127e+00
8.7500e+01  9.5910091448e+00 -5.4609798706e+01  5.7998932866e+00
8.8500e+01  9.6503642914e+00 -5.4269481485e+01  5.8046633078e+00
8.9500e+01  9.7870297114e+00 -5.3904203848e+01  5.7917887999e+00
9.0500e+01  1.0002386258e+01 -5.3514828092e+01  5.7619972934e+00
9.1500e+01  1.0294500019e+01 -5.3104513041e+01  5.7174452809e+00
9.2500e+01  1.0657968528e+01 -5.2678577200e+01  5.6615777718e+00
9.3500e+01  1.1083994765e+01 -5.2244145280e+01  5.5988512747e+00
9.4500e+01  1.1560696181e+01 -5.1809627440e+01  5.5343656927e+00
9.5500e+01  1.2073620134e+01 -5.1384059068e+01  5.4734104344e+00
9.6500e+01  1.2606435149e+01 -5.0976382715e+01  5.4209912023e+00
9.7500e+01  1.3141742016e+01 -5.0594735882e+01  5.3813746779e+00
9.8500e+01  1.3661932994e+01 -5.0245796682e+01  5.3576768585e+00
9.9500e+01  1.4150043282e+01 -4.9934281211e+01  5.3515754028e+00
1.0050e+02  1.4590521696e+01 -4.9662625665e+01  5.3631579273e+00
1.0150e+02  1.4969862240e+01 -4.9430882724e+01  5.3909265461e+00
1.0250e+02  1.5277055824e+01 -4.9236846485e+01  5.4319702562e+00
1.0350e+02  1.5503834090e+01 -4.9076381867e+01  5.4822798272e+00
1.0450e+02  1.5644704178e+01 -4.8943927219e+01  5.5371814453e+00
1.0550e+02  1.5696793522e+01 -4.8833118682e+01  5.5918457778e+00
1.0650e+02  1.5659537924e+01 -4.8737462565e+01  5.6418042739e+00
1.0750e+02  1.5534266147e+01 -4.8650992675e+01  5.6834179876e+00
1.0850e+02  1.5323737252e+01 -4.8568843227e+01  5.7142362002e+00
1.0950e+02  1.5031691237e+01 -4.8487690293e+01  5.7332088887e+00
1.1050e+02  1.4662462482e+01 -4.8406022802e+01  5.7407248104e+00
1.1150e+02  1.4220692426e+01 -4.8324226316e+01  5.7384740400e+00
1.1250e+02  1.3711158721e+01 -4.8244480841e+01  5.7291557715e+00
1.1350e+02  1.3138714857e+01 -4.8170483769e+01  5.7160633114e+00
1.1450e+02  1.2508326034e+01 -4.8107047122e+01  5.7026227633e+00
1.1550e+02  1.1825167448e+01 -4.8059612840e+01  5.6919498436e+00
1.1650e+02  1.1094738883e+01 -4.8033720555e+01  5.6864688011e+00
1.1750e+02  1.0322962479e+01 -4.8034490328e+01  5.6876595146e+00
1.1850e+02  9.5162303682e+00 -4.8066157702e+01  5.6959525557e+00
1.1950e+02  8.6813838809e+00 -4.8131694930e+01  5.7107742730e+00
1.2050e+02  7.8256227411e+00 -4.8232545031e+01  5.7307235822e+00
1.2150e+02  6.9563554806e+00 -4.8368480370e+01  5.7538391326e+00
1.2250e+02  6.0810146181e+00 -4.8537590649e+01  5.7779095677e+00
1.2350e+02  5.2068581387e+00 -4.8736378639e+01  5.8007577957e+00
1.2450e+02  4.3407881257e+00 -4.8959960106e+01  5.8204715544e+00
1.2550e+02  3.4892058640e+00 -4.9202346686e+01  5.8355516063e+00
1.2650e+02  2.6579104181e+00 -4.9456783097e+01  5.8449661576e+00
1.2750e+02  1.8520386627e+00 -4.9716113884e+01  5.8481256775e+00
1.2850e+02  1.0760320854e+00 -4.9973146978e+01  5.8447973316e+00
1.2950e+02  3.3362126967e-01 -5.0221009130e+01  5.8350197461e+00
1.3050e+02 -3.7218924120e-01 -5.0453468689e+01  5.8190458502e+00
1.3150e+02 -1.0391548696e+00 -5.0665186511e+01  5.7973098885e+00
1.3250e+02 -1.6658355307e+00 -5.0851903336e+01  5.7704542939e+00
1.3350e+02 -2.2516466015e+00 -5.1010539840e+01  5.7393857870e+00
1.3450e+02 -2.7968940342e+00 -5.1139212595e+01  5.7053420366e+00
1.3550e+02 -3.3027692884e+00 -5.1237167650e+01  5.6699306399e+00
1.3650e+02 -3.7712833234e+00 -5.1304634756e+01  5.6350978106e+00
1.3750e+02 -4.2051168177e+00 -5.1342636056e+01  5.6030262400e+00
1.3850e+02 -4.6073955607e+00 -5.1352744405e+01  5.5759251986e+00
1.3950e+02 -4.9814000027e+00 -5.1336831504e+01  5.5557532492e+00
