5.0000e-01 -2.4842527216e-01 -2.0954199272e-03  1.5110081719e-03
1.5000e+00 -2.1260481764e+00 -7.6999941862e-02 -5.9203485960e-03
2.5000e+00 -4.7212148256e+00 -1.3455417120e+00  2.8436630594e-01
3.5000e+00 -5.5510802843e+00 -4.4065490561e+00 -7.6675118260e-01
4.5000e+00  2.1616063661e+00 -9.4121263187e+00 -9.0038796096e+00
5.5000e+00  1.4237181293e+01 -4.2831614527e-01 -2.1412400762e+01
6.5000e+00  2.5172538306e+01  1.5346849785e+01 -1.2751241396e+01
7.5000e+00  3.1351313525e+01  2.1300797018e+01 -1.5726007004e+00
8.5000e+00  3.4466663941e+01  1.8516583601e+01  2.5996317062e+00
9.5000e+00  3.6650245247e+01  1.4164670755e+01  3.9616299885e+00
1.0500e+01  3.8372288515e+01  9.6125306201e+00  4.7137257378e+00
1.1500e+01  3.9731966817e+01  4.9339869942e+00  4.8598622879e+00
1.2500e+01  4.0808013782e+01  3.1032284508e-01  4.7607155267e+00
1.3500e+01  4.1641448485e+01 -4.1166580735e+00  4.7015580301e+00
1.4500e+01  4.2236589699e+01 -8.3613310569e+00  4.6425625502e+00
1.5500e+01  4.2614439587e+01 -1.2375473570e+01  4.5990725184e+00
1.6500e+01  4.2810173571e+01 -1.6082620446e+01  4.6136325171e+00
1.7500e+01  4.2854113450e+01 -1.9467492764e+01  4.6346739897e+00
1.8500e+01  4.2783706240e+01 -2.2500849618e+01  4.6740419013e+00
1.9500e+01  4.2626577583e+01 -2.5204556789e+01  4.7002608714e+00
2.0500e+01  4.2407509459e+01 -2.7601305004e+01  4.7220345666e+00
2.1500e+01  4.2141648495e+01 -2.9737546772e+01  4.7337409236e+00
2.2500e+01  4.1838690003e+01 -3.1658536648e+01  4.7430197051e+00
2.3500e+01  4.1502898599e+01 -3.3409509088e+01  4.7536109329e+00
2.4500e+01  4.1135940806e+01 -3.5026885763e+01  4.7699698426e+00
2.5500e+01  4.0738675442e+01 -3.6536729207e+01  4.7944194070e+00
2.6500e+01  4.0312604602e+01 -3.7954343185e+01  4.8270929197e+00
2.7500e+01  3.9860616858e+01 -3.9286426658e+01  4.8659285327e+00
2.8500e+01  3.9386942298e+01 -4.0534205532e+01  4.9072851983e+00
2.9500e+01  3.8896480656e+01 -4.1696858673e+01  4.9469248197e+00
3.0500e+01  3.8393858708e+01 -4.2774745409e+01  4.9810190820e+00
3.1500e+01  3.7882396766e+01 -4.3771718055e+01  5.0068758977e+00
3.2500e+01  3.7363273014e+01 -4.4696296694e+01  5.0234557591e+00
3.3500e+01  3.6835074397e+01 -4.5561531498e+01  5.0314360187e+00
3.4500e+01  3.6293945720e+01 -4.6383876112e+01  5.0330073369e+00
3.5500e+01  3.5734247833e+01 -4.7181214462e+01  5.0314360670e+00
3.6500e+01  3.5149584922e+01 -4.7970358996e+01  5.0303639902e+00
3.7500e+01  3.4534153580e+01 -4.8764750962e+01  5.0332044044e+00
3.8500e+01  3.3883994940e+01 -4.9572413463e+01  5.0425138512e+00
3.9500e+01  3.3198060080e+01 -5.0394755370e+01  5.0595924119e+00
4.0500e+01  3.2478840734e+01 -5.1226298108e+01  5.0843340970e+00
4.1500e+01  3.1732409347e+01 -5.2055262472e+01  5.1152726395e+00
4.2500e+01  3.0967994862e+01 -5.2865162840e+01  5.1499814230e+00
4.3500e+01  3.0197016844e+01 -5.3636838968e+01  5.1855056814e+00
4.4500e+01  2.9431831470e+01 -5.4350816912e+01  5.2189128395e+00
4.5500e+01  2.8684408286e+01 -5.4989694770e+01  5.2478465386e+00
4.6500e+01  2.7965033312e+01 -5.5540037731e+01  5.2708178716e+00
4.7500e+01  2.7281341767e+01 -5.5993849516e+01  5.2874395473e+00
4.8500e+01  2.6637667811e+01 -5.6349220378e+01  5.2983139618e+00
4.9500e+01  2.6034884584e+01 -5.6610419729e+01  5.3048831829e+00
5.0500e+01  2.5470581219e+01 -5.6787220233e+01  5.3090221589e+00
5.1500e+01  2.4939589562e+01 -5.6893801427e+01  5.3126819609e+00
5.2500e+01  2.4434740251e+01 -5.6947365841e+01  5.3175689991e+00
5.3500e+01  2.3947671867e+01 -5.6966547926e+01  5.3248856033e+00
5.4500e+01  2.3469664507e+01 -5.6969938547e+01  5.3352811635e+00
5.5500e+01  2.2992350419e+01 -5.6974700539e+01  5.3488521407e+00
5.6500e+01  2.2508316841e+01 -5.6995501683e+01  5.3653035850e+00
5.7500e+01  2.2011516426e+01 -5.7043668443e+01  5.3841106682e+00
5.8500e+01  2.1497545428e+01 -5.7126686889e+01  5.4047492410e+00
5.9500e+01  2.0963774741e+01 -5.7247935559e+01  5.4267989434e+00
6.0500e+01  2.0409427420e+01 -5.7406783622e+01  5.4500621879e+00
6.1500e+01  1.9835515379e+01 -5.7598807990e+01  5.4745147879e+00
6.2500e+01  1.9244731549e+01 -5.7816278365e+01  5.5002273985e+00
6.3500e+01  1.8641278368e+01 -5.8048828067e+01  5.5272152378e+00
6.4500e+01  1.8030577925e+01 -5.8284200095e+01  5.5552815682e+00
6.5500e+01  1.7418940742e+01 -5.8509169864e+01  5.5839720378e+00
6.6500e+01  1.6813149489e+01 -5.8710466252e+01  5.6125554348e+00
6.7500e+01  1.6220009959e+01 -5.8875688403e+01  5.6401186980e+00
6.8500e+01  1.5645911823e+01 -5.8994130949e+01  5.6656678866e+00
6.9500e+01  1.5096462226e+01 -5.9057501489e+01  5.6882705716e+00
7.0500e+01  1.4576134837e+01 -5.9060303803e+01  5.7071470163e+00
7.1500e+01  1.4088064016e+01 -5.9000054366e+01  5.7218326972e+00
7.2500e+01  1.3633979900e+01 -5.8877258955e+01  5.7322969297e+00
7.3500e+01  1.3214264812e+01 -5.8695121511e+01  5.7389612738e+00
7.4500e+01  1.2828166047e+01 -5.8459118195e+01  5.7426236751e+00
7.5500e+01  1.2474101565e+01 -5.8176451899e+01  5.7443150159e+00
7.6500e+01  1.2149989188e+01 -5.7855421578e+01  5.7451541878e+00
7.7500e+01  1.1853615674e+01 -5.7504867820e+01  5.7462629839e+00
7.8500e+01  1.1582965453e+01 -5.7133627598e+01  5.7486505217e+00
7.9500e+01  1.1336553381e+01 -5.6750146234e+01  5.7531303138e+00
8.0500e+01  1.1113679804e+01 -5.6362121119e+01  5.7601925956e+00
8.1500e+01  1.0914600286e+01 -5.5976209847e+01  5.7699715780e+00
8.2500e+01  1.0740627459e+01 -5.5597825896e+01  5.7823083232e+00
8.3500e+01  1.0594136883e+01 -5.5230939621e+01  5.7968013114e+00
8.4500e+01  1.0478531348e+01 -5.4877981711e+01  5.8128277621e+00
8.5500e+01  1.0398121397e+01 -5.4539819174e+01  5.8295411578e+00
8.6500e+01  1.0357866229e+01 -5.4215785645e+01  5.8459086496e+00
8.7500e+01  1.0363004867e+01 -5.3903872514e+01  5.8608269455e+00
8.8500e+01  1.0418567889e+01 -5.3601046234e+01  5.8731937685e+00
8.9500e+01  1.0528858933e+01 -5.3303825306e+01  5.8820004641e+00
9.0500e+01  1.0696840856e+01 -5.3008902695e+01  5.8863664904e+00
9.1500e+01  1.0923497817e+01 -5.2713819840e+01  5.8856615690e+00
9.2500e+01  1.1207258143e+01 -5.2417605706e+01  5.8796596131e+00
9.3500e+01  1.1543573481e+01 -5.2121268350e+01  5.8686221846e+00
9.4500e+01  1.1924757677e+01 -5.1828082322e+01  5.8533150241e+00
9.5500e+01  1.2340058401e+01 -5.1543451835e+01  5.8349299706e+00
9.6500e+01  1.2776031867e+01 -5.1274423846e+01  5.8150503939e+00
9.7500e+01  1.3217186444e+01 -5.1028791523e+01  5.7955303421e+00
9.8500e+01  1.3646928585e+01 -5.0814004207e+01  5.7783032769e+00
9.9500e+01  1.4048681477e+01 -5.0635944898e+01  5.7651065910e+00
1.0050e+02  1.4407009138e+01 -5.0497702146e+01  5.7572508240e+00
1.0150e+02  1.4708631684e+01 -5.0398555680e+01  5.7554681462e+00
1.0250e+02  1.4943271504e+01 -5.0333439100e+01  5.7598142437e+00
1.0350e+02  1.5104229692e+01 -5.0292998765e+01  5.7695888477e+00
1.0450e+02  1.5188539522e+01 -5.0264183037e+01  5.7833188014e+00
1.0550e+02  1.5196714050e+01 -5.0231445180e+01  5.7989500033e+00
1.0650e+02  1.5132113413e+01 -5.0178404460e+01  5.8141043368e+00
1.0750e+02  1.5000068564e+01 -5.0089862105e+01  5.8263467553e+00
1.0850e+02  1.4806833741e+01 -4.9953861048e+01  5.8334465007e+00
1.0950e+02  1.4558474339e+01 -4.9763498189e+01  5.8336995224e+00
1.1050e+02  1.4259846009e+01 -4.9518232721e+01  5.8262227936e+00
1.1150e+02  1.3913870935e+01 -4.9224583115e+01  5.8111482024e+00
1.1250e+02  1.3521196174e+01 -4.8896039708e+01  5.7896530486e+00
1.1350e+02  1.3080225261e+01 -4.8552071636e+01  5.7638674961e+00
1.1450e+02  1.2587547749e+01 -4.8216360410e+01  5.7367153769e+00
1.1550e+02  1.2038736486e+01 -4.7914453062e+01  5.7116076609e+00
1.1650e+02  1.1429443549e+01 -4.7671160431e+01  5.6920240430e+00
1.1750e+02  1.0756571537e+01 -4.7507889774e+01  5.6810150553e+00
1.1850e+02  1.0019356210e+01 -4.7440279765e+01  5.6808024837e+00
1.1950e+02  9.2202048105e+00 -4.7476420225e+01  5.6924449141e+00
1.2050e+02  8.3652169805e+00 -4.7615978247e+01  5.7156137663e+00
1.2150e+02  7.4642614766e+00 -4.7850287810e+01  5.7485160011e+00
1.2250e+02  6.5305263995e+00 -4.8163330128e+01  5.7880379015e+00
1.2350e+02  5.5796076755e+00 -4.8533514853e+01  5.8300767855e+00
1.2450e+02  4.6283049248e+00 -4.8936131768e+01  5.8700139948e+00
1.2550e+02  3.6932435940e+00 -4.9346096373e+01  5.9032273477e+00
1.2650e+02  2.7894524916e+00 -4.9740584017e+01  5.9256530514e+00
1.2750e+02  1.9290885298e+00 -5.0101227313e+01  5.9343077116e+00
1.2850e+02  1.1205264172e+00 -5.0415676930e+01  5.9276726144e+00
1.2950e+02  3.6794315748e-01 -5.0678355605e+01  5.9058747026e+00
1.3050e+02 -3.2862082315e-01 -5.0890222379e+01  5.8706396123e+00
1.3150e+02 -9.7272419314e-01 -5.1057652945e+01  5.8250794417e+00
1.3250e+02 -1.5705684616e+00 -5.1190637115e+01  5.7732575578e+00
1.3350e+02 -2.1297115321e+00 -5.1300667471e+01  5.7196312502e+00
1.3450e+02 -2.6577161046e+00 -5.1398505940e+01  5.6684213996e+00
1.3550e+02 -3.1609331038e+00 -5.1492178389e+01  5.6230830207e+00
1.3650e+02 -3.6435759982e+00 -5.1585502991e+01  5.5858925359e+00
1.3750e+02 -4.1071627173e+00 -5.1677448520e+01  5.5577339397e+00
1.3850e+02 -4.5504474823e+00 -5.1762315888e+01  5.5381101535e+00
1.3950e+02 -4.9698697461e+00 -5.1830655146e+01  5.5254274846e+00
