5.0000e-01  4.6154073897e-01  5.5281494880e-02 -2.4477900367e-02
1.5000e+00  3.7621542435e+00  2.0721640566e-02  2.6033008773e-01
2.5000e+00  1.0980437225e+01 -8.7833060097e-01  4.6698412962e-02
3.5000e+00  2.0598195342e+01 -7.5778548231e-01 -3.9772143158e-01
4.5000e+00  3.0364934801e+01  3.4654578212e-01  3.2243190756e-01
5.5000e+00  3.8556562003e+01  1.3850862267e+00  2.0953628235e+00
6.5000e+00  4.4743383321e+01  8.5712731765e-01  4.2350106926e+00
7.5000e+00  4.9099564976e+01 -1.6428861204e+00  5.6970972096e+00
8.5000e+00  5.2066562907e+01 -5.7175397263e+00  6.1369933149e+00
9.5000e+00  5.4079674472e+01 -1.0630199225e+01  5.7409285501e+00
1.0500e+01  5.5487812356e+01 -1.5708482278e+01  4.9522485061e+00
1.1500e+01  5.6530271051e+01 -2.0511244560e+01  4.1732432117e+00
1.2500e+01  5.7350630387e+01 -2.4841142092e+01  3.6283978457e+00
1.3500e+01  5.8021842656e+01 -2.8672357265e+01  3.3666648028e+00
1.4500e+01  5.8573608901e+01 -3.2058134280e+01  3.3430457155e+00
1.5500e+01  5.9012777123e+01 -3.5069125970e+01  3.4843387013e+00
1.6500e+01  5.9335946359e+01 -3.7767918498e+01  3.7208294287e+00
1.7500e+01  5.9537234188e+01 -4.0202475174e+01  3.9982786044e+00
1.8500e+01  5.9612847420e+01 -4.2408231915e+01  4.2799852616e+00
1.9500e+01  5.9563351183e+01 -4.4412623200e+01  4.5443842420e+00
2.0500e+01  5.9394178945e+01 -4.6239062768e+01  4.7811600997e+00
2.1500e+01  5.9114957781e+01 -4.7909387968e+01  4.9874894915e+00
2.2500e+01  5.8738144338e+01 -4.9444715964e+01  5.1650190169e+00
2.3500e+01  5.8277431218e+01 -5.0865197156e+01  5.3176757004e+00
2.4500e+01  5.7746253550e+01 -5.2189196910e+01  5.4501153792e+00
2.5500e+01  5.7156661839e+01 -5.3432471018e+01  5.5667593059e+00
2.6500e+01  5.6518668412e+01 -5.4607632146e+01  5.6712664016e+00
2.7500e+01  5.5840035565e+01 -5.5723966069e+01  5.7662638907e+00
2.8500e+01  5.5126469091e+01 -5.6787704090e+01  5.8533970155e+00
2.9500e+01  5.4382051817e+01 -5.7802565757e+01  5.9334957020e+00
3.0500e+01  5.3609773598e+01 -5.8770441088e+01  6.0068183623e+00
3.1500e+01  5.2812064084e+01 -5.9692142101e+01  6.0733694454e+00
3.2500e+01  5.1991189586e+01 -6.0567992798e+01  6.1330970103e+00
3.3500e+01  5.1149521867e+01 -6.1398313771e+01  6.1860905354e+00
3.4500e+01  5.0289652558e+01 -6.2183717751e+01  6.2326803183e+00
3.5500e+01  4.9414370026e+01 -6.2925208907e+01  6.2734287310e+00
3.6500e+01  4.8526572031e+01 -6.3624194501e+01  6.3091138473e+00
3.7500e+01  4.7629134554e+01 -6.4282394402e+01  6.3406527102e+00
3.8500e+01  4.6724769495e+01 -6.4901680940e+01  6.3689777369e+00
3.9500e+01  4.5815921185e+01 -6.5483940259e+01  6.3949493040e+00
4.0500e+01  4.4904717006e+01 -6.6030981690e+01  6.4193109888e+00
4.1500e+01  4.3992958995e+01 -6.6544473878e+01  6.4426538020e+00
4.2500e+01  4.3082146338e+01 -6.7025907488e+01  6.4653957476e+00
4.3500e+01  4.2173516001e+01 -6.7476580600e+01  6.4877780986e+00
4.4500e+01  4.1268103699e+01 -6.7897634017e+01  6.5099128796e+00
4.5500e+01  4.0366801253e+01 -6.8290094254e+01  6.5318293887e+00
4.6500e+01  3.9470393880e+01 -6.8654895444e+01  6.5534923003e+00
4.7500e+01  3.8579598957e+01 -6.8992934681e+01  6.5748622417e+00
4.8500e+01  3.7695083272e+01 -6.9305100410e+01  6.5959212317e+00
4.9500e+01  3.6817461461e+01 -6.9592276114e+01  6.6166749278e+00
5.0500e+01  3.5947286741e+01 -6.9855336289e+01  6.6371495313e+00
5.1500e+01  3.5085041501e+01 -7.0095143821e+01  6.6573931110e+00
5.2500e+01  3.4231134889e+01 -7.0312557057e+01  6.6774859168e+00
5.3500e+01  3.3385892173e+01 -7.0508407090e+01  6.6975161878e+00
5.4500e+01  3.2549557133e+01 -7.0683494794e+01  6.7175836845e+00
5.5500e+01  3.1722294321e+01 -7.0838575353e+01  6.7377899926e+00
5.6500e+01  3.0904191804e+01 -7.0974333402e+01  6.7582212485e+00
5.7500e+01  3.0095280330e+01 -7.1091387730e+01  6.7789679548e+00
5.8500e+01  2.9295549606e+01 -7.1190280973e+01  6.8001273540e+00
5.9500e+01  2.8504958362e+01 -7.1271449976e+01  6.8217887194e+00
6.0500e+01  2.7723453503e+01 -7.1335212982e+01  6.8440409182e+00
6.1500e+01  2.6950992501e+01 -7.1381759460e+01  6.8669831031e+00
6.2500e+01  2.6187563139e+01 -7.1411128194e+01  6.8907191530e+00
6.3500e+01  2.5433205755e+01 -7.1423186510e+01  6.9153523392e+00
6.4500e+01  2.4688037449e+01 -7.1417609186e+01  6.9409755755e+00
6.5500e+01  2.3952279771e+01 -7.1393860147e+01  6.9676558704e+00
6.6500e+01  2.3226299610e+01 -7.1351201691e+01  6.9954408178e+00
6.7500e+01  2.2510644250e+01 -7.1288689042e+01  7.0243360451e+00
6.8500e+01  2.1806077730e+01 -7.1205172025e+01  7.0542811448e+00
6.9500e+01  2.1113625116e+01 -7.1099323151e+01  7.0851437873e+00
7.0500e+01  2.0434615624e+01 -7.0969674686e+01  7.1167081770e+00
7.1500e+01  1.9770725779e+01 -7.0814673723e+01  7.1486719519e+00
7.2500e+01  1.9124011934e+01 -7.0632734249e+01  7.1806242724e+00
7.3500e+01  1.8496947185e+01 -7.0422327070e+01  7.2120566154e+00
7.4500e+01  1.7892452708e+01 -7.0182087944e+01  7.2423838689e+00
7.5500e+01  1.7313911207e+01 -6.9910920214e+01  7.2709557842e+00
7.6500e+01  1.6765168598e+01 -6.9608109477e+01  7.2970843303e+00
7.7500e+01  1.6250516324e+01 -6.9273434274e+01  7.3200740903e+00
7.8500e+01  1.5774656137e+01 -6.8907278074e+01  7.3392695782e+00
7.9500e+01  1.5342638980e+01 -6.8510721331e+01  7.3540989036e+00
8.0500e+01  1.4959776536e+01 -6.8085608019e+01  7.3641134287e+00
8.1500e+01  1.4631525980e+01 -6.7634584933e+01  7.3690284522e+00
8.2500e+01  1.4363347868e+01 -6.7161109471e+01  7.3687662297e+00
8.3500e+01  1.4160529248e+01 -6.6669400171e+01  7.3634713541e+00
8.4500e+01  1.4027983484e+01 -6.6164349431e+01  7.3535227636e+00
8.5500e+01  1.3970023199e+01 -6.5651379101e+01  7.3395139807e+00
8.6500e+01  1.3990118228e+01 -6.5136256860e+01  7.3222210986e+00
8.7500e+01  1.4090654028e+01 -6.4624896446e+01  7.3025764609e+00
8.8500e+01  1.4272682905e+01 -6.4123108931e+01  7.2815974978e+00
8.9500e+01  1.4535695510e+01 -6.3636355379e+01  7.2603202361e+00
9.0500e+01  1.4877420843e+01 -6.3169504703e+01  7.2397287730e+00
9.1500e+01  1.5293667376e+01 -6.2726612109e+01  7.2206883856e+00
9.2500e+01  1.5778214629e+01 -6.2310724945e+01  7.2038749795e+00
9.3500e+01  1.6322771908e+01 -6.1923742803e+01  7.1897215767e+00
9.4500e+01  1.6917021878e+01 -6.1566362998e+01  7.1784068777e+00
9.5500e+01  1.7548740795e+01 -6.1238085803e+01  7.1698489641e+00
9.6500e+01  1.8204001017e+01 -6.0937293205e+01  7.1637235426e+00
9.7500e+01  1.8867454456e+01 -6.0661400883e+01  7.1595057023e+00
9.8500e+01  1.9522690163e+01 -6.0407076223e+01  7.1565326172e+00
9.9500e+01  2.0152656721e+01 -6.0170514417e+01  7.1540872082e+00
1.0050e+02  2.0740127592e+01 -5.9947740341e+01  7.1514770427e+00
1.0150e+02  2.1268194181e+01 -5.9734926081e+01  7.1481174406e+00
1.0250e+02  2.1720763829e+01 -5.9528698458e+01  7.1436064083e+00
1.0350e+02  2.2083038017e+01 -5.9326408429e+01  7.1377751896e+00
1.0450e+02  2.2341949331e+01 -5.9126344143e+01  7.1307125986e+00
1.0550e+02  2.2486539025e+01 -5.8927875928e+01  7.1227639911e+00
1.0650e+02  2.2508258763e+01 -5.8731523199e+01  7.1145039103e+00
1.0750e+02  2.2401185204e+01 -5.8538942784e+01  7.1066922978e+00
1.0850e+02  2.2162136589e+01 -5.8352831406e+01  7.1002031875e+00
1.0950e+02  2.1790689477e+01 -5.8176751905e+01  7.0959358728e+00
1.1050e+02  2.1289103599e+01 -5.8014909446e+01  7.0947349208e+00
1.1150e+02  2.0662157330e+01 -5.7871882032e+01  7.0973104315e+00
1.1250e+02  1.9916904234e+01 -5.7752321139e+01  7.1041602948e+00
1.1350e+02  1.9062371638e+01 -5.7660657115e+01  7.1155179887e+00
1.1450e+02  1.8109216728e+01 -5.7600825804e+01  7.1313273832e+00
1.1550e+02  1.7069353158e+01 -5.7576022806e+01  7.1512346163e+00
1.1650e+02  1.5955568180e+01 -5.7588505738e+01  7.1746054274e+00
1.1750e+02  1.4781145231e+01 -5.7639450809e+01  7.2005598194e+00
1.1850e+02  1.3559508792e+01 -5.7728875260e+01  7.2280274430e+00
1.1950e+02  1.2303905284e+01 -5.7855632004e+01  7.2558256185e+00
1.2050e+02  1.1027120429e+01 -5.8017453853e+01  7.2827316486e+00
1.2150e+02  9.7412422508e+00 -5.8211048856e+01  7.3075529946e+00
1.2250e+02  8.4574761228e+00 -5.8432246135e+01  7.3292011540e+00
1.2350e+02  7.1860066823e+00 -5.8676168572e+01  7.3467500846e+00
1.2450e+02  5.9358988400e+00 -5.8937407167e+01  7.3594609896e+00
1.2550e+02  4.7150499441e+00 -5.9210223511e+01  7.3668188466e+00
1.2650e+02  3.5301808892e+00 -5.9488750577e+01  7.3685516486e+00
1.2750e+02  2.3868547383e+00 -5.9767170143e+01  7.3646211734e+00
1.2850e+02  1.2895223030e+00 -6.0039873865e+01  7.3552073696e+00
1.2950e+02  2.4158487743e-01 -6.0301592899e+01  7.3406738782e+00
1.3050e+02 -7.5452545117e-01 -6.0547507376e+01  7.3215348672e+00
1.3150e+02 -1.6972528387e+00 -6.0773334548e+01  7.2984248746e+00
1.3250e+02 -2.5858230693e+00 -6.0975380486e+01  7.2720558917e+00
1.3350e+02 -3.4201446641e+00 -6.1150572753e+01  7.2431847294e+00
1.3450e+02 -4.2007103836e+00 -6.1296472443e+01  7.2125867252e+00
1.3550e+02 -4.9285062014e+00 -6.1411257461e+01  7.1810236993e+00
1.3650e+02 -5.6049262704e+00 -6.1493687740e+01  7.1492149517e+00
1.3750e+02 -6.2316891067e+00 -6.1543069175e+01  7.1178249118e+00
1.3850e+02 -6.8107600475e+00 -6.1559209920e+01  7.0874571644e+00
1.3950e+02 -7.3442869797e+00 -6.1542356907e+01  7.0586365364e+00
