2.334267e+00 2.268974e+00 2.334267e+00 2.334267e+00
7.002801e+00 5.830289e-01 7.002801e+00 7.002801e+00
1.167134e+01 2.544242e-01 1.167134e+01 1.167134e+01
1.633987e+01 1.367635e-01 1.633987e+01 1.633987e+01
2.100840e+01 8.158879e-02 2.100840e+01 2.100840e+01
2.567694e+01 5.227418e-02 2.567694e+01 2.567694e+01
3.034547e+01 3.552510e-02 3.034547e+01 3.034547e+01
3.501401e+01 2.437755e-02 3.501401e+01 3.501401e+01
3.968254e+01 1.697491e-02 3.968254e+01 3.968254e+01
4.435107e+01 1.242371e-02 4.435107e+01 4.435107e+01
4.901961e+01 9.234851e-03 4.901961e+01 4.901961e+01
5.368814e+01 7.119067e-03 5.368814e+01 5.368814e+01
5.835668e+01 5.182983e-03 5.835668e+01 5.835668e+01
6.302521e+01 3.939372e-03 6.302521e+01 6.302521e+01
6.769374e+01 2.956236e-03 6.769374e+01 6.769374e+01
7.236228e+01 2.270163e-03 7.236228e+01 7.236228e+01
7.703081e+01 1.209278e-03 7.703081e+01 7.703081e+01
8.169935e+01 8.850699e-04 8.169935e+01 8.169935e+01
8.636788e+01 8.709925e-04 8.636788e+01 8.636788e+01
9.103641e+01 1.094498e-03 9.103641e+01 9.103641e+01
9.570495e+01 8.518159e-04 9.570495e+01 9.570495e+01
1.003735e+02 1.184989e-03 1.003735e+02 1.003735e+02
1.050420e+02 1.104877e-03 1.050420e+02 1.050420e+02
1.097106e+02 7.765846e-04 1.097106e+02 1.097106e+02
1.143791e+02 5.911756e-04 1.143791e+02 1.143791e+02
1.190476e+02 3.398185e-04 1.190476e+02 1.190476e+02
1.237162e+02 1.762309e-04 1.237162e+02 1.237162e+02
1.283847e+02 -2.064310e-04 1.283847e+02 1.283847e+02
1.330532e+02 -2.979726e-04 1.330532e+02 1.330532e+02
1.377218e+02 -3.527616e-04 1.377218e+02 1.377218e+02
