7.812500e-01 1.016444e+01 7.812500e-01 7.812500e-01
2.343750e+00 3.174310e+00 2.343750e+00 2.343750e+00
3.906250e+00 1.500689e+00 3.906250e+00 3.906250e+00
5.468750e+00 8.983390e-01 5.468750e+00 5.468750e+00
7.031250e+00 6.041158e-01 7.031250e+00 7.031250e+00
8.593750e+00 4.324829e-01 8.593750e+00 8.593750e+00
1.015625e+01 3.280436e-01 1.015625e+01 1.015625e+01
1.171875e+01 2.591645e-01 1.171875e+01 1.171875e+01
1.328125e+01 2.036669e-01 1.328125e+01 1.328125e+01
1.484375e+01 1.670583e-01 1.484375e+01 1.484375e+01
1.640625e+01 1.361717e-01 1.640625e+01 1.640625e+01
1.796875e+01 1.135130e-01 1.796875e+01 1.796875e+01
1.953125e+01 9.581823e-02 1.953125e+01 1.953125e+01
2.109375e+01 8.114840e-02 2.109375e+01 2.109375e+01
2.265625e+01 6.946819e-02 2.265625e+01 2.265625e+01
2.421875e+01 5.979614e-02 2.421875e+01 2.421875e+01
2.578125e+01 5.219883e-02 2.578125e+01 2.578125e+01
2.734375e+01 4.512383e-02 2.734375e+01 2.734375e+01
2.890625e+01 4.035980e-02 2.890625e+01 2.890625e+01
3.046875e+01 3.503086e-02 3.046875e+01 3.046875e+01
3.203125e+01 3.117485e-02 3.203125e+01 3.203125e+01
3.359375e+01 2.773425e-02 3.359375e+01 3.359375e+01
3.515625e+01 2.385617e-02 3.515625e+01 3.515625e+01
3.671875e+01 2.124107e-02 3.671875e+01 3.671875e+01
3.828125e+01 1.926701e-02 3.828125e+01 3.828125e+01
3.984375e+01 1.673609e-02 3.984375e+01 3.984375e+01
4.140625e+01 1.481652e-02 4.140625e+01 4.140625e+01
4.296875e+01 1.349354e-02 4.296875e+01 4.296875e+01
4.453125e+01 1.238686e-02 4.453125e+01 4.453125e+01
4.609375e+01 1.084916e-02 4.609375e+01 4.609375e+01
4.765625e+01 1.015665e-02 4.765625e+01 4.765625e+01
4.921875e+01 9.010105e-03 4.921875e+01 4.921875e+01
5.078125e+01 8.512594e-03 5.078125e+01 5.078125e+01
5.234375e+01 7.684002e-03 5.234375e+01 5.234375e+01
5.390625e+01 6.994023e-03 5.390625e+01 5.390625e+01
5.546875e+01 6.376082e-03 5.546875e+01 5.546875e+01
5.703125e+01 5.371406e-03 5.703125e+01 5.703125e+01
5.859375e+01 5.389678e-03 5.859375e+01 5.859375e+01
6.015625e+01 4.687524e-03 6.015625e+01 6.015625e+01
6.171875e+01 4.166327e-03 6.171875e+01 6.171875e+01
6.328125e+01 3.786985e-03 6.328125e+01 6.328125e+01
6.484375e+01 3.733364e-03 6.484375e+01 6.484375e+01
6.640625e+01 3.195418e-03 6.640625e+01 6.640625e+01
6.796875e+01 2.888577e-03 6.796875e+01 6.796875e+01
6.953125e+01 2.670117e-03 6.953125e+01 6.953125e+01
7.109375e+01 2.619812e-03 7.109375e+01 7.109375e+01
7.265625e+01 1.885606e-03 7.265625e+01 7.265625e+01
7.421875e+01 2.140034e-03 7.421875e+01 7.421875e+01
7.578125e+01 1.561118e-03 7.578125e+01 7.578125e+01
7.734375e+01 9.324481e-04 7.734375e+01 7.734375e+01
7.890625e+01 1.019743e-03 7.890625e+01 7.890625e+01
8.046875e+01 7.613032e-04 8.046875e+01 8.046875e+01
8.203125e+01 9.386242e-04 8.203125e+01 8.203125e+01
8.359375e+01 9.571417e-04 8.359375e+01 8.359375e+01
8.515625e+01 7.154006e-04 8.515625e+01 8.515625e+01
8.671875e+01 9.622219e-04 8.671875e+01 8.671875e+01
8.828125e+01 8.394279e-04 8.828125e+01 8.828125e+01
8.984375e+01 1.026644e-03 8.984375e+01 8.984375e+01
9.140625e+01 1.188666e-03 9.140625e+01 9.140625e+01
9.296875e+01 1.046608e-03 9.296875e+01 9.296875e+01
9.453125e+01 7.714756e-04 9.453125e+01 9.453125e+01
9.609375e+01 9.202794e-04 9.609375e+01 9.609375e+01
9.765625e+01 1.012451e-03 9.765625e+01 9.765625e+01
9.921875e+01 9.884377e-04 9.921875e+01 9.921875e+01
1.007812e+02 1.356851e-03 1.007812e+02 1.007812e+02
1.023438e+02 1.104937e-03 1.023438e+02 1.023438e+02
1.039062e+02 1.174740e-03 1.039062e+02 1.039062e+02
1.054688e+02 1.248496e-03 1.054688e+02 1.054688e+02
1.070312e+02 1.092483e-03 1.070312e+02 1.070312e+02
1.085938e+02 9.131118e-04 1.085938e+02 1.085938e+02
1.101562e+02 6.421310e-04 1.101562e+02 1.101562e+02
1.117188e+02 4.471745e-04 1.117188e+02 1.117188e+02
1.132812e+02 6.455261e-04 1.132812e+02 1.132812e+02
1.148438e+02 6.456815e-04 1.148438e+02 1.148438e+02
1.164062e+02 3.917339e-04 1.164062e+02 1.164062e+02
1.179688e+02 4.884180e-04 1.179688e+02 1.179688e+02
1.195312e+02 9.456776e-05 1.195312e+02 1.195312e+02
1.210938e+02 5.454501e-04 1.210938e+02 1.210938e+02
1.226562e+02 3.084398e-04 1.226562e+02 1.226562e+02
1.242188e+02 1.216795e-04 1.242188e+02 1.242188e+02
1.257812e+02 -6.724504e-05 1.257812e+02 1.257812e+02
1.273438e+02 -1.689113e-04 1.273438e+02 1.273438e+02
1.289062e+02 -2.843985e-04 1.289062e+02 1.289062e+02
1.304688e+02 -2.888636e-04 1.304688e+02 1.304688e+02
1.320312e+02 -2.767497e-04 1.320312e+02 1.320312e+02
1.335938e+02 -3.368769e-04 1.335938e+02 1.335938e+02
1.351562e+02 -3.602804e-04 1.351562e+02 1.351562e+02
1.367188e+02 -3.301657e-04 1.367188e+02 1.367188e+02
1.382812e+02 -4.291809e-04 1.382812e+02 1.382812e+02
1.398438e+02 -1.538002e-04 1.398438e+02 1.398438e+02
1.414062e+02 -3.729599e-04 1.414062e+02 1.414062e+02
1.429688e+02 -2.597916e-04 1.429688e+02 1.429688e+02
1.445312e+02 -6.667809e-04 1.445312e+02 1.445312e+02
1.460938e+02 -4.735909e-04 1.460938e+02 1.460938e+02
1.476562e+02 -3.865366e-04 1.476562e+02 1.476562e+02
1.492188e+02 -4.804182e-04 1.492188e+02 1.492188e+02
1.507812e+02 -5.394808e-04 1.507812e+02 1.507812e+02
1.523438e+02 -4.242508e-04 1.523438e+02 1.523438e+02
1.539062e+02 -2.803493e-04 1.539062e+02 1.539062e+02
1.554688e+02 -5.422448e-04 1.554688e+02 1.554688e+02
1.570312e+02 -3.345180e-04 1.570312e+02 1.570312e+02
1.585938e+02 -2.032682e-04 1.585938e+02 1.585938e+02
1.601562e+02 -2.793648e-04 1.601562e+02 1.601562e+02
1.617188e+02 -4.072971e-04 1.617188e+02 1.617188e+02
1.632812e+02 -1.214808e-04 1.632812e+02 1.632812e+02
1.648438e+02 -2.062852e-04 1.648438e+02 1.648438e+02
1.664062e+02 -3.722294e-04 1.664062e+02 1.664062e+02
1.679688e+02 -3.354723e-04 1.679688e+02 1.679688e+02
1.695312e+02 -2.293692e-04 1.695312e+02 1.695312e+02
1.710938e+02 -1.402717e-04 1.710938e+02 1.710938e+02
1.726562e+02 -4.168129e-04 1.726562e+02 1.726562e+02
1.742188e+02 -4.603905e-04 1.742188e+02 1.742188e+02
1.757812e+02 -3.155783e-04 1.757812e+02 1.757812e+02
1.773438e+02 -4.681790e-04 1.773438e+02 1.773438e+02
1.789062e+02 -3.426094e-04 1.789062e+02 1.789062e+02
1.804688e+02 -3.210260e-04 1.804688e+02 1.804688e+02
1.820312e+02 -2.732723e-04 1.820312e+02 1.820312e+02
1.835938e+02 -2.471054e-04 1.835938e+02 1.835938e+02
1.851562e+02 -1.935934e-04 1.851562e+02 1.851562e+02
1.867188e+02 -2.338522e-04 1.867188e+02 1.867188e+02
1.882812e+02 -4.647780e-04 1.882812e+02 1.882812e+02
1.898438e+02 -1.951598e-04 1.898438e+02 1.898438e+02
1.914062e+02 -1.184941e-04 1.914062e+02 1.914062e+02
1.929688e+02 -2.720895e-04 1.929688e+02 1.929688e+02
1.945312e+02 -2.269490e-04 1.945312e+02 1.945312e+02
1.960938e+02 -1.290388e-04 1.960938e+02 1.960938e+02
1.976562e+02 -1.202718e-04 1.976562e+02 1.976562e+02
1.992188e+02 -1.468564e-04 1.992188e+02 1.992188e+02
2.007812e+02 -2.216300e-04 2.007812e+02 2.007812e+02
2.023438e+02 -6.865421e-05 2.023438e+02 2.023438e+02
2.039062e+02 -2.614348e-04 2.039062e+02 2.039062e+02
2.054688e+02 -9.047016e-05 2.054688e+02 2.054688e+02
2.070312e+02 -2.494132e-04 2.070312e+02 2.070312e+02
2.085938e+02 -1.503842e-04 2.085938e+02 2.085938e+02
2.101562e+02 -2.280653e-04 2.101562e+02 2.101562e+02
2.117188e+02 -2.256921e-04 2.117188e+02 2.117188e+02
2.132812e+02 -1.384045e-04 2.132812e+02 2.132812e+02
2.148438e+02 -2.068173e-04 2.148438e+02 2.148438e+02
2.164062e+02 -9.597832e-05 2.164062e+02 2.164062e+02
2.179688e+02 -5.658562e-05 2.179688e+02 2.179688e+02
2.195312e+02 5.498135e-05 2.195312e+02 2.195312e+02
2.210938e+02 -1.212531e-04 2.210938e+02 2.210938e+02
2.226562e+02 -2.480030e-04 2.226562e+02 2.226562e+02
2.242188e+02 -1.884062e-04 2.242188e+02 2.242188e+02
2.257812e+02 -1.876640e-04 2.257812e+02 2.257812e+02
2.273438e+02 -1.340523e-04 2.273438e+02 2.273438e+02
2.289062e+02 -1.151475e-04 2.289062e+02 2.289062e+02
2.304688e+02 1.212694e-05 2.304688e+02 2.304688e+02
2.320312e+02 -2.315364e-04 2.320312e+02 2.320312e+02
2.335938e+02 -1.214140e-06 2.335938e+02 2.335938e+02
2.351562e+02 -3.779715e-05 2.351562e+02 2.351562e+02
2.367188e+02 1.152318e-05 2.367188e+02 2.367188e+02
2.382812e+02 -7.720308e-05 2.382812e+02 2.382812e+02
2.398438e+02 -2.385236e-06 2.398438e+02 2.398438e+02
2.414062e+02 -5.362730e-05 2.414062e+02 2.414062e+02
2.429688e+02 -1.052027e-04 2.429688e+02 2.429688e+02
2.445312e+02 2.991629e-05 2.445312e+02 2.445312e+02
2.460938e+02 -1.150827e-04 2.460938e+02 2.460938e+02
2.476562e+02 -4.349025e-05 2.476562e+02 2.476562e+02
2.492188e+02 8.661848e-05 2.492188e+02 2.492188e+02
