# Contributions to xi_real.
# Order is r [Mpc/h], xi_L, 1, b1, b2, b1^2, b1.b2, b2^2, Aeft, d2xiLin, bs, b1.bs, b2.bs, bs^2
  5.0000e-01 -1.1171e+00  8.3870e+00 -7.3448e-01  0.0000e+00  4.1961e+00  1.2256e+01  8.1694e+00  1.2161e+01 -1.5386e+00  1.4359e+00 -3.4503e+00 -3.4655e+00  3.1296e+01  5.0727e+01
  1.5000e+00  1.5065e-01  2.2482e+00  7.5965e-01  0.0000e+00  2.6060e+00  6.6767e+00  3.1821e+00  2.5939e+00 -3.7377e-01  8.6281e-01 -1.5351e+00 -1.7123e+00  1.8938e+01  3.0601e+01
  2.5000e+00  6.8586e-01  1.3203e+00  1.1178e+00  0.0000e+00  1.3361e+00  3.5390e+00  1.5416e+00  8.9844e-01 -1.0213e-01  4.7401e-01 -6.4241e-01 -7.1728e-01  1.0526e+01  1.6922e+01
  3.5000e+00  8.3871e-01  9.2356e-01  1.0249e+00  0.0000e+00  6.0919e-01  1.8939e+00  7.8689e-01  4.2394e-01 -2.3435e-02  2.4918e-01 -2.3496e-01 -2.4366e-01  5.6419e+00  8.9942e+00
  4.5000e+00  7.5801e-01  6.9871e-01  8.1367e-01  0.0000e+00  2.4045e-01  1.0581e+00  4.1696e-01  2.3457e-01 -2.3894e-03  1.2248e-01 -6.4866e-02 -4.5434e-02  2.8762e+00  4.5145e+00
  5.5000e+00  6.2254e-01  5.5140e-01  6.1743e-01  0.0000e+00  6.8919e-02  6.3727e-01  2.2730e-01  1.4324e-01  2.0723e-03  5.0549e-02 -1.2294e-03  2.5204e-02  1.2949e+00  1.9612e+00
  6.5000e+00  4.9676e-01  4.4597e-01  4.6862e-01  0.0000e+00 -2.2432e-03  4.2399e-01  1.2528e-01  9.3361e-02  2.3115e-03  1.0005e-02  1.7386e-02  4.1091e-02  3.9350e-01  5.1293e-01
  7.5000e+00  3.9638e-01  3.6561e-01  3.6332e-01  0.0000e+00 -2.5041e-02  3.1378e-01  6.7995e-02  6.3623e-02  1.7711e-03 -1.1558e-02  1.8175e-02  3.5571e-02 -9.6314e-02 -2.6667e-01
  8.5000e+00  3.1980e-01  3.0251e-01  2.8973e-01  0.0000e+00 -2.6212e-02  2.5434e-01  3.4854e-02  4.4745e-02  1.2617e-03 -2.1239e-02  1.2929e-02  2.3538e-02 -3.2795e-01 -6.2724e-01
  9.5000e+00  2.6183e-01  2.5242e-01  2.3745e-01  0.0000e+00 -1.9224e-02  2.1929e-01  1.5464e-02  3.2209e-02  8.9863e-04 -2.3537e-02  6.6998e-03  1.1507e-02 -3.9842e-01 -7.2680e-01
  1.0500e+01  2.1765e-01  2.1232e-01  1.9915e-01  0.0000e+00 -1.0660e-02  1.9526e-01  4.2380e-03  2.3607e-02  6.5300e-04 -2.1522e-02  1.5418e-03  2.0816e-03 -3.7373e-01 -6.7296e-01
  1.1500e+01  1.8362e-01  1.8000e-01  1.7008e-01  0.0000e+00 -3.4788e-03  1.7571e-01 -2.0201e-03  1.7559e-02  4.8577e-04 -1.7339e-02 -1.8937e-03 -4.0416e-03 -3.0002e-01 -5.4096e-01
  1.2500e+01  1.5707e-01  1.5385e-01  1.4722e-01  0.0000e+00  1.2949e-03  1.5769e-01 -5.2430e-03  1.3226e-02  3.6987e-04 -1.2460e-02 -3.6300e-03 -7.1035e-03 -2.0891e-01 -3.8238e-01
  1.3500e+01  1.3606e-01  1.3268e-01  1.2865e-01  0.0000e+00  3.6531e-03  1.4023e-01 -6.6398e-03  1.0075e-02  2.8846e-04 -7.8284e-03 -3.9985e-03 -7.7675e-03 -1.2079e-01 -2.3040e-01
  1.4500e+01  1.1916e-01  1.1548e-01  1.1318e-01  0.0000e+00  4.0754e-03  1.2329e-01 -6.9779e-03  7.7547e-03  2.3073e-04 -3.9770e-03 -3.4363e-03 -6.8221e-03 -4.7264e-02 -1.0381e-01
  1.5500e+01  1.0529e-01  1.0135e-01  1.0003e-01  0.0000e+00  3.2101e-03  1.0726e-01 -6.7427e-03  6.0267e-03  1.8944e-04 -1.1276e-03 -2.3686e-03 -5.0070e-03  6.6510e-03 -1.0625e-02
  1.6500e+01  9.3690e-02  8.9559e-02  8.8697e-02  0.0000e+00  1.6863e-03  9.2603e-02 -6.2339e-03  4.7269e-03  1.5947e-04  7.1653e-04 -1.1463e-03 -2.9207e-03  4.0602e-02  4.8800e-02
  1.7500e+01  8.3791e-02  7.9604e-02  7.8865e-02  0.0000e+00  1.3370e-05  7.9676e-02 -5.6288e-03  3.7398e-03  1.3717e-04  1.6882e-03 -1.8996e-05 -9.8496e-04  5.7147e-02  7.8855e-02
  1.8500e+01  7.5207e-02  7.1098e-02  7.0307e-02  0.0000e+00 -1.4590e-03  6.8656e-02 -5.0248e-03  2.9831e-03  1.1995e-04  1.9890e-03  8.6649e-04  5.5371e-04  6.0330e-02  8.6350e-02
  1.9500e+01  6.7670e-02  6.3755e-02  6.2854e-02  0.0000e+00 -2.5389e-03  5.9538e-02 -4.4691e-03  2.3978e-03  1.0603e-04  1.8382e-03  1.4516e-03  1.5970e-03  5.4602e-02  7.8738e-02
  2.0500e+01  6.1002e-02  5.7361e-02  5.6367e-02  0.0000e+00 -3.1668e-03  5.2168e-02 -3.9787e-03  1.9411e-03  9.4282e-05  1.4354e-03  1.7444e-03  2.1566e-03  4.4029e-02  6.2816e-02
  2.1500e+01  5.5077e-02  5.1756e-02  5.0726e-02  0.0000e+00 -3.3770e-03  4.6295e-02 -3.5541e-03  1.5817e-03  8.4005e-05  9.4126e-04  1.7944e-03  2.3134e-03  3.1891e-02  4.4060e-02
  2.2500e+01  4.9807e-02  4.6816e-02  4.5819e-02  0.0000e+00 -3.2593e-03  4.1625e-02 -3.1881e-03  1.2966e-03  7.4822e-05  4.6879e-04  1.6712e-03  2.1805e-03  2.0484e-02  2.6312e-02
  2.3500e+01  4.5123e-02  4.2446e-02  4.1542e-02  0.0000e+00 -2.9250e-03  3.7864e-02 -2.8708e-03  1.0686e-03  6.6556e-05  8.5050e-05  1.4466e-03  1.8749e-03  1.1160e-02  1.1842e-02
  2.4500e+01  4.0965e-02  3.8570e-02  3.7799e-02  0.0000e+00 -2.4813e-03  3.4753e-02 -2.5927e-03  8.8507e-04  5.9122e-05 -1.8218e-04  1.1827e-03  1.4982e-03  4.4589e-03  1.5711e-03
  2.5500e+01  3.7277e-02  3.5125e-02  3.4506e-02  0.0000e+00 -2.0160e-03  3.2084e-02 -2.3457e-03  7.3637e-04  5.2484e-05 -3.3351e-04  9.2625e-04  1.1268e-03  3.3655e-04 -4.5513e-03
  2.6500e+01  3.4007e-02  3.2056e-02  3.1590e-02  0.0000e+00 -1.5905e-03  2.9707e-02 -2.1241e-03  6.1518e-04  4.6620e-05 -3.8752e-04  7.0652e-04  8.0876e-04 -1.6206e-03 -7.1900e-03
  2.7500e+01  3.1103e-02  2.9319e-02  2.8990e-02  0.0000e+00 -1.2393e-03  2.7523e-02 -1.9236e-03  5.1588e-04  4.1494e-05 -3.7120e-04  5.3704e-04  5.6687e-04 -1.9977e-03 -7.2976e-03
  2.8500e+01  2.8517e-02  2.6871e-02  2.6657e-02  0.0000e+00 -9.7397e-04  2.5479e-02 -1.7413e-03  4.3413e-04  3.7055e-05 -3.1274e-04  4.1912e-04  4.0398e-04 -1.4007e-03 -5.8629e-03
  2.9500e+01  2.6207e-02  2.4673e-02  2.4550e-02  0.0000e+00 -7.8977e-04  2.3552e-02 -1.5753e-03  3.6653e-04  3.3229e-05 -2.3655e-04  3.4593e-04  3.0984e-04 -3.5392e-04 -3.7426e-03
  3.0500e+01  2.4132e-02  2.2695e-02  2.2638e-02  0.0000e+00 -6.7195e-04  2.1738e-02 -1.4245e-03  3.1041e-04  2.9937e-05 -1.6086e-04  3.0650e-04  2.6741e-04  7.5069e-04 -1.5760e-03
  3.1500e+01  2.2260e-02  2.0908e-02  2.0899e-02  0.0000e+00 -6.0180e-04  2.0042e-02 -1.2876e-03  2.6365e-04  2.7092e-05 -9.7057e-05  2.8893e-04  2.5805e-04  1.6651e-03  2.3394e-04
  3.2500e+01  2.0564e-02  1.9291e-02  1.9313e-02  0.0000e+00 -5.6100e-04  1.8473e-02 -1.1638e-03  2.2454e-04  2.4618e-05 -5.0393e-05  2.8261e-04  2.6511e-04  2.2715e-03  1.4984e-03
  3.3500e+01  1.9021e-02  1.7822e-02  1.7864e-02  0.0000e+00 -5.3443e-04  1.7035e-02 -1.0522e-03  1.9174e-04  2.2444e-05 -2.1376e-05  2.7946e-04  2.7587e-04  2.5524e-03  2.1935e-03
  3.4500e+01  1.7612e-02  1.6486e-02  1.6541e-02  0.0000e+00 -5.1134e-04  1.5728e-02 -9.5171e-04  1.6413e-04  2.0511e-05 -7.4670e-06  2.7431e-04  2.8221e-04  2.5550e-03  2.4015e-03
  3.5500e+01  1.6324e-02  1.5270e-02  1.5331e-02  0.0000e+00 -4.8550e-04  1.4546e-02 -8.6147e-04  1.4082e-04  1.8776e-05 -4.5918e-06  2.6465e-04  2.8022e-04  2.3594e-03  2.2585e-03
  3.6500e+01  1.5143e-02  1.4159e-02  1.4225e-02  0.0000e+00 -4.5444e-04  1.3480e-02 -7.8047e-04  1.2110e-04  1.7207e-05 -8.4040e-06  2.5004e-04  2.6928e-04  2.0523e-03  1.9107e-03
  3.7500e+01  1.4061e-02  1.3143e-02  1.3213e-02  0.0000e+00 -4.1838e-04  1.2518e-02 -7.0777e-04  1.0436e-04  1.5777e-05 -1.5109e-05  2.3142e-04  2.5094e-04  1.7093e-03  1.4859e-03
  3.8500e+01  1.3067e-02  1.2212e-02  1.2287e-02  0.0000e+00 -3.7912e-04  1.1647e-02 -6.4248e-04  9.0107e-05  1.4474e-05 -2.1897e-05  2.1041e-04  2.2782e-04  1.3862e-03  1.0783e-03
  3.9500e+01  1.2154e-02  1.1357e-02  1.1437e-02  0.0000e+00 -3.3906e-04  1.0854e-02 -5.8380e-04  7.7952e-05  1.3285e-05 -2.7058e-05  1.8874e-04  2.0271e-04  1.1158e-03  7.4442e-04
  4.0500e+01  1.1316e-02  1.0572e-02  1.0656e-02  0.0000e+00 -3.0046e-04  1.0128e-02 -5.3097e-04  6.7558e-05  1.2203e-05 -2.9861e-05  1.6788e-04  1.7804e-04  9.1145e-04  5.0761e-04
  4.1500e+01  1.0544e-02  9.8498e-03  9.9375e-03  0.0000e+00 -2.6502e-04  9.4592e-03 -4.8336e-04  5.8649e-05  1.1219e-05 -3.0312e-05  1.4886e-04  1.5551e-04  7.7089e-04  3.6579e-04
  4.2500e+01  9.8336e-03  9.1844e-03  9.2752e-03  0.0000e+00 -2.3374e-04  8.8408e-03 -4.4040e-04  5.0998e-05  1.0325e-05 -2.8874e-05  1.3223e-04  1.3605e-04  6.8279e-04  3.0144e-04
  4.3500e+01  9.1785e-03  8.5706e-03  8.6636e-03  0.0000e+00 -2.0693e-04  8.2670e-03 -4.0157e-04  4.4412e-05  9.5151e-06 -2.6211e-05  1.1812e-04  1.1991e-04  6.3180e-04  2.9023e-04
  4.4500e+01  8.5737e-03  8.0036e-03  8.0978e-03  0.0000e+00 -1.8436e-04  7.7333e-03 -3.6645e-04  3.8733e-05  8.7809e-06 -2.2993e-05  1.0631e-04  1.0687e-04  6.0269e-04  3.0791e-04
  4.5500e+01  8.0144e-03  7.4791e-03  7.5738e-03  0.0000e+00 -1.6546e-04  7.2367e-03 -3.3465e-04  3.3827e-05  8.1148e-06 -1.9768e-05  9.6448e-05  9.6380e-05  5.8287e-04  3.3449e-04
  4.6500e+01  7.4965e-03  6.9935e-03  7.0878e-03  0.0000e+00 -1.4951e-04  6.7745e-03 -3.0583e-04  2.9580e-05  7.5093e-06 -1.6902e-05  8.8081e-05  8.7801e-05  5.6366e-04  3.5634e-04
  4.7500e+01  7.0163e-03  6.5434e-03  6.6365e-03  0.0000e+00 -1.3580e-04  6.3445e-03 -2.7969e-04  2.5899e-05  6.9568e-06 -1.4581e-05  8.0798e-05  8.0529e-05  5.4034e-04  3.6626e-04
  4.8500e+01  6.5705e-03  6.1258e-03  6.2173e-03  0.0000e+00 -1.2372e-04  5.9447e-03 -2.5598e-04  2.2702e-05  6.4507e-06 -1.2839e-05  7.4263e-05  7.4074e-05  5.1141e-04  3.6233e-04
  4.9500e+01  6.1561e-03  5.7382e-03  5.8274e-03  0.0000e+00 -1.1281e-04  5.5729e-03 -2.3444e-04  1.9923e-05  5.9858e-06 -1.1605e-05  6.8241e-05  6.8101e-05  4.7765e-04  3.4633e-04
  5.0500e+01  5.7707e-03  5.3780e-03  5.4645e-03  0.0000e+00 -1.0278e-04  5.2272e-03 -2.1487e-04  1.7501e-05  5.5575e-06 -1.0754e-05  6.2594e-05  6.2421e-05  4.4108e-04  3.2200e-04
  5.1500e+01  5.4118e-03  5.0428e-03  5.1265e-03  0.0000e+00 -9.3472e-05  4.9055e-03 -1.9708e-04  1.5390e-05  5.1624e-06 -1.0148e-05  5.7259e-05  5.6962e-05  4.0402e-04  2.9358e-04
  5.2500e+01  5.0774e-03  4.7307e-03  4.8115e-03  0.0000e+00 -8.4807e-05  4.6059e-03 -1.8089e-04  1.3545e-05  4.7968e-06 -9.6667e-06  5.2227e-05  5.1735e-05  3.6855e-04  2.6481e-04
  5.3500e+01  4.7655e-03  4.4398e-03  4.5177e-03  0.0000e+00 -7.6780e-05  4.3266e-03 -1.6616e-04  1.1932e-05  4.4582e-06 -9.2198e-06  4.7517e-05  4.6787e-05  3.3610e-04  2.3837e-04
  5.4500e+01  4.4745e-03  4.1685e-03  4.2434e-03  0.0000e+00 -6.9403e-05  4.0657e-03 -1.5273e-04  1.0520e-05  4.1442e-06 -8.7547e-06  4.3153e-05  4.2175e-05  3.0741e-04  2.1575e-04
  5.5500e+01  4.2026e-03  3.9152e-03  3.9870e-03  0.0000e+00 -6.2686e-05  3.8219e-03 -1.4050e-04  9.2818e-06  3.8527e-06 -8.2508e-06  3.9151e-05  3.7943e-05  2.8260e-04  1.9735e-04
  5.6500e+01  3.9485e-03  3.6786e-03  3.7473e-03  0.0000e+00 -5.6621e-05  3.5936e-03 -1.2935e-04  8.1950e-06  3.5818e-06 -7.7106e-06  3.5515e-05  3.4112e-05  2.6131e-04  1.8282e-04
  5.7500e+01  3.7108e-03  3.4573e-03  3.5228e-03  0.0000e+00 -5.1181e-05  3.3796e-03 -1.1917e-04  7.2401e-06  3.3297e-06 -7.1507e-06  3.2234e-05  3.0679e-05  2.4295e-04  1.7137e-04
  5.8500e+01  3.4881e-03  3.2501e-03  3.3125e-03  0.0000e+00 -4.6320e-05  3.1788e-03 -1.0988e-04  6.4001e-06  3.0949e-06 -6.5930e-06  2.9282e-05  2.7618e-05  2.2685e-04  1.6204e-04
  5.9500e+01  3.2794e-03  3.0561e-03  3.1153e-03  0.0000e+00 -4.1981e-05  2.9903e-03 -1.0140e-04  5.6603e-06  2.8761e-06 -6.0578e-06  2.6629e-05  2.4892e-05  2.1238e-04  1.5396e-04
  6.0500e+01  3.0836e-03  2.8742e-03  2.9301e-03  0.0000e+00 -3.8099e-05  2.8131e-03 -9.3658e-05  5.0082e-06  2.6719e-06 -5.5598e-06  2.4239e-05  2.2458e-05  1.9907e-04  1.4648e-04
  6.1500e+01  2.8998e-03  2.7035e-03  2.7561e-03  0.0000e+00 -3.4614e-05  2.6464e-03 -8.6579e-05  4.4328e-06  2.4816e-06 -5.1078e-06  2.2079e-05  2.0273e-05  1.8660e-04  1.3918e-04
  6.2500e+01  2.7269e-03  2.5431e-03  2.5924e-03  0.0000e+00 -3.1471e-05  2.4895e-03 -8.0108e-05  3.9245e-06  2.3045e-06 -4.7039e-06  2.0118e-05  1.8299e-05  1.7478e-04  1.3188e-04
  6.3500e+01  2.5642e-03  2.3924e-03  2.4384e-03  0.0000e+00 -2.8623e-05  2.3416e-03 -7.4188e-05  3.4751e-06  2.1401e-06 -4.3461e-06  1.8331e-05  1.6505e-05  1.6356e-04  1.2457e-04
  6.4500e+01  2.4110e-03  2.2505e-03  2.2932e-03  0.0000e+00 -2.6034e-05  2.2022e-03 -6.8771e-05  3.0774e-06  1.9882e-06 -4.0298e-06  1.6699e-05  1.4869e-05  1.5293e-04  1.1734e-04
  6.5500e+01  2.2666e-03  2.1169e-03  2.1563e-03  0.0000e+00 -2.3673e-05  2.0705e-03 -6.3809e-05  2.7252e-06  1.8490e-06 -3.7498e-06  1.5206e-05  1.3375e-05  1.4294e-04  1.1035e-04
  6.6500e+01  2.1303e-03  1.9907e-03  2.0271e-03  0.0000e+00 -2.1518e-05  1.9460e-03 -5.9259e-05  2.4130e-06  1.7231e-06 -3.5021e-06  1.3839e-05  1.2011e-05  1.3361e-04  1.0370e-04
  6.7500e+01  2.0015e-03  1.8716e-03  1.9050e-03  0.0000e+00 -1.9549e-05  1.8282e-03 -5.5083e-05  2.1360e-06  1.6111e-06 -3.2839e-06  1.2590e-05  1.0768e-05  1.2497e-04  9.7495e-05
  6.8500e+01  1.8799e-03  1.7589e-03  1.7896e-03  0.0000e+00 -1.7750e-05  1.7165e-03 -5.1241e-05  1.8902e-06  1.5141e-06 -3.0950e-06  1.1449e-05  9.6382e-06  1.1700e-04  9.1777e-05
  6.9500e+01  1.7648e-03  1.6523e-03  1.6804e-03  0.0000e+00 -1.6103e-05  1.6106e-03 -4.7700e-05  1.6718e-06  1.4335e-06 -2.9367e-06  1.0406e-05  8.6145e-06  1.0968e-04  8.6545e-05
  7.0500e+01  1.6559e-03  1.5511e-03  1.5771e-03  0.0000e+00 -1.4592e-05  1.5101e-03 -4.4425e-05  1.4777e-06  1.3709e-06 -2.8122e-06  9.4533e-06  7.6883e-06  1.0294e-04  8.1760e-05
  7.1500e+01  1.5529e-03  1.4550e-03  1.4793e-03  0.0000e+00 -1.3199e-05  1.4146e-03 -4.1384e-05  1.3052e-06  1.3281e-06 -2.7257e-06  8.5798e-06  6.8502e-06  9.6732e-05  7.7370e-05
  7.2500e+01  1.4554e-03  1.3636e-03  1.3868e-03  0.0000e+00 -1.1904e-05  1.3239e-03 -3.8545e-05  1.1519e-06  1.3074e-06 -2.6819e-06  7.7754e-06  6.0896e-06  9.0992e-05  7.3311e-05
  7.3500e+01  1.3632e-03  1.2766e-03  1.2993e-03  0.0000e+00 -1.0686e-05  1.2377e-03 -3.5879e-05  1.0156e-06  1.3108e-06 -2.6854e-06  7.0291e-06  5.3956e-06  8.5664e-05  6.9530e-05
  7.4500e+01  1.2762e-03  1.1936e-03  1.2168e-03  0.0000e+00 -9.5261e-06  1.1560e-03 -3.3355e-05  8.9455e-07  1.3405e-06 -2.7405e-06  6.3299e-06  4.7564e-06  8.0698e-05  6.5981e-05
  7.5500e+01  1.1943e-03  1.1144e-03  1.1391e-03  0.0000e+00 -8.4015e-06  1.0785e-03 -3.0945e-05  7.8717e-07  1.3978e-06 -2.8504e-06  5.6668e-06  4.1603e-06  7.6057e-05  6.2631e-05
  7.6500e+01  1.1174e-03  1.0388e-03  1.0662e-03  0.0000e+00 -7.2915e-06  1.0054e-03 -2.8621e-05  6.9208e-07  1.4838e-06 -3.0166e-06  5.0289e-06  3.5958e-06  7.1707e-05  5.9461e-05
  7.7500e+01  1.0455e-03  9.6642e-04  9.9813e-04  0.0000e+00 -6.1759e-06  9.3674e-04 -2.6357e-05  6.0809e-07  1.5986e-06 -3.2390e-06  4.4059e-06  3.0513e-06  6.7627e-05  5.6461e-05
  7.8500e+01  9.7877e-04  8.9721e-04  9.3504e-04  0.0000e+00 -5.0359e-06  8.7262e-04 -2.4128e-05  5.3420e-07  1.7409e-06 -3.5147e-06  3.7884e-06  2.5161e-06  6.3794e-05  5.3624e-05
  7.9500e+01  9.1735e-04  8.3090e-04  8.7706e-04  0.0000e+00 -3.8551e-06  8.1329e-04 -2.1912e-05  4.6953e-07  1.9078e-06 -3.8381e-06  3.1677e-06  1.9798e-06  6.0191e-05  5.0948e-05
  8.0500e+01  8.6143e-04  7.6737e-04  8.2436e-04  0.0000e+00 -2.6201e-06  7.5907e-04 -1.9691e-05  4.1336e-07  2.0948e-06 -4.2003e-06  2.5364e-06  1.4329e-06  5.6803e-05  4.8431e-05
  8.1500e+01  8.1126e-04  7.0695e-04  7.7720e-04  0.0000e+00 -1.3215e-06  7.1031e-04 -1.7450e-05  3.6508e-07  2.2957e-06 -4.5886e-06  1.8887e-06  8.6711e-07  5.3611e-05  4.6069e-05
  8.2500e+01  7.6709e-04  6.5026e-04  7.3582e-04  0.0000e+00  4.5014e-08  6.6742e-04 -1.5182e-05  3.2416e-07  2.5021e-06 -4.9867e-06  1.2206e-06  2.7550e-07  5.0598e-05  4.3855e-05
  8.3500e+01  7.2919e-04  5.9786e-04  7.0046e-04  0.0000e+00  1.4780e-06  6.3083e-04 -1.2882e-05  2.9019e-07  2.7039e-06 -5.3749e-06  5.3029e-07 -3.4683e-07  4.7749e-05  4.1782e-05
  8.4500e+01  6.9784e-04  5.5025e-04  6.7137e-04  0.0000e+00  2.9694e-06  6.0096e-04 -1.0555e-05  2.6279e-07  2.8895e-06 -5.7303e-06 -1.8148e-07 -1.0024e-06  4.5045e-05  3.9841e-05
  8.5500e+01  6.7323e-04  5.0787e-04  6.4874e-04  0.0000e+00  4.5044e-06  5.7820e-04 -8.2129e-06  2.4167e-07  3.0461e-06 -6.0281e-06 -9.1137e-07 -1.6908e-06  4.2471e-05  3.8023e-05
  8.6500e+01  6.5554e-04  4.7112e-04  6.3270e-04  0.0000e+00  6.0608e-06  5.6287e-04 -5.8738e-06  2.2656e-07  3.1604e-06 -6.2425e-06 -1.6532e-06 -2.4085e-06  4.0014e-05  3.6317e-05
  8.7500e+01  6.4484e-04  4.4076e-04  6.2330e-04  0.0000e+00  7.6101e-06  5.5519e-04 -3.5642e-06  2.1717e-07  3.2190e-06 -6.3481e-06 -2.3983e-06 -3.1487e-06  3.7660e-05  3.4716e-05
  8.8500e+01  6.4108e-04  4.1864e-04  6.2047e-04  0.0000e+00  9.1177e-06  5.5522e-04 -1.3171e-06  2.1325e-07  3.2099e-06 -6.3220e-06 -3.1353e-06 -3.9009e-06  3.5401e-05  3.3210e-05
  8.9500e+01  6.4408e-04  4.0681e-04  6.2401e-04  0.0000e+00  1.0544e-05  5.6286e-04  8.2954e-07  2.1449e-07  3.1229e-06 -6.1452e-06 -3.8508e-06 -4.6518e-06  3.3228e-05  3.1791e-05
  9.0500e+01  6.5351e-04  4.0711e-04  6.3359e-04  0.0000e+00  1.1848e-05  5.7783e-04  2.8338e-06  2.2052e-07  2.9509e-06 -5.8045e-06 -4.5301e-06 -5.3853e-06  3.1138e-05  3.0453e-05
  9.1500e+01  6.6890e-04  4.2122e-04  6.4872e-04  0.0000e+00  1.2986e-05  5.9960e-04  4.6522e-06  2.3093e-07  2.6903e-06 -5.2937e-06 -5.1575e-06 -6.0833e-06  2.9126e-05  2.9189e-05
  9.2500e+01  6.8957e-04  4.5087e-04  6.6874e-04  0.0000e+00  1.3917e-05  6.2743e-04  6.2423e-06  2.4521e-07  2.3422e-06 -4.6150e-06 -5.7175e-06 -6.7272e-06  2.7194e-05  2.7991e-05
  9.3500e+01  7.1472e-04  4.9720e-04  6.9287e-04  0.0000e+00  1.4602e-05  6.6039e-04  7.5648e-06  2.6276e-07  1.9120e-06 -3.7792e-06 -6.1955e-06 -7.2982e-06  2.5343e-05  2.6854e-05
  9.4500e+01  7.4338e-04  5.5878e-04  7.2018e-04  0.0000e+00  1.5011e-05  6.9733e-04  8.5861e-06  2.8289e-07  1.4100e-06 -2.8059e-06 -6.5786e-06 -7.7791e-06  2.3574e-05  2.5771e-05
  9.5500e+01  7.7446e-04  6.3105e-04  7.4961e-04  0.0000e+00  1.5120e-05  7.3692e-04  9.2808e-06  3.0481e-07  8.5100e-07 -1.7229e-06 -6.8565e-06 -8.1551e-06  2.1893e-05  2.4735e-05
  9.6500e+01  8.0677e-04  7.0956e-04  7.8003e-04  0.0000e+00  1.4915e-05  7.7774e-04  9.6332e-06  3.2768e-07  2.5304e-07 -5.6458e-07 -7.0222e-06 -8.4148e-06  2.0303e-05  2.3740e-05
  9.7500e+01  8.3907e-04  7.9019e-04  8.1028e-04  0.0000e+00  1.4394e-05  8.1827e-04  9.6388e-06  3.5059e-07 -3.6292e-07  6.2950e-07 -7.0722e-06 -8.5510e-06  1.8810e-05  2.2781e-05
  9.8500e+01  8.7010e-04  8.6917e-04  8.3916e-04  0.0000e+00  1.3565e-05  8.5700e-04  9.3047e-06  3.7263e-07 -9.7449e-07  1.8170e-06 -7.0070e-06 -8.5609e-06  1.7418e-05  2.1852e-05
  9.9500e+01  8.9862e-04  9.4300e-04  8.6551e-04  0.0000e+00  1.2450e-05  8.9244e-04  8.6500e-06  3.9288e-07 -1.5590e-06  2.9549e-06 -6.8309e-06 -8.4466e-06  1.6130e-05  2.0949e-05
  1.0050e+02  9.2348e-04  1.0086e-03  8.8826e-04  0.0000e+00  1.1080e-05  9.2322e-04  7.7046e-06  4.1051e-07 -2.0951e-06  4.0025e-06 -6.5520e-06 -8.2146e-06  1.4950e-05  2.0067e-05
  1.0150e+02  9.4362e-04  1.0638e-03  9.0642e-04  0.0000e+00  9.4955e-06  9.4815e-04  6.5079e-06  4.2474e-07 -2.5635e-06  4.9229e-06 -6.1815e-06 -7.8755e-06  1.3877e-05  1.9205e-05
  1.0250e+02  9.5815e-04  1.1070e-03  9.1919e-04  0.0000e+00  7.7446e-06  9.6621e-04  5.1074e-06  4.3495e-07 -2.9486e-06  5.6855e-06 -5.7331e-06 -7.4431e-06  1.2913e-05  1.8361e-05
  1.0350e+02  9.6635e-04  1.1367e-03  9.2589e-04  0.0000e+00  5.8804e-06  9.7666e-04  3.5555e-06  4.4066e-07 -3.2386e-06  6.2676e-06 -5.2224e-06 -6.9335e-06  1.2054e-05  1.7532e-05
  1.0450e+02  9.6771e-04  1.1516e-03  9.2608e-04  0.0000e+00  3.9587e-06  9.7901e-04  1.9078e-06  4.4158e-07 -3.4266e-06  6.6551e-06 -4.6660e-06 -6.3645e-06  1.1298e-05  1.6721e-05
  1.0550e+02  9.6192e-04  1.1505e-03  9.1948e-04  0.0000e+00  2.0349e-06  9.7303e-04  2.2009e-07  4.3759e-07 -3.5104e-06  6.8427e-06 -4.0806e-06 -5.7540e-06  1.0638e-05  1.5926e-05
  1.0650e+02  9.4891e-04  1.1321e-03  9.0606e-04  0.0000e+00  1.6191e-07  9.5880e-04 -1.4541e-06  4.2879e-07 -3.4926e-06  6.8343e-06 -3.4824e-06 -5.1197e-06  1.0069e-05  1.5150e-05
  1.0750e+02  9.2880e-04  1.0965e-03  8.8594e-04  0.0000e+00 -1.6126e-06  9.3663e-04 -3.0658e-06  4.1545e-07 -3.3799e-06  6.6420e-06 -2.8861e-06 -4.4779e-06  9.5825e-06  1.4395e-05
  1.0850e+02  9.0191e-04  1.0469e-03  8.5946e-04  0.0000e+00 -3.2473e-06  9.0704e-04 -4.5723e-06  3.9799e-07 -3.1829e-06  6.2847e-06 -2.3050e-06 -3.8428e-06  9.1700e-06  1.3662e-05
  1.0950e+02  8.6874e-04  9.8664e-04  8.2709e-04  0.0000e+00 -4.7093e-06  8.7076e-04 -5.9387e-06  3.7697e-07 -2.9149e-06  5.7869e-06 -1.7501e-06 -3.2268e-06  8.8228e-06  1.2953e-05
  1.1050e+02  8.2993e-04  9.1899e-04  7.8945e-04  0.0000e+00 -5.9742e-06  8.2864e-04 -7.1387e-06  3.5307e-07 -2.5911e-06  5.1769e-06 -1.2301e-06 -2.6392e-06  8.5320e-06  1.2272e-05
  1.1150e+02  7.8623e-04  8.4684e-04  7.4724e-04  0.0000e+00 -7.0266e-06  7.8164e-04 -8.1549e-06  3.2699e-07 -2.2276e-06  4.4850e-06 -7.5154e-07 -2.0871e-06  8.2888e-06  1.1621e-05
  1.1250e+02  7.3845e-04  7.7295e-04  7.0126e-04  0.0000e+00 -7.8599e-06  7.3076e-04 -8.9785e-06  2.9948e-07 -1.8407e-06  3.7418e-06 -3.1868e-07 -1.5751e-06  8.0849e-06  1.1000e-05
  1.1350e+02  6.8746e-04  6.9982e-04  6.5233e-04  0.0000e+00 -8.4752e-06  6.7700e-04 -9.6088e-06  2.7127e-07 -1.4456e-06  2.9766e-06  6.6168e-08 -1.1056e-06  7.9129e-06  1.0411e-05
  1.1450e+02  6.3415e-04  6.2894e-04  6.0126e-04  0.0000e+00 -8.8808e-06  6.2134e-04 -1.0052e-05  2.4304e-07 -1.0562e-06  2.2160e-06  4.0242e-07 -6.7939e-07  7.7659e-06  9.8564e-06
  1.1550e+02  5.7936e-04  5.6083e-04  5.4888e-04  0.0000e+00 -9.0906e-06  5.6468e-04 -1.0319e-05  2.1541e-07 -6.8407e-07  1.4834e-06  6.9086e-07 -2.9582e-07  7.6381e-06  9.3352e-06
  1.1650e+02  5.2391e-04  4.9589e-04  4.9594e-04  0.0000e+00 -9.1228e-06  5.0784e-04 -1.0427e-05  1.8890e-07 -3.3868e-07  7.9760e-07  9.3338e-07  4.6550e-08  7.5245e-06  8.8479e-06
  1.1750e+02  4.6854e-04  4.3449e-04  4.4314e-04  0.0000e+00 -8.9986e-06  4.5155e-04 -1.0392e-05  1.6393e-07 -2.6892e-08  1.7315e-07  1.1326e-06  3.4960e-07  7.4211e-06  8.3939e-06
  1.1850e+02  4.1392e-04  3.7699e-04  3.9112e-04  0.0000e+00 -8.7409e-06  3.9641e-04 -1.0236e-05  1.4082e-07  2.4679e-07 -3.8000e-07  1.2918e-06  6.1530e-07  7.3245e-06  7.9724e-06
  1.1950e+02  3.6064e-04  3.2371e-04  3.4042e-04  0.0000e+00 -8.3730e-06  3.4294e-04 -9.9765e-06  1.1979e-07  4.8009e-07 -8.5614e-07  1.4143e-06  8.4543e-07  7.2323e-06  7.5820e-06
  1.2050e+02  3.0917e-04  2.7482e-04  2.9149e-04  0.0000e+00 -7.9181e-06  2.9155e-04 -9.6326e-06  1.0097e-07  6.7258e-07 -1.2534e-06  1.5036e-06  1.0414e-06  7.1422e-06  7.2213e-06
  1.2150e+02  2.5990e-04  2.2970e-04  2.4469e-04  0.0000e+00 -7.3979e-06  2.4254e-04 -9.2212e-06  8.4384e-08  8.2547e-07 -1.5730e-06  1.5635e-06  1.2043e-06  7.0527e-06  6.8885e-06
  1.2250e+02  2.1314e-04  1.8731e-04  2.0031e-04  0.0000e+00 -6.8325e-06  1.9615e-04 -8.7571e-06  7.0007e-08  9.4118e-07 -1.8189e-06  1.5972e-06  1.3347e-06  6.9623e-06  6.5816e-06
  1.2350e+02  1.6911e-04  1.4675e-04  1.5855e-04  0.0000e+00 -6.2397e-06  1.5255e-04 -8.2532e-06  5.7744e-08  1.0229e-06 -1.9969e-06  1.6079e-06  1.4332e-06  6.8700e-06  6.2988e-06
  1.2450e+02  1.2794e-04  1.0718e-04  1.1953e-04  0.0000e+00 -5.6351e-06  1.1185e-04 -7.7206e-06  4.7459e-08  1.0746e-06 -2.1140e-06  1.5988e-06  1.5004e-06  6.7745e-06  6.0381e-06
  1.2550e+02  8.9701e-05  6.7792e-05  8.3316e-05  0.0000e+00 -5.0319e-06  7.4118e-05 -7.1690e-06  3.8986e-08  1.1003e-06 -2.1778e-06  1.5724e-06  1.5369e-06  6.6750e-06  5.7975e-06
  1.2650e+02  5.4417e-05  2.7866e-05  4.9914e-05  0.0000e+00 -4.4409e-06  3.9372e-05 -6.6069e-06  3.2138e-08  1.1041e-06 -2.1964e-06  1.5315e-06  1.5441e-06  6.5704e-06  5.5754e-06
  1.2750e+02  2.2051e-05 -1.2526e-05  1.9288e-05  0.0000e+00 -3.8707e-06  7.6055e-06 -6.0421e-06  2.6722e-08  1.0900e-06 -2.1776e-06  1.4784e-06  1.5238e-06  6.4600e-06  5.3699e-06
  1.2850e+02 -7.4690e-06 -5.1792e-05 -8.6369e-06  0.0000e+00 -3.3279e-06 -2.1225e-05 -5.4820e-06  2.2545e-08  1.0617e-06 -2.1286e-06  1.4150e-06  1.4788e-06  6.3430e-06  5.1795e-06
  1.2950e+02 -3.4247e-05 -8.8164e-05 -3.3964e-05  0.0000e+00 -2.8173e-06 -4.7195e-05 -4.9338e-06  1.9422e-08  1.0225e-06 -2.0562e-06  1.3434e-06  1.4125e-06  6.2189e-06  5.0027e-06
  1.3050e+02 -5.8410e-05 -1.1998e-04 -5.6817e-05  0.0000e+00 -2.3423e-06 -7.0410e-05 -4.4045e-06  1.7179e-08  9.7542e-07 -1.9663e-06  1.2653e-06  1.3290e-06  6.0875e-06  4.8381e-06
  1.3150e+02 -8.0100e-05 -1.4570e-04 -7.7333e-05  0.0000e+00 -1.9049e-06 -9.1008e-05 -3.9007e-06  1.5660e-08  9.2293e-07 -1.8642e-06  1.1823e-06  1.2330e-06  5.9489e-06  4.6845e-06
  1.3250e+02 -9.9469e-05 -1.6384e-04 -9.5660e-05  0.0000e+00 -1.5058e-06 -1.0915e-04 -3.4285e-06  1.4726e-08  8.6714e-07 -1.7542e-06  1.0958e-06  1.1292e-06  5.8034e-06  4.5406e-06
  1.3350e+02 -1.1668e-04 -1.7319e-04 -1.1195e-04  0.0000e+00 -1.1451e-06 -1.2504e-04 -2.9928e-06  1.4258e-08  8.0977e-07 -1.6400e-06  1.0070e-06  1.0222e-06  5.6517e-06  4.4056e-06
  1.3450e+02 -1.3188e-04 -1.7464e-04 -1.2635e-04  0.0000e+00 -8.2197e-07 -1.3888e-04 -2.5975e-06  1.4155e-08  7.5222e-07 -1.5245e-06  9.1698e-07  9.1604e-07  5.4949e-06  4.2783e-06
  1.3550e+02 -1.4525e-04 -1.7079e-04 -1.3901e-04  0.0000e+00 -5.3513e-07 -1.5089e-04 -2.2446e-06  1.4332e-08  6.9558e-07 -1.4100e-06  8.2681e-07  8.1412e-07  5.3343e-06  4.1578e-06
  1.3650e+02 -1.5692e-04 -1.6432e-04 -1.5007e-04  0.0000e+00 -2.8276e-07 -1.6131e-04 -1.9343e-06  1.4721e-08  6.4064e-07 -1.2984e-06  7.3730e-07  7.1867e-07  5.1713e-06  4.0435e-06
  1.3750e+02 -1.6706e-04 -1.5768e-04 -1.5968e-04  0.0000e+00 -6.2728e-08 -1.7034e-04 -1.6651e-06  1.5265e-08  5.8795e-07 -1.1909e-06  6.4917e-07  6.3081e-07  5.0073e-06  3.9344e-06
  1.3850e+02 -1.7580e-04 -1.5314e-04 -1.6795e-04  0.0000e+00  1.2735e-07 -1.7818e-04 -1.4336e-06  1.5919e-08  5.3789e-07 -1.0885e-06  5.6301e-07  5.5051e-07  4.8438e-06  3.8301e-06
  1.3950e+02 -1.8327e-04 -1.5285e-04 -1.7503e-04  0.0000e+00  2.9001e-07 -1.8500e-04 -1.2350e-06  1.6644e-08  4.9074e-07 -9.9177e-07  4.7934e-07  4.7675e-07  4.6821e-06  3.7299e-06
  1.4050e+02 -1.8960e-04 -1.5828e-04 -1.8101e-04  0.0000e+00  4.2787e-07 -1.9094e-04 -1.0638e-06  1.7405e-08  4.4663e-07 -9.0112e-07  3.9856e-07  4.0773e-07  4.5233e-06  3.6334e-06
  1.4150e+02 -1.9490e-04 -1.6851e-04 -1.8601e-04  0.0000e+00  5.4355e-07 -1.9610e-04 -9.1357e-07  1.8173e-08  4.0558e-07 -8.1668e-07  3.2101e-07  3.4121e-07  4.3680e-06  3.5403e-06
  1.4250e+02 -1.9927e-04 -1.8186e-04 -1.9013e-04  0.0000e+00  6.3964e-07 -2.0055e-04 -7.7850e-07  1.8919e-08  3.6758e-07 -7.3847e-07  2.4693e-07  2.7484e-07  4.2168e-06  3.4502e-06
  1.4350e+02 -2.0281e-04 -1.9673e-04 -1.9345e-04  0.0000e+00  7.1863e-07 -2.0431e-04 -6.5325e-07  1.9617e-08  3.3254e-07 -6.6638e-07  1.7653e-07  2.0657e-07  4.0698e-06  3.3629e-06
  1.4450e+02 -2.0560e-04 -2.1161e-04 -1.9606e-04  0.0000e+00  7.8286e-07 -2.0739e-04 -5.3362e-07  2.0242e-08  3.0033e-07 -6.0019e-07  1.0993e-07  1.3488e-07  3.9269e-06  3.2784e-06
  1.4550e+02 -2.0772e-04 -2.2507e-04 -1.9803e-04  0.0000e+00  8.3449e-07 -2.0978e-04 -4.1685e-07  2.0771e-08  2.7079e-07 -5.3965e-07  4.7250e-08  5.9078e-08  3.7878e-06  3.1964e-06
  1.4650e+02 -2.0924e-04 -2.3577e-04 -1.9945e-04  0.0000e+00  8.7547e-07 -2.1147e-04 -3.0173e-07  2.1187e-08  2.4379e-07 -4.8445e-07 -1.1468e-08 -2.0644e-08  3.6521e-06  3.1170e-06
  1.4750e+02 -2.1022e-04 -2.4291e-04 -2.0036e-04  0.0000e+00  9.0747e-07 -2.1243e-04 -1.8855e-07  2.1476e-08  2.1915e-07 -4.3428e-07 -6.6200e-08 -1.0316e-07  3.5193e-06  3.0400e-06
  1.4850e+02 -2.1072e-04 -2.4653e-04 -2.0082e-04  0.0000e+00  9.3194e-07 -2.1266e-04 -7.8920e-08  2.1629e-08  1.9670e-07 -3.8877e-07 -1.1696e-07 -1.8654e-07  3.3890e-06  2.9655e-06
  1.4950e+02 -2.1079e-04 -2.4676e-04 -2.0090e-04  0.0000e+00  9.5004e-07 -2.1220e-04  2.4577e-08  2.1645e-08  1.7627e-07 -3.4760e-07 -1.6379e-07 -2.6824e-07  3.2609e-06  2.8932e-06
  1.5050e+02 -2.1048e-04 -2.4375e-04 -2.0062e-04  0.0000e+00  9.6267e-07 -2.1109e-04  1.1879e-07  2.1530e-08  1.5773e-07 -3.1042e-07 -2.0676e-07 -3.4538e-07  3.1350e-06  2.8232e-06
  1.5150e+02 -2.0984e-04 -2.3766e-04 -2.0005e-04  0.0000e+00  9.7047e-07 -2.0941e-04  2.0047e-07  2.1298e-08  1.4095e-07 -2.7689e-07 -2.4598e-07 -4.1503e-07  3.0112e-06  2.7553e-06
  1.5250e+02 -2.0891e-04 -2.2862e-04 -1.9920e-04  0.0000e+00  9.7386e-07 -2.0726e-04  2.6665e-07  2.0966e-08  1.2574e-07 -2.4670e-07 -2.8158e-07 -4.7453e-07  2.8898e-06  2.6893e-06
  1.5350e+02 -2.0773e-04 -2.1685e-04 -1.9813e-04  0.0000e+00  9.7307e-07 -2.0476e-04  3.1509e-07  2.0559e-08  1.1196e-07 -2.1954e-07 -3.1373e-07 -5.2174e-07  2.7713e-06  2.6251e-06
  1.5450e+02 -2.0633e-04 -2.0323e-04 -1.9685e-04  0.0000e+00  9.6816e-07 -2.0207e-04  3.4452e-07  2.0104e-08  9.9513e-08 -1.9512e-07 -3.4261e-07 -5.5524e-07  2.6560e-06  2.5625e-06
  1.5550e+02 -2.0476e-04 -1.8906e-04 -1.9540e-04  0.0000e+00  9.5908e-07 -1.9933e-04  3.5479e-07  1.9630e-08  8.8271e-08 -1.7318e-07 -3.6840e-07 -5.7451e-07  2.5446e-06  2.5013e-06
  1.5650e+02 -2.0303e-04 -1.7560e-04 -1.9380e-04  0.0000e+00  9.4571e-07 -1.9668e-04  3.4695e-07  1.9166e-08  7.8135e-08 -1.5348e-07 -3.9133e-07 -5.7992e-07  2.4377e-06  2.4412e-06
  1.5750e+02 -2.0118e-04 -1.6405e-04 -1.9207e-04  0.0000e+00  9.2790e-07 -1.9426e-04  3.2316e-07  1.8737e-08  6.9008e-08 -1.3578e-07 -4.1159e-07 -5.7269e-07  2.3359e-06  2.3823e-06
  1.5850e+02 -1.9924e-04 -1.5556e-04 -1.9023e-04  0.0000e+00  9.0549e-07 -1.9217e-04  2.8652e-07  1.8366e-08  6.0820e-08 -1.1989e-07 -4.2938e-07 -5.5484e-07  2.2395e-06  2.3242e-06
  1.5950e+02 -1.9721e-04 -1.5119e-04 -1.8830e-04  0.0000e+00  8.7838e-07 -1.9049e-04  2.4079e-07  1.8068e-08  5.3465e-08 -1.0562e-07 -4.4490e-07 -5.2894e-07  2.1488e-06  2.2669e-06
  1.6050e+02 -1.9512e-04 -1.5156e-04 -1.8628e-04  0.0000e+00  8.4650e-07 -1.8928e-04  1.9012e-07  1.7854e-08  4.6867e-08 -9.2812e-08 -4.5831e-07 -4.9794e-07  2.0641e-06  2.2104e-06
  1.6150e+02 -1.9299e-04 -1.5584e-04 -1.8421e-04  0.0000e+00  8.0987e-07 -1.8854e-04  1.3874e-07  1.7726e-08  4.0947e-08 -8.1309e-08 -4.6976e-07 -4.6496e-07  1.9853e-06  2.1545e-06
  1.6250e+02 -1.9082e-04 -1.6286e-04 -1.8208e-04  0.0000e+00  7.6854e-07 -1.8824e-04  9.0619e-08  1.7680e-08  3.5648e-08 -7.0982e-08 -4.7938e-07 -4.3307e-07  1.9120e-06  2.0993e-06
  1.6350e+02 -1.8863e-04 -1.7147e-04 -1.7990e-04  0.0000e+00  7.2265e-07 -1.8832e-04  4.9294e-08  1.7706e-08  3.0896e-08 -6.1711e-08 -4.8728e-07 -4.0509e-07  1.8441e-06  2.0449e-06
  1.6450e+02 -1.8642e-04 -1.8060e-04 -1.7770e-04  0.0000e+00  6.7243e-07 -1.8871e-04  1.7621e-08  1.7789e-08  2.6630e-08 -5.3392e-08 -4.9355e-07 -3.8349e-07  1.7810e-06  1.9914e-06
  1.6550e+02 -1.8418e-04 -1.8921e-04 -1.7547e-04  0.0000e+00  6.1819e-07 -1.8928e-04 -2.3254e-09  1.7910e-08  2.2815e-08 -4.5926e-08 -4.9827e-07 -3.7027e-07  1.7221e-06  1.9388e-06
  1.6650e+02 -1.8194e-04 -1.9633e-04 -1.7323e-04  0.0000e+00  5.6038e-07 -1.8991e-04 -9.2982e-09  1.8045e-08  1.9393e-08 -3.9227e-08 -5.0153e-07 -3.6691e-07  1.6667e-06  1.8872e-06
  1.6750e+02 -1.7968e-04 -2.0156e-04 -1.7097e-04  0.0000e+00  4.9963e-07 -1.9047e-04 -2.8723e-09  1.8172e-08  1.6330e-08 -3.3217e-08 -5.0341e-07 -3.7436e-07  1.6141e-06  1.8368e-06
  1.6850e+02 -1.7741e-04 -2.0516e-04 -1.6871e-04  0.0000e+00  4.3684e-07 -1.9082e-04  1.6621e-08  1.8268e-08  1.3575e-08 -2.7825e-08 -5.0399e-07 -3.9306e-07  1.5636e-06  1.7878e-06
  1.6950e+02 -1.7513e-04 -2.0744e-04 -1.6645e-04  0.0000e+00  3.7319e-07 -1.9082e-04  4.8187e-08  1.8309e-08  1.1084e-08 -2.2989e-08 -5.0338e-07 -4.2293e-07  1.5146e-06  1.7402e-06
  1.7050e+02 -1.7283e-04 -2.0870e-04 -1.6420e-04  0.0000e+00  3.1026e-07 -1.9036e-04  9.0284e-08  1.8277e-08  8.8280e-09 -1.8654e-08 -5.0169e-07 -4.6342e-07  1.4664e-06  1.6941e-06
  1.7150e+02 -1.7052e-04 -2.0922e-04 -1.6196e-04  0.0000e+00  2.5006e-07 -1.8933e-04  1.4094e-07  1.8154e-08  6.7805e-09 -1.4773e-08 -4.9905e-07 -5.1353e-07  1.4185e-06  1.6497e-06
  1.7250e+02 -1.6820e-04 -2.0926e-04 -1.5974e-04  0.0000e+00  1.9499e-07 -1.8765e-04  1.9788e-07  1.7930e-08  4.9280e-09 -1.1307e-08 -4.9561e-07 -5.7180e-07  1.3703e-06  1.6070e-06
  1.7350e+02 -1.6587e-04 -2.0904e-04 -1.5753e-04  0.0000e+00  1.4777e-07 -1.8525e-04  2.5862e-07  1.7595e-08  3.2732e-09 -8.2237e-09 -4.9153e-07 -6.3634e-07  1.3215e-06  1.5660e-06
  1.7450e+02 -1.6353e-04 -2.0829e-04 -1.5534e-04  0.0000e+00  1.1133e-07 -1.8210e-04  3.2057e-07  1.7148e-08  1.7771e-09 -5.5007e-09 -4.8698e-07 -7.0485e-07  1.2719e-06  1.5268e-06
  1.7550e+02 -1.6119e-04 -2.0656e-04 -1.5318e-04  0.0000e+00  8.8558e-08 -1.7818e-04  3.8114e-07  1.6589e-08  4.3703e-10 -3.1207e-09 -4.8212e-07 -7.7465e-07  1.2213e-06  1.4893e-06
  1.7650e+02 -1.5885e-04 -2.0338e-04 -1.5105e-04  0.0000e+00  8.2013e-08 -1.7353e-04  4.3783e-07  1.5927e-08 -7.6091e-10 -1.0728e-09 -4.7711e-07 -8.4274e-07  1.1696e-06  1.4534e-06
  1.7750e+02 -1.5652e-04 -1.9831e-04 -1.4895e-04  0.0000e+00  9.3597e-08 -1.6820e-04  4.8830e-07  1.5171e-08 -1.8096e-09  6.4969e-10 -4.7207e-07 -9.0592e-07  1.1171e-06  1.4191e-06
  1.7850e+02 -1.5420e-04 -1.9088e-04 -1.4687e-04  0.0000e+00  1.2423e-07 -1.6226e-04  5.3046e-07  1.4337e-08 -2.7167e-09  2.0509e-09 -4.6710e-07 -9.6092e-07  1.0638e-06  1.3864e-06
  1.7950e+02 -1.5190e-04 -1.8074e-04 -1.4483e-04  0.0000e+00  1.7357e-07 -1.5583e-04  5.6258e-07  1.3443e-08 -3.4642e-09  3.1341e-09 -4.6224e-07 -1.0046e-06  1.0102e-06  1.3550e-06
  1.8050e+02 -1.4962e-04 -1.6783e-04 -1.4282e-04  0.0000e+00  2.3983e-07 -1.4903e-04  5.8339e-07  1.2507e-08 -4.0548e-09  3.9039e-09 -4.5749e-07 -1.0342e-06  9.5670e-07  1.3248e-06
  1.8150e+02 -1.4737e-04 -1.5293e-04 -1.4084e-04  0.0000e+00  3.1974e-07 -1.4201e-04  5.9211e-07  1.1553e-08 -4.4981e-09  4.3686e-09 -4.5279e-07 -1.0474e-06  9.0380e-07  1.2957e-06
  1.8250e+02 -1.4515e-04 -1.3699e-04 -1.3889e-04  0.0000e+00  4.0869e-07 -1.3492e-04  5.8855e-07  1.0600e-08 -4.7960e-09  4.5415e-09 -4.4804e-07 -1.0429e-06  8.5211e-07  1.2675e-06
  1.8350e+02 -1.4297e-04 -1.2090e-04 -1.3698e-04  0.0000e+00  5.0100e-07 -1.2793e-04  5.7312e-07  9.6702e-09 -4.9401e-09  4.4426e-09 -4.4311e-07 -1.0201e-06  8.0221e-07  1.2400e-06
  1.8450e+02 -1.4083e-04 -1.0552e-04 -1.3510e-04  0.0000e+00  5.9046e-07 -1.2119e-04  5.4682e-07  8.7817e-09 -4.9518e-09  4.1001e-09 -4.3785e-07 -9.7963e-07  7.5469e-07  1.2131e-06
  1.8550e+02 -1.3873e-04 -9.1661e-05 -1.3325e-04  0.0000e+00  6.7082e-07 -1.1484e-04  5.1120e-07  7.9506e-09 -4.8477e-09  3.5500e-09 -4.3214e-07 -9.2328e-07  7.1009e-07  1.1866e-06
  1.8650e+02 -1.3667e-04 -8.0090e-05 -1.3143e-04  0.0000e+00  7.3647e-07 -1.0898e-04  4.6828e-07  7.1894e-09 -4.6449e-09  2.8370e-09 -4.2587e-07 -8.5384e-07  6.6885e-07  1.1605e-06
  1.8750e+02 -1.3466e-04 -7.1214e-05 -1.2964e-04  0.0000e+00  7.8299e-07 -1.0371e-04  4.2042e-07  6.5069e-09 -4.3603e-09  2.0127e-09 -4.1898e-07 -7.7501e-07  6.3128e-07  1.1346e-06
  1.8850e+02 -1.3270e-04 -6.5067e-05 -1.2787e-04  0.0000e+00  8.0759e-07 -9.9068e-05  3.7015e-07  5.9078e-09 -3.9984e-09  1.1346e-09 -4.1151e-07 -6.9116e-07  5.9757e-07  1.1089e-06
  1.8950e+02 -1.3077e-04 -6.1656e-05 -1.2613e-04  0.0000e+00  8.0939e-07 -9.5074e-05  3.1999e-07  5.3926e-09 -3.6091e-09  2.6387e-10 -4.0351e-07 -6.0695e-07  5.6774e-07  1.0834e-06
  1.9050e+02 -1.2889e-04 -6.0983e-05 -1.2441e-04  0.0000e+00  7.8943e-07 -9.1705e-05  2.7228e-07  4.9581e-09 -3.2263e-09 -5.3748e-10 -3.9513e-07 -5.2701e-07  5.4163e-07  1.0580e-06
  1.9150e+02 -1.2705e-04 -6.3051e-05 -1.2272e-04  0.0000e+00  7.5047e-07 -8.8908e-05  2.2905e-07  4.5981e-09 -2.8831e-09 -1.2099e-09 -3.8651e-07 -4.5547e-07  5.1897e-07  1.0327e-06
  1.9250e+02 -1.2525e-04 -6.7893e-05 -1.2105e-04  0.0000e+00  6.9656e-07 -8.6604e-05  1.9179e-07  4.3036e-09 -2.6009e-09 -1.6995e-09 -3.7784e-07 -3.9568e-07  4.9935e-07  1.0078e-06
  1.9350e+02 -1.2349e-04 -7.5333e-05 -1.1940e-04  0.0000e+00  6.3250e-07 -8.4697e-05  1.6147e-07  4.0644e-09 -2.3989e-09 -1.9617e-09 -3.6925e-07 -3.4985e-07  4.8227e-07  9.8306e-07
  1.9450e+02 -1.2175e-04 -8.4268e-05 -1.1778e-04  0.0000e+00  5.6319e-07 -8.3084e-05  1.3842e-07  3.8691e-09 -2.2819e-09 -1.9643e-09 -3.6083e-07 -3.1894e-07  4.6717e-07  9.5874e-07
  1.9550e+02 -1.2005e-04 -9.3266e-05 -1.1617e-04  0.0000e+00  4.9311e-07 -8.1662e-05  1.2240e-07  3.7067e-09 -2.2631e-09 -1.6897e-09 -3.5262e-07 -3.0259e-07  4.5350e-07  9.3487e-07
  1.9650e+02 -1.1838e-04 -1.0095e-04 -1.1459e-04  0.0000e+00  4.2587e-07 -8.0339e-05  1.1264e-07  3.5672e-09 -2.3431e-09 -1.1375e-09 -3.4455e-07 -2.9920e-07  4.4074e-07  9.1152e-07
  1.9750e+02 -1.1673e-04 -1.0600e-04 -1.1303e-04  0.0000e+00  3.6393e-07 -7.9039e-05  1.0801e-07  3.4416e-09 -2.5146e-09 -3.2447e-10 -3.3653e-07 -3.0620e-07  4.2844e-07  8.8874e-07
  1.9850e+02 -1.1510e-04 -1.0715e-04 -1.1149e-04  0.0000e+00  3.0862e-07 -7.7707e-05  1.0714e-07  3.3233e-09 -2.7597e-09  7.1521e-10 -3.2845e-07 -3.2037e-07  4.1624e-07  8.6658e-07
  1.9950e+02 -1.1350e-04 -1.0320e-04 -1.0997e-04  0.0000e+00  2.6027e-07 -7.6308e-05  1.0859e-07  3.2075e-09 -3.0578e-09  1.9321e-09 -3.2017e-07 -3.3821e-07  4.0391e-07  8.4505e-07
  2.0050e+02 -1.1192e-04 -9.3985e-05 -1.0847e-04  0.0000e+00  2.1858e-07 -7.4830e-05  1.1101e-07  3.0912e-09 -3.3822e-09  3.2643e-09 -3.1166e-07 -3.5640e-07  3.9131e-07  8.2417e-07
  2.0150e+02 -1.1036e-04 -8.1366e-05 -1.0700e-04  0.0000e+00  1.8304e-07 -7.3278e-05  1.1328e-07  2.9737e-09 -3.7016e-09  4.6410e-09 -3.0297e-07 -3.7209e-07  3.7844e-07  8.0391e-07
  2.0250e+02 -1.0882e-04 -6.7499e-05 -1.0555e-04  0.0000e+00  1.5325e-07 -7.1670e-05  1.1457e-07  2.8552e-09 -3.9783e-09  5.9878e-09 -2.9424e-07 -3.8322e-07  3.6536e-07  7.8426e-07
  2.0350e+02 -1.0731e-04 -5.4460e-05 -1.0412e-04  0.0000e+00  1.2928e-07 -7.0029e-05  1.1440e-07  2.7373e-09 -4.1664e-09  7.2310e-09 -2.8579e-07 -3.8862e-07  3.5220e-07  7.6517e-07
  2.0450e+02 -1.0582e-04 -4.4244e-05 -1.0272e-04  0.0000e+00  1.1179e-07 -6.8383e-05  1.1258e-07  2.6219e-09 -4.2499e-09  8.3033e-09 -2.7802e-07 -3.8802e-07  3.3913e-07  7.4661e-07
  2.0550e+02 -1.0436e-04 -3.8768e-05 -1.0133e-04  0.0000e+00  1.0194e-07 -6.6758e-05  1.0916e-07  2.5111e-09 -4.2189e-09  9.1485e-09 -2.7137e-07 -3.8192e-07  3.2633e-07  7.2854e-07
  2.0650e+02 -1.0293e-04 -3.9797e-05 -9.9973e-05  0.0000e+00  1.0120e-07 -6.5177e-05  1.0437e-07  2.4072e-09 -4.0624e-09  9.7248e-09 -2.6633e-07 -3.7130e-07  3.1395e-07  7.1093e-07
  2.0750e+02 -1.0153e-04 -4.6753e-05 -9.8635e-05  0.0000e+00  1.1091e-07 -6.3658e-05  9.8433e-08  2.3118e-09 -3.7786e-09  1.0008e-08 -2.6326e-07 -3.5738e-07  3.0210e-07  6.9374e-07
  2.0850e+02 -1.0016e-04 -5.7061e-05 -9.7317e-05  0.0000e+00  1.3190e-07 -6.2219e-05  9.1558e-08  2.2267e-09 -3.3602e-09  9.9921e-09 -2.6238e-07 -3.4132e-07  2.9090e-07  6.7695e-07
  2.0950e+02 -9.8815e-05 -6.8250e-05 -9.6020e-05  0.0000e+00  1.6407e-07 -6.0880e-05  8.3818e-08  2.1531e-09 -2.8241e-09  9.6905e-09 -2.6370e-07 -3.2393e-07  2.8038e-07  6.6053e-07
  2.1050e+02 -9.7500e-05 -7.7936e-05 -9.4740e-05  0.0000e+00  2.0605e-07 -5.9663e-05  7.5147e-08  2.0924e-09 -2.1861e-09  9.1332e-09 -2.6695e-07 -3.0554e-07  2.7057e-07  6.4446e-07
  2.1150e+02 -9.6211e-05 -8.3828e-05 -9.3476e-05  0.0000e+00  2.5513e-07 -5.8599e-05  6.5354e-08  2.0460e-09 -1.4771e-09  8.3651e-09 -2.7160e-07 -2.8600e-07  2.6148e-07  6.2872e-07
  2.1250e+02 -9.4947e-05 -8.3723e-05 -9.2228e-05  0.0000e+00  3.0732e-07 -5.7726e-05  5.4182e-08  2.0152e-09 -7.2245e-10  7.4423e-09 -2.7687e-07 -2.6471e-07  2.5312e-07  6.1327e-07
  2.1350e+02 -9.3706e-05 -7.6282e-05 -9.0993e-05  0.0000e+00  3.5763e-07 -5.7090e-05  4.1391e-08  2.0019e-09  4.5468e-11  6.4275e-09 -2.8180e-07 -2.4085e-07  2.4550e-07  5.9809e-07
  2.1450e+02 -9.2486e-05 -6.3315e-05 -8.9769e-05  0.0000e+00  4.0059e-07 -5.6740e-05  2.6851e-08  2.0078e-09  7.9831e-10  5.3867e-09 -2.8533e-07 -2.1362e-07  2.3865e-07  5.8314e-07
  2.1550e+02 -9.1284e-05 -4.7736e-05 -8.8555e-05  0.0000e+00  4.3081e-07 -5.6725e-05  1.0622e-08  2.0344e-09  1.5046e-09  4.3843e-09 -2.8643e-07 -1.8245e-07  2.3261e-07  5.6838e-07
  2.1650e+02 -9.0098e-05 -3.2366e-05 -8.7349e-05  0.0000e+00  4.4362e-07 -5.7090e-05 -6.9901e-09  2.0833e-09  2.1331e-09  3.4798e-09 -2.8420e-07 -1.4730e-07  2.2743e-07  5.5379e-07
  2.1750e+02 -8.8927e-05 -1.9922e-05 -8.6149e-05  0.0000e+00  4.3565e-07 -5.7863e-05 -2.5424e-08  2.1549e-09  2.6683e-09  2.7249e-09 -2.7797e-07 -1.0873e-07  2.2316e-07  5.3932e-07
  2.1850e+02 -8.7769e-05 -1.3024e-05 -8.4954e-05  0.0000e+00  4.0526e-07 -5.9057e-05 -4.3888e-08  2.2492e-09  3.1049e-09  2.1611e-09 -2.6739e-07 -6.7975e-08  2.1982e-07  5.2497e-07
  2.1950e+02 -8.6622e-05 -1.4168e-05 -8.3763e-05  0.0000e+00  3.5286e-07 -6.0661e-05 -6.1440e-08  2.3648e-09  3.4199e-09  1.8186e-09 -2.5253e-07 -2.6830e-08  2.1741e-07  5.1072e-07
  2.2050e+02 -8.5487e-05 -2.3981e-05 -8.2574e-05  0.0000e+00  2.8090e-07 -6.2638e-05 -7.7076e-08  2.4992e-09  3.5923e-09  1.7152e-09 -2.3383e-07  1.2502e-08  2.1590e-07  4.9658e-07
  2.2150e+02 -8.4360e-05 -3.9892e-05 -8.1388e-05  0.0000e+00  1.9379e-07 -6.4927e-05 -8.9850e-08  2.6487e-09  3.6099e-09  1.8571e-09 -2.1214e-07  4.7664e-08  2.1520e-07  4.8258e-07
  2.2250e+02 -8.3243e-05 -5.8875e-05 -8.0205e-05  0.0000e+00  9.7460e-08 -6.7446e-05 -9.8975e-08  2.8087e-09  3.4736e-09  2.2394e-09 -1.8863e-07  7.6416e-08  2.1519e-07  4.6876e-07
  2.2350e+02 -8.2134e-05 -7.8137e-05 -7.9025e-05  0.0000e+00 -1.0740e-09 -7.0097e-05 -1.0391e-07  2.9738e-09  3.1880e-09  2.8465e-09 -1.6471e-07  9.6890e-08  2.1569e-07  4.5515e-07
  2.2450e+02 -8.1033e-05 -9.4980e-05 -7.7848e-05  0.0000e+00 -9.4362e-08 -7.2774e-05 -1.0439e-07  3.1384e-09  2.7575e-09  3.6540e-09 -1.4194e-07  1.0777e-07  2.1651e-07  4.4183e-07
  2.2550e+02 -7.9939e-05 -1.0681e-04 -7.6676e-05  0.0000e+00 -1.7516e-07 -7.5365e-05 -1.0046e-07  3.2964e-09  2.1963e-09  4.6296e-09 -1.2186e-07  1.0845e-07  2.1743e-07  4.2884e-07
  2.2650e+02 -7.8851e-05 -1.1141e-04 -7.5510e-05  0.0000e+00 -2.3704e-07 -7.7769e-05 -9.2440e-08  3.4427e-09  1.5119e-09  5.7345e-09 -1.0589e-07  9.8994e-08  2.1823e-07  4.1624e-07
  2.2750e+02 -7.7770e-05 -1.0926e-04 -7.4351e-05  0.0000e+00 -2.7497e-07 -7.9892e-05 -8.0860e-08  3.5723e-09  7.2635e-10  6.9248e-09 -9.5187e-08  8.0143e-08  2.1872e-07  4.0409e-07
  2.2850e+02 -7.6695e-05 -1.0266e-04 -7.3201e-05  0.0000e+00 -2.8574e-07 -8.1657e-05 -6.6397e-08  3.6814e-09 -1.3949e-10  8.1524e-09 -9.0548e-08  5.3160e-08  2.1870e-07  3.9242e-07
  2.2950e+02 -7.5626e-05 -9.3910e-05 -7.2062e-05  0.0000e+00 -2.6828e-07 -8.3005e-05 -4.9801e-08  3.7666e-09 -1.0565e-09  9.3665e-09 -9.2306e-08  1.9685e-08  2.1803e-07  3.8127e-07
