# Contributions to xi_real.
# Order is r [Mpc/h], xi_L, 1, b1, b2, b1^2, b1.b2, b2^2, Aeft, d2xiLin, bs, b1.bs, b2.bs, bs^2
  5.0000e-01  1.2489e+00  7.0805e+00  6.6731e-02  0.0000e+00  3.4242e+00  1.0979e+01  8.0025e+00  1.0539e+01 -1.8332e+00  1.3499e+00 -2.8532e+00 -2.0340e+00  1.1516e+01  3.3729e+01
  1.5000e+00  7.2974e-01  2.2801e+00  1.2138e+00  0.0000e+00  2.2062e+00  6.0050e+00  3.3314e+00  2.5423e+00 -3.9898e-01  7.7341e-01 -1.2777e+00 -1.0166e+00  6.6986e+00  1.9402e+01
  2.5000e+00  8.6540e-01  1.3591e+00  1.3385e+00  0.0000e+00  1.2123e+00  3.3224e+00  1.6418e+00  9.4113e-01 -9.7989e-02  4.1152e-01 -5.4874e-01 -4.6509e-01  3.6527e+00  1.0392e+01
  3.5000e+00  8.8188e-01  9.5708e-01  1.1211e+00  0.0000e+00  6.1497e-01  1.9045e+00  8.5245e-01  4.5235e-01 -1.9623e-02  2.1194e-01 -2.2013e-01 -2.0021e-01  1.9590e+00  5.4129e+00
  4.5000e+00  7.6633e-01  7.2752e-01  8.5866e-01  0.0000e+00  2.9078e-01  1.1541e+00  4.6248e-01  2.5315e-01 -1.0868e-03  1.0251e-01 -8.1578e-02 -8.1609e-02  1.0209e+00  2.6758e+00
  5.5000e+00  6.3109e-01  5.7730e-01  6.4614e-01  0.0000e+00  1.2475e-01  7.4863e-01  2.5930e-01  1.5612e-01  2.1281e-03  4.1245e-02 -2.6171e-02 -3.0706e-02  4.8809e-01  1.1377e+00
  6.5000e+00  5.1342e-01  4.6921e-01  4.9341e-01  0.0000e+00  4.4162e-02  5.2202e-01  1.4754e-01  1.0264e-01  1.9940e-03  7.0664e-03 -5.7289e-03 -1.0104e-02  1.8383e-01  2.7452e-01
  7.5000e+00  4.1967e-01  3.8665e-01  3.8699e-01  0.0000e+00  8.1071e-03  3.8978e-01  8.3208e-02  7.0485e-02  1.4312e-03 -1.0823e-02  3.8804e-04 -2.8208e-03  1.7255e-02 -1.8274e-01
  8.5000e+00  3.4636e-01  3.2186e-01  3.1210e-01  0.0000e+00 -5.5065e-03  3.0847e-01  4.5074e-02  4.9931e-02  9.9809e-04 -1.8567e-02  9.7300e-04 -1.1213e-03 -6.3202e-02 -3.8694e-01
  9.5000e+00  2.8884e-01  2.7036e-01  2.5792e-01  0.0000e+00 -8.4603e-03  2.5520e-01  2.2237e-02  3.6201e-02  7.2071e-04 -2.0079e-02 -1.8295e-04 -1.4345e-03 -9.0201e-02 -4.3529e-01
  1.0500e+01  2.4329e-01  2.2898e-01  2.1736e-01  0.0000e+00 -6.9930e-03  2.1758e-01  8.6859e-03  2.6729e-02  5.4564e-04 -1.8031e-02 -1.4662e-03 -2.1392e-03 -8.5953e-02 -3.9412e-01
  1.1500e+01  2.0693e-01  1.9547e-01  1.8598e-01  0.0000e+00 -4.3144e-03  1.8885e-01  8.8297e-04  2.0034e-02  4.3005e-04 -1.4275e-02 -2.2694e-03 -2.5737e-03 -6.5837e-02 -3.0938e-01
  1.2500e+01  1.7770e-01  1.6819e-01  1.6098e-01  0.0000e+00 -1.9406e-03  1.6536e-01 -3.3595e-03  1.5211e-02  3.4867e-04 -1.0057e-02 -2.4664e-03 -2.5573e-03 -4.0223e-02 -2.1202e-01
  1.3500e+01  1.5404e-01  1.4589e-01  1.4056e-01  0.0000e+00 -4.3478e-04  1.4522e-01 -5.4319e-03  1.1682e-02  2.8776e-04 -6.1543e-03 -2.1551e-03 -2.1410e-03 -1.5632e-02 -1.2133e-01
  1.4500e+01  1.3473e-01  1.2758e-01  1.2355e-01  0.0000e+00  1.5521e-04  1.2751e-01 -6.2248e-03  9.0662e-03  2.4003e-04 -2.9813e-03 -1.5167e-03 -1.4677e-03  4.3543e-03 -4.7706e-02
  1.5500e+01  1.1879e-01  1.1236e-01  1.0916e-01  0.0000e+00  2.8269e-05  1.1182e-01 -6.3038e-03  7.1038e-03  2.0150e-04 -6.8963e-04 -7.3923e-04 -6.9513e-04  1.8307e-02  4.9907e-03
  1.6500e+01  1.0548e-01  9.9571e-02  9.6865e-02  0.0000e+00 -5.3504e-04  9.7999e-02 -6.0186e-03  5.6159e-03  1.6998e-04  7.4804e-04  2.2681e-05  4.4541e-05  2.6255e-02  3.7301e-02
  1.7500e+01  9.4210e-02  8.8697e-02  8.6277e-02  0.0000e+00 -1.2685e-03  8.5956e-02 -5.5768e-03  4.4765e-03  1.4411e-04  1.4651e-03  6.6413e-04  6.6160e-04  2.9106e-02  5.2399e-02
  1.8500e+01  8.4535e-02  7.9347e-02  7.7116e-02  0.0000e+00 -1.9677e-03  7.5601e-02 -5.0942e-03  3.5956e-03  1.2297e-04  1.6439e-03  1.1305e-03  1.1105e-03  2.8181e-02  5.4676e-02
  1.9500e+01  7.6127e-02  7.1240e-02  6.9163e-02  0.0000e+00 -2.5054e-03  6.6806e-02 -4.6286e-03  2.9084e-03  1.0581e-04  1.4716e-03  1.4100e-03  1.3828e-03  2.4865e-02  4.8657e-02
  2.0500e+01  6.8745e-02  6.4157e-02  6.2239e-02  0.0000e+00 -2.8258e-03  5.9402e-02 -4.2039e-03  2.3678e-03  9.1959e-05  1.1139e-03  1.5211e-03  1.4972e-03  2.0392e-02  3.8356e-02
  2.1500e+01  6.2215e-02  5.7935e-02  5.6197e-02  0.0000e+00 -2.9286e-03  5.3192e-02 -3.8252e-03  1.9390e-03  8.0788e-05  6.9947e-04  1.4997e-03  1.4872e-03  1.5720e-02  2.6882e-02
  2.2500e+01  5.6412e-02  5.2446e-02  5.0907e-02  0.0000e+00 -2.8493e-03  4.7972e-02 -3.4887e-03  1.5964e-03  7.1726e-05  3.1581e-04  1.3887e-03  1.3921e-03  1.1493e-02  1.6348e-02
  2.3500e+01  5.1238e-02  4.7587e-02  4.6259e-02  0.0000e+00 -2.6407e-03  4.3548e-02 -3.1878e-03  1.3208e-03  6.4266e-05  1.2074e-05  1.2288e-03  1.2493e-03  8.0638e-03  7.9283e-03
  2.4500e+01  4.6621e-02  4.3273e-02  4.2156e-02  0.0000e+00 -2.3582e-03  3.9747e-02 -2.9156e-03  1.0976e-03  5.7990e-05 -1.9364e-04  1.0536e-03  1.0895e-03  5.5463e-03  2.0433e-03
  2.5500e+01  4.2496e-02  3.9433e-02  3.8518e-02  0.0000e+00 -2.0501e-03  3.6428e-02 -2.6665e-03  9.1585e-04  5.2581e-05 -3.0532e-04  8.8706e-04  9.3477e-04  3.8870e-03 -1.4250e-03
  2.6500e+01  3.8810e-02  3.6010e-02  3.5276e-02  0.0000e+00 -1.7526e-03  3.3482e-02 -2.4368e-03  7.6709e-04  4.7803e-05 -3.4007e-04  7.4366e-04  7.9869e-04  2.9332e-03 -2.9133e-03
  2.7500e+01  3.5514e-02  3.2953e-02  3.2372e-02  0.0000e+00 -1.4883e-03  3.0829e-02 -2.2241e-03  6.4475e-04  4.3503e-05 -3.2069e-04  6.2932e-04  6.8714e-04  2.4907e-03 -2.9945e-03
  2.8500e+01  3.2562e-02  3.0217e-02  2.9760e-02  0.0000e+00 -1.2678e-03  2.8416e-02 -2.0270e-03  5.4369e-04  3.9585e-05 -2.6991e-04  5.4373e-04  6.0047e-04  2.3683e-03 -2.2376e-03
  2.9500e+01  2.9912e-02  2.7758e-02  2.7401e-02  0.0000e+00 -1.0923e-03  2.6207e-02 -1.8447e-03  4.5988e-04  3.5998e-05 -2.0691e-04  4.8267e-04  5.3543e-04  2.4052e-03 -1.1226e-03
  3.0500e+01  2.7529e-02  2.5540e-02  2.5264e-02  0.0000e+00 -9.5668e-04  2.4180e-02 -1.6769e-03  3.9011e-04  3.2714e-05 -1.4561e-04  4.4005e-04  4.8705e-04  2.4831e-03  7.6299e-07
  3.1500e+01  2.5378e-02  2.3534e-02  2.3324e-02  0.0000e+00 -8.5291e-04  2.2319e-02 -1.5230e-03  3.3184e-04  2.9722e-05 -9.4439e-05  4.0959e-04  4.5006e-04  2.5284e-03  9.1886e-04
  3.2500e+01  2.3430e-02  2.1717e-02  2.1557e-02  0.0000e+00 -7.7213e-04  2.0615e-02 -1.3826e-03  2.8300e-04  2.7011e-05 -5.7056e-05  3.8583e-04  4.1983e-04  2.5062e-03  1.5365e-03
  3.3500e+01  2.1662e-02  2.0066e-02  1.9947e-02  0.0000e+00 -7.0640e-04  1.9058e-02 -1.2550e-03  2.4195e-04  2.4571e-05 -3.3529e-05  3.6473e-04  3.9287e-04  2.4105e-03  1.8469e-03
  3.4500e+01  2.0052e-02  1.8563e-02  1.8478e-02  0.0000e+00 -6.4954e-04  1.7639e-02 -1.1393e-03  2.0733e-04  2.2389e-05 -2.1667e-05  3.4375e-04  3.6695e-04  2.2541e-03  1.8997e-03
  3.5500e+01  1.8582e-02  1.7193e-02  1.7136e-02  0.0000e+00 -5.9744e-04  1.6346e-02 -1.0348e-03  1.7807e-04  2.0438e-05 -1.8245e-05  3.2172e-04  3.4097e-04  2.0584e-03  1.7705e-03
  3.6500e+01  1.7237e-02  1.5941e-02  1.5908e-02  0.0000e+00 -5.4778e-04  1.5169e-02 -9.4047e-04  1.5326e-04  1.8699e-05 -1.9911e-05  2.9846e-04  3.1469e-04  1.8464e-03  1.5385e-03
  3.7500e+01  1.6005e-02  1.4795e-02  1.4783e-02  0.0000e+00 -4.9973e-04  1.4096e-02 -8.5532e-04  1.3217e-04  1.7148e-05 -2.3794e-05  2.7445e-04  2.8842e-04  1.6377e-03  1.2714e-03
  3.8500e+01  1.4874e-02  1.3746e-02  1.3751e-02  0.0000e+00 -4.5335e-04  1.3116e-02 -7.7847e-04  1.1420e-04  1.5760e-05 -2.7796e-05  2.5047e-04  2.6273e-04  1.4463e-03  1.0185e-03
  3.9500e+01  1.3836e-02  1.2784e-02  1.2804e-02  0.0000e+00 -4.0919e-04  1.2218e-02 -7.0905e-04  9.8850e-05  1.4511e-05 -3.0664e-05  2.2732e-04  2.3822e-04  1.2801e-03  8.0866e-04
  4.0500e+01  1.2880e-02  1.1900e-02  1.1932e-02  0.0000e+00 -3.6793e-04  1.1394e-02 -6.4630e-04  8.5713e-05  1.3380e-05 -3.1869e-05  2.0563e-04  2.1540e-04  1.1412e-03  6.5301e-04
  4.1500e+01  1.2001e-02  1.1087e-02  1.1129e-02  0.0000e+00 -3.3009e-04  1.0635e-02 -5.8951e-04  7.4443e-05  1.2353e-05 -3.1428e-05  1.8584e-04  1.9457e-04  1.0279e-03  5.4972e-04
  4.2500e+01  1.1190e-02  1.0338e-02  1.0388e-02  0.0000e+00 -2.9598e-04  9.9336e-03 -5.3808e-04  6.4756e-05  1.1415e-05 -2.9682e-05  1.6811e-04  1.7584e-04  9.3610e-04  4.8911e-04
  4.3500e+01  1.0443e-02  9.6460e-03  9.7039e-03  0.0000e+00 -2.6563e-04  9.2848e-03 -4.9145e-04  5.6412e-05  1.0557e-05 -2.7114e-05  1.5243e-04  1.5917e-04  8.6082e-04  4.5821e-04
  4.4500e+01  9.7522e-03  9.0071e-03  9.0706e-03  0.0000e+00 -2.3884e-04  8.6836e-03 -4.4914e-04  4.9213e-05  9.7707e-06 -2.4201e-05  1.3861e-04  1.4437e-04  7.9720e-04  4.4426e-04
  4.5500e+01  9.1136e-03  8.4161e-03  8.4840e-03  0.0000e+00 -2.1527e-04  8.1257e-03 -4.1072e-04  4.2990e-05  9.0475e-06 -2.1330e-05  1.2642e-04  1.3123e-04  7.4124e-04  4.3690e-04
  4.6500e+01  8.5223e-03  7.8688e-03  7.9400e-03  0.0000e+00 -1.9450e-04  7.6076e-03 -3.7582e-04  3.7601e-05  8.3822e-06 -1.8758e-05  1.1557e-04  1.1948e-04  6.9009e-04  4.2903e-04
  4.7500e+01  7.9743e-03  7.3615e-03  7.4350e-03  0.0000e+00 -1.7610e-04  7.1261e-03 -3.4411e-04  3.2928e-05  7.7700e-06 -1.6611e-05  1.0582e-04  1.0889e-04  6.4200e-04  4.1683e-04
  4.8500e+01  7.4657e-03  6.8909e-03  6.9658e-03  0.0000e+00 -1.5967e-04  6.6785e-03 -3.1527e-04  2.8868e-05  7.2067e-06 -1.4909e-05  9.6950e-05  9.9283e-05  5.9616e-04  3.9921e-04
  4.9500e+01  6.9934e-03  6.4538e-03  6.5295e-03  0.0000e+00 -1.4490e-04  6.2621e-03 -2.8903e-04  2.5337e-05  6.6885e-06 -1.3598e-05  8.8813e-05  9.0496e-05  5.5240e-04  3.7690e-04
  5.0500e+01  6.5542e-03  6.0480e-03  6.1235e-03  0.0000e+00 -1.3153e-04  5.8745e-03 -2.6516e-04  2.2260e-05  6.2113e-06 -1.2589e-05  8.1301e-05  8.2427e-05  5.1092e-04  3.5162e-04
  5.1500e+01  6.1454e-03  5.6707e-03  5.7452e-03  0.0000e+00 -1.1937e-04  5.5134e-03 -2.4342e-04  1.9576e-05  5.7716e-06 -1.1783e-05  7.4348e-05  7.5005e-05  4.7203e-04  3.2536e-04
  5.2500e+01  5.7646e-03  5.3196e-03  5.3926e-03  0.0000e+00 -1.0829e-04  5.1767e-03 -2.2362e-04  1.7231e-05  5.3657e-06 -1.1094e-05  6.7915e-05  6.8180e-05  4.3601e-04  2.9983e-04
  5.3500e+01  5.4095e-03  4.9925e-03  5.0636e-03  0.0000e+00 -9.8189e-05  4.8625e-03 -2.0558e-04  1.5181e-05  4.9905e-06 -1.0458e-05  6.1979e-05  6.1919e-05  4.0299e-04  2.7626e-04
  5.4500e+01  5.0783e-03  4.6875e-03  4.7563e-03  0.0000e+00 -8.8995e-05  4.5688e-03 -1.8914e-04  1.3384e-05  4.6431e-06 -9.8375e-06  5.6521e-05  5.6192e-05  3.7295e-04  2.5529e-04
  5.5500e+01  4.7689e-03  4.4029e-03  4.4692e-03  0.0000e+00 -8.0644e-05  4.2942e-03 -1.7414e-04  1.1809e-05  4.3209e-06 -9.2151e-06  5.1523e-05  5.0971e-05  3.4575e-04  2.3706e-04
  5.6500e+01  4.4797e-03  4.1370e-03  4.2005e-03  0.0000e+00 -7.3076e-05  4.0371e-03 -1.6046e-04  1.0427e-05  4.0217e-06 -8.5909e-06  4.6960e-05  4.6225e-05  3.2113e-04  2.2134e-04
  5.7500e+01  4.2092e-03  3.8882e-03  3.9490e-03  0.0000e+00 -6.6231e-05  3.7960e-03 -1.4797e-04  9.2115e-06  3.7432e-06 -7.9739e-06  4.2806e-05  4.1918e-05  2.9880e-04  2.0770e-04
  5.8500e+01  3.9559e-03  3.6552e-03  3.7133e-03  0.0000e+00 -6.0045e-05  3.5699e-03 -1.3656e-04  8.1422e-06  3.4838e-06 -7.3773e-06  3.9027e-05  3.8013e-05  2.7845e-04  1.9564e-04
  5.9500e+01  3.7186e-03  3.4368e-03  3.4923e-03  0.0000e+00 -5.4458e-05  3.3576e-03 -1.2613e-04  7.2003e-06  3.2419e-06 -6.8128e-06  3.5591e-05  3.4471e-05  2.5981e-04  1.8472e-04
  6.0500e+01  3.4960e-03  3.2318e-03  3.2848e-03  0.0000e+00 -4.9409e-05  3.1580e-03 -1.1659e-04  6.3698e-06  3.0166e-06 -6.2893e-06  3.2463e-05  3.1256e-05  2.4265e-04  1.7458e-04
  6.1500e+01  3.2870e-03  3.0392e-03  3.0899e-03  0.0000e+00 -4.4843e-05  2.9702e-03 -1.0786e-04  5.6367e-06  2.8072e-06 -5.8113e-06  2.9614e-05  2.8333e-05  2.2677e-04  1.6499e-04
  6.2500e+01  3.0906e-03  2.8581e-03  2.9066e-03  0.0000e+00 -4.0707e-05  2.7934e-03 -9.9857e-05  4.9891e-06  2.6130e-06 -5.3795e-06  2.7015e-05  2.5671e-05  2.1206e-04  1.5583e-04
  6.3500e+01  2.9059e-03  2.6873e-03  2.7340e-03  0.0000e+00 -3.6956e-05  2.6268e-03 -9.2517e-05  4.4165e-06  2.4338e-06 -4.9921e-06  2.4642e-05  2.3242e-05  1.9839e-04  1.4706e-04
  6.4500e+01  2.7320e-03  2.5262e-03  2.5715e-03  0.0000e+00 -3.3550e-05  2.4697e-03 -8.5776e-05  3.9097e-06  2.2695e-06 -4.6458e-06  2.2472e-05  2.1022e-05  1.8570e-04  1.3869e-04
  6.5500e+01  2.5682e-03  2.3738e-03  2.4183e-03  0.0000e+00 -3.0454e-05  2.3214e-03 -7.9579e-05  3.4609e-06  2.1200e-06 -4.3373e-06  2.0487e-05  1.8991e-05  1.7391e-04  1.3076e-04
  6.6500e+01  2.4138e-03  2.2296e-03  2.2738e-03  0.0000e+00 -2.7636e-05  2.1812e-03 -7.3872e-05  3.0632e-06  1.9860e-06 -4.0640e-06  1.8672e-05  1.7133e-05  1.6298e-04  1.2330e-04
  6.7500e+01  2.2680e-03  2.0930e-03  2.1373e-03  0.0000e+00 -2.5067e-05  2.0488e-03 -6.8610e-05  2.7106e-06  1.8677e-06 -3.8246e-06  1.7011e-05  1.5431e-05  1.5283e-04  1.1632e-04
  6.8500e+01  2.1304e-03  1.9640e-03  2.0084e-03  0.0000e+00 -2.2721e-05  1.9235e-03 -6.3749e-05  2.3978e-06  1.7665e-06 -3.6195e-06  1.5490e-05  1.3873e-05  1.4342e-04  1.0983e-04
  6.9500e+01  2.0004e-03  1.8422e-03  1.8865e-03  0.0000e+00 -2.0573e-05  1.8048e-03 -5.9249e-05  2.1202e-06  1.6838e-06 -3.4502e-06  1.4097e-05  1.2446e-05  1.3469e-04  1.0380e-04
  7.0500e+01  1.8775e-03  1.7276e-03  1.7713e-03  0.0000e+00 -1.8596e-05  1.6925e-03 -5.5071e-05  1.8739e-06  1.6211e-06 -3.3197e-06  1.2818e-05  1.1137e-05  1.2657e-04  9.8202e-05
  7.1500e+01  1.7614e-03  1.6199e-03  1.6625e-03  0.0000e+00 -1.6767e-05  1.5861e-03 -5.1180e-05  1.6552e-06  1.5802e-06 -3.2315e-06  1.1641e-05  9.9350e-06  1.1902e-04  9.2993e-05
  7.2500e+01  1.6518e-03  1.5189e-03  1.5596e-03  0.0000e+00 -1.5060e-05  1.4854e-03 -4.7539e-05  1.4612e-06  1.5627e-06 -3.1894e-06  1.0552e-05  8.8273e-06  1.1198e-04  8.8133e-05
  7.3500e+01  1.5483e-03  1.4244e-03  1.4625e-03  0.0000e+00 -1.3449e-05  1.3901e-03 -4.4114e-05  1.2892e-06  1.5702e-06 -3.1970e-06  9.5390e-06  7.8016e-06  1.0541e-04  8.3582e-05
  7.4500e+01  1.4507e-03  1.3355e-03  1.3711e-03  0.0000e+00 -1.1911e-05  1.3001e-03 -4.0871e-05  1.1366e-06  1.6039e-06 -3.2572e-06  8.5890e-06  6.8451e-06  9.9268e-05  7.9309e-05
  7.5500e+01  1.3591e-03  1.2511e-03  1.2852e-03  0.0000e+00 -1.0419e-05  1.2153e-03 -3.7777e-05  1.0016e-06  1.6651e-06 -3.3719e-06  7.6896e-06  5.9447e-06  9.3516e-05  7.5289e-05
  7.6500e+01  1.2732e-03  1.1704e-03  1.2048e-03  0.0000e+00 -8.9510e-06  1.1357e-03 -3.4798e-05  8.8236e-07  1.7536e-06 -3.5415e-06  6.8290e-06  5.0877e-06  8.8123e-05  7.1501e-05
  7.7500e+01  1.1932e-03  1.0926e-03  1.1299e-03  0.0000e+00 -7.4849e-06  1.0614e-03 -3.1905e-05  7.7727e-07  1.8689e-06 -3.7640e-06  5.9956e-06  4.2614e-06  8.3060e-05  6.7933e-05
  7.8500e+01  1.1190e-03  1.0169e-03  1.0606e-03  0.0000e+00 -6.0013e-06  9.9255e-04 -2.9069e-05  6.8504e-07  2.0091e-06 -4.0352e-06  5.1789e-06  3.4538e-06  7.8299e-05  6.4571e-05
  7.9500e+01  1.0508e-03  9.4280e-04  9.9708e-04  0.0000e+00 -4.4837e-06  9.2929e-04 -2.6266e-05  6.0453e-07  2.1704e-06 -4.3479e-06  4.3693e-06  2.6539e-06  7.3817e-05  6.1407e-05
  8.0500e+01  9.8884e-04  8.7044e-04  9.3945e-04  0.0000e+00 -2.9197e-06  8.7195e-04 -2.3478e-05  5.3477e-07  2.3477e-06 -4.6918e-06  3.5585e-06  1.8525e-06  6.9589e-05  5.8431e-05
  8.1500e+01  9.3327e-04  8.0122e-04  8.8795e-04  0.0000e+00 -1.3021e-06  8.2082e-04 -2.0689e-05  4.7494e-07  2.5343e-06 -5.0533e-06  2.7400e-06  1.0422e-06  6.5595e-05  5.5634e-05
  8.2500e+01  8.8433e-04  7.3647e-04  8.4279e-04  0.0000e+00  3.7109e-07  7.7627e-04 -1.7895e-05  4.2433e-07  2.7218e-06 -5.4154e-06  1.9092e-06  2.1808e-07  6.1813e-05  5.3007e-05
  8.3500e+01  8.4226e-04  6.7740e-04  8.0419e-04  0.0000e+00  2.0950e-06  7.3863e-04 -1.5096e-05  3.8235e-07  2.8999e-06 -5.7584e-06  1.0638e-06 -6.2211e-07  5.8224e-05  5.0539e-05
  8.4500e+01  8.0730e-04  6.2522e-04  7.7234e-04  0.0000e+00  3.8582e-06  7.0823e-04 -1.2301e-05  3.4848e-07  3.0575e-06 -6.0602e-06  2.0413e-07 -1.4776e-06  5.4811e-05  4.8222e-05
  8.5500e+01  7.7962e-04  5.8085e-04  7.4741e-04  0.0000e+00  5.6421e-06  6.8532e-04 -9.5282e-06  3.2226e-07  3.1825e-06 -6.2972e-06 -6.6675e-07 -2.3444e-06  5.1559e-05  4.6045e-05
  8.6500e+01  7.5932e-04  5.4516e-04  7.2947e-04  0.0000e+00  7.4214e-06  6.7007e-04 -6.8013e-06  3.0324e-07  3.2625e-06 -6.4459e-06 -1.5429e-06 -3.2158e-06  4.8455e-05  4.3998e-05
  8.7500e+01  7.4644e-04  5.1917e-04  7.1851e-04  0.0000e+00  9.1643e-06  6.6256e-04 -4.1517e-06  2.9101e-07  3.2857e-06 -6.4836e-06 -2.4155e-06 -4.0822e-06  4.5488e-05  4.2071e-05
  8.8500e+01  7.4087e-04  5.0387e-04  7.1442e-04  0.0000e+00  1.0834e-05  6.6270e-04 -1.6162e-06  2.8513e-07  3.2414e-06 -6.3906e-06 -3.2735e-06 -4.9314e-06  4.2650e-05  4.0256e-05
  8.9500e+01  7.4239e-04  5.0016e-04  7.1694e-04  0.0000e+00  1.2390e-05  6.7023e-04  7.6507e-07  2.8513e-07  3.1214e-06 -6.1510e-06 -4.1033e-06 -5.7497e-06  3.9935e-05  3.8544e-05
  9.0500e+01  7.5062e-04  5.0884e-04  7.2569e-04  0.0000e+00  1.3788e-05  6.8472e-04  2.9500e-06  2.9049e-07  2.9200e-06 -5.7549e-06 -4.8900e-06 -6.5219e-06  3.7340e-05  3.6926e-05
  9.1500e+01  7.6502e-04  5.3065e-04  7.4012e-04  0.0000e+00  1.4987e-05  7.0555e-04  4.8969e-06  3.0064e-07  2.6355e-06 -5.1988e-06 -5.6179e-06 -7.2325e-06  3.4862e-05  3.5395e-05
  9.2500e+01  7.8489e-04  5.6619e-04  7.5954e-04  0.0000e+00  1.5944e-05  7.3190e-04  6.5668e-06  3.1492e-07  2.2699e-06 -4.4867e-06 -6.2708e-06 -7.8663e-06  3.2501e-05  3.3941e-05
  9.3500e+01  8.0936e-04  6.1486e-04  7.8310e-04  0.0000e+00  1.6625e-05  7.6278e-04  7.9254e-06  3.3259e-07  1.8295e-06 -3.6307e-06 -6.8338e-06 -8.4090e-06  3.0259e-05  3.2557e-05
  9.4500e+01  8.3744e-04  6.7380e-04  8.0985e-04  0.0000e+00  1.6998e-05  7.9704e-04  8.9453e-06  3.5283e-07  1.3243e-06 -2.6504e-06 -7.2935e-06 -8.8482e-06  2.8137e-05  3.1236e-05
  9.5500e+01  8.6799e-04  7.3999e-04  8.3869e-04  0.0000e+00  1.7044e-05  8.3340e-04  9.6075e-06  3.7477e-07  7.6868e-07 -1.5726e-06 -7.6388e-06 -9.1741e-06  2.6138e-05  2.9971e-05
  9.6500e+01  8.9980e-04  8.1056e-04  8.6848e-04  0.0000e+00  1.6751e-05  8.7050e-04  9.9030e-06  3.9749e-07  1.7978e-07 -4.2984e-07 -7.8618e-06 -9.3799e-06  2.4264e-05  2.8754e-05
  9.7500e+01  9.3160e-04  8.8287e-04  8.9802e-04  0.0000e+00  1.6120e-05  9.0693e-04  9.8333e-06  4.2002e-07 -4.2287e-07  7.4101e-07 -7.9584e-06 -9.4619e-06  2.2518e-05  2.7579e-05
  9.8500e+01  9.6210e-04  9.5454e-04  9.2610e-04  0.0000e+00  1.5162e-05  9.4128e-04  9.4110e-06  4.4141e-07 -1.0184e-06  1.9007e-06 -7.9280e-06 -9.4202e-06  2.0901e-05  2.6442e-05
  9.9500e+01  9.9006e-04  1.0233e-03  9.5155e-04  0.0000e+00  1.3901e-05  9.7222e-04  8.6597e-06  4.6075e-07 -1.5863e-06  3.0095e-06 -7.7744e-06 -9.2585e-06  1.9414e-05  2.5337e-05
  1.0050e+02  1.0143e-03  1.0864e-03  9.7328e-04  0.0000e+00  1.2373e-05  9.9852e-04  7.6126e-06  4.7719e-07 -2.1067e-06  4.0298e-06 -7.5051e-06 -8.9839e-06  1.8056e-05  2.4261e-05
  1.0150e+02  1.0337e-03  1.1410e-03  9.9032e-04  0.0000e+00  1.0620e-05  1.0191e-03  6.3117e-06  4.8998e-07 -2.5620e-06  4.9276e-06 -7.1308e-06 -8.6063e-06  1.6826e-05  2.3211e-05
  1.0250e+02  1.0474e-03  1.1841e-03  1.0018e-03  0.0000e+00  8.6926e-06  1.0331e-03  4.8059e-06  4.9854e-07 -2.9376e-06  5.6746e-06 -6.6652e-06 -8.1385e-06  1.5720e-05  2.2186e-05
  1.0350e+02  1.0547e-03  1.2135e-03  1.0071e-03  0.0000e+00  6.6475e-06  1.0397e-03  3.1484e-06  5.0240e-07 -3.2226e-06  6.2492e-06 -6.1242e-06 -7.5949e-06  1.4735e-05  2.1184e-05
  1.0450e+02  1.0549e-03  1.2266e-03  1.0058e-03  0.0000e+00  4.5424e-06  1.0387e-03  1.3952e-06  5.0131e-07 -3.4103e-06  6.6380e-06 -5.5249e-06 -6.9913e-06  1.3863e-05  2.0205e-05
  1.0550e+02  1.0478e-03  1.2213e-03  9.9751e-04  0.0000e+00  2.4350e-06  1.0298e-03 -3.9828e-07  4.9519e-07 -3.4983e-06  6.8356e-06 -4.8850e-06 -6.3438e-06  1.3100e-05  1.9250e-05
  1.0650e+02  1.0334e-03  1.1968e-03  9.8225e-04  0.0000e+00  3.8018e-07  1.0131e-03 -2.1788e-06  4.8416e-07 -3.4889e-06  6.8450e-06 -4.2219e-06 -5.6685e-06  1.2436e-05  1.8320e-05
  1.0750e+02  1.0116e-03  1.1559e-03  9.6014e-04  0.0000e+00 -1.5721e-06  9.8877e-04 -3.8976e-06  4.6851e-07 -3.3881e-06  6.6766e-06 -3.5520e-06 -4.9804e-06  1.1863e-05  1.7418e-05
  1.0850e+02  9.8278e-04  1.1025e-03  9.3150e-04  0.0000e+00 -3.3789e-06  9.5738e-04 -5.5122e-06  4.4868e-07 -3.2055e-06  6.3474e-06 -2.8904e-06 -4.2933e-06  1.1372e-05  1.6544e-05
  1.0950e+02  9.4747e-04  1.0399e-03  8.9680e-04  0.0000e+00 -5.0052e-06  9.1954e-04 -6.9876e-06  4.2523e-07 -2.9532e-06  5.8799e-06 -2.2500e-06 -3.6194e-06  1.0955e-05  1.5702e-05
  1.1050e+02  9.0626e-04  9.7127e-04  8.5665e-04  0.0000e+00 -6.4252e-06  8.7600e-04 -8.2968e-06  3.9884e-07 -2.6452e-06  5.3000e-06 -1.6416e-06 -2.9689e-06  1.0601e-05  1.4893e-05
  1.1150e+02  8.5989e-04  8.9955e-04  8.1177e-04  0.0000e+00 -7.6221e-06  8.2762e-04 -9.4214e-06  3.7022e-07 -2.2966e-06  4.6360e-06 -1.0738e-06 -2.3497e-06  1.0302e-05  1.4119e-05
  1.1250e+02  8.0921e-04  8.2735e-04  7.6295e-04  0.0000e+00 -8.5881e-06  7.7531e-04 -1.0351e-05  3.4012e-07 -1.9224e-06  3.9166e-06 -5.5267e-07 -1.7684e-06  1.0050e-05  1.3382e-05
  1.1350e+02  7.5508e-04  7.5616e-04  7.1101e-04  0.0000e+00 -9.3237e-06  7.1997e-04 -1.1082e-05  3.0927e-07 -1.5372e-06  3.1695e-06 -8.2261e-08 -1.2294e-06  9.8354e-06  1.2683e-05
  1.1450e+02  6.9838e-04  6.8635e-04  6.5680e-04  0.0000e+00 -9.8366e-06  6.6250e-04 -1.1617e-05  2.7836e-07 -1.1540e-06  2.4205e-06  3.3538e-07 -7.3577e-07  9.6521e-06  1.2022e-05
  1.1550e+02  6.4000e-04  6.1819e-04  6.0112e-04  0.0000e+00 -1.0140e-05  6.0377e-04 -1.1966e-05  2.4801e-07 -7.8434e-07  1.6922e-06  6.9988e-07 -2.8939e-07  9.4930e-06  1.1401e-05
  1.1650e+02  5.8077e-04  5.5190e-04  5.4478e-04  0.0000e+00 -1.0253e-05  5.4456e-04 -1.2141e-05  2.1878e-07 -4.3743e-07  1.0035e-06  1.0123e-06  1.0881e-07  9.3523e-06  1.0818e-05
  1.1750e+02  5.2147e-04  4.8772e-04  4.8848e-04  0.0000e+00 -1.0197e-05  4.8560e-04 -1.2156e-05  1.9109e-07 -1.2040e-07  3.6920e-07  1.2746e-06  4.5863e-07  9.2248e-06  1.0274e-05
  1.1850e+02  4.6279e-04  4.2589e-04  4.3288e-04  0.0000e+00 -9.9937e-06  4.2753e-04 -1.2028e-05  1.6530e-07  1.6174e-07 -2.0004e-07  1.4897e-06  7.6041e-07  9.1060e-06  9.7674e-06
  1.1950e+02  4.0536e-04  3.6652e-04  3.7855e-04  0.0000e+00 -9.6683e-06  3.7092e-04 -1.1774e-05  1.4166e-07  4.0611e-07 -6.9755e-07  1.6609e-06  1.0149e-06  8.9918e-06  9.2965e-06
  1.2050e+02  3.4969e-04  3.0946e-04  3.2597e-04  0.0000e+00 -9.2437e-06  3.1622e-04 -1.1412e-05  1.2032e-07  6.1159e-07 -1.1203e-06  1.7919e-06  1.2233e-06  8.8790e-06  8.8598e-06
  1.2150e+02  2.9621e-04  2.5448e-04  2.7553e-04  0.0000e+00 -8.7421e-06  2.6385e-04 -1.0958e-05  1.0133e-07  7.7876e-07 -1.4682e-06  1.8865e-06  1.3872e-06  8.7645e-06  8.4556e-06
  1.2250e+02  2.4527e-04  2.0136e-04  2.2754e-04  0.0000e+00 -8.1835e-06  2.1411e-04 -1.0428e-05  8.4703e-08  9.0930e-07 -1.7441e-06  1.9482e-06  1.5086e-06  8.6461e-06  8.0818e-06
  1.2350e+02  1.9711e-04  1.4991e-04  1.8222e-04  0.0000e+00 -7.5861e-06  1.6726e-04 -9.8386e-06  7.0356e-08  1.0059e-06 -1.9524e-06  1.9807e-06  1.5901e-06  8.5217e-06  7.7364e-06
  1.2450e+02  1.5191e-04  9.9940e-05  1.3972e-04  0.0000e+00 -6.9655e-06  1.2349e-04 -9.2036e-06  5.8172e-08  1.0718e-06 -2.0992e-06  1.9873e-06  1.6346e-06  8.3896e-06  7.4173e-06
  1.2550e+02  1.0977e-04  5.1283e-05  1.0014e-04  0.0000e+00 -6.3349e-06  8.2909e-05 -8.5374e-06  4.7996e-08  1.1108e-06 -2.1913e-06  1.9711e-06  1.6457e-06  8.2489e-06  7.1225e-06
  1.2650e+02  7.0730e-05  4.4319e-06  6.3491e-05  0.0000e+00 -5.7054e-06  4.5586e-05 -7.8536e-06  3.9648e-08  1.1265e-06 -2.2358e-06  1.9352e-06  1.6274e-06  8.0988e-06  6.8499e-06
  1.2750e+02  3.4774e-05 -3.9199e-05  2.9758e-05  0.0000e+00 -5.0860e-06  1.1528e-05 -7.1651e-06  3.2934e-08  1.1229e-06 -2.2402e-06  1.8821e-06  1.5842e-06  7.9389e-06  6.5975e-06
  1.2850e+02  1.8475e-06 -7.8158e-05 -1.1197e-06  0.0000e+00 -4.4838e-06 -1.9307e-05 -6.4837e-06  2.7656e-08  1.1034e-06 -2.2113e-06  1.8144e-06  1.5204e-06  7.7694e-06  6.3637e-06
  1.2950e+02 -2.8141e-05 -1.1100e-04 -2.9236e-05  0.0000e+00 -3.9047e-06 -4.7012e-05 -5.8204e-06  2.3619e-08  1.0715e-06 -2.1558e-06  1.7344e-06  1.4408e-06  7.5907e-06  6.1465e-06
  1.3050e+02 -5.5312e-05 -1.3644e-04 -5.4707e-05  0.0000e+00 -3.3530e-06 -7.1720e-05 -5.1850e-06  2.0638e-08  1.0301e-06 -2.0797e-06  1.6443e-06  1.3498e-06  7.4038e-06  5.9445e-06
  1.3150e+02 -7.9803e-05 -1.5334e-04 -7.7666e-05  0.0000e+00 -2.8322e-06 -9.3601e-05 -4.5854e-06  1.8539e-08  9.8174e-07 -1.9881e-06  1.5462e-06  1.2512e-06  7.2097e-06  5.7559e-06
  1.3250e+02 -1.0177e-04 -1.6098e-04 -9.8260e-05  0.0000e+00 -2.3448e-06 -1.1285e-04 -4.0278e-06  1.7164e-08  9.2875e-07 -1.8857e-06  1.4418e-06  1.1486e-06  7.0097e-06  5.5794e-06
  1.3350e+02 -1.2137e-04 -1.6121e-04 -1.1664e-04  0.0000e+00 -1.8925e-06 -1.2969e-04 -3.5161e-06  1.6373e-08  8.7301e-07 -1.7764e-06  1.3329e-06  1.0448e-06  6.8054e-06  5.4138e-06
  1.3450e+02 -1.3877e-04 -1.5718e-04 -1.3296e-04  0.0000e+00 -1.4763e-06 -1.4434e-04 -3.0525e-06  1.6041e-08  8.1603e-07 -1.6634e-06  1.2213e-06  9.4195e-07  6.5982e-06  5.2577e-06
  1.3550e+02 -1.5413e-04 -1.5187e-04 -1.4738e-04  0.0000e+00 -1.0968e-06 -1.5702e-04 -2.6369e-06  1.6062e-08  7.5903e-07 -1.5493e-06  1.1082e-06  8.4161e-07  6.3898e-06  5.1101e-06
  1.3650e+02 -1.6762e-04 -1.4811e-04 -1.6004e-04  0.0000e+00 -7.5368e-07 -1.6796e-04 -2.2675e-06  1.6344e-08  7.0296e-07 -1.4363e-06  9.9508e-07  7.4468e-07  6.1816e-06  4.9701e-06
  1.3750e+02 -1.7940e-04 -1.4854e-04 -1.7109e-04  0.0000e+00 -4.4625e-07 -1.7735e-04 -1.9414e-06  1.6810e-08  6.4859e-07 -1.3260e-06  8.8297e-07  6.5168e-07  5.9748e-06  4.8367e-06
  1.3850e+02 -1.8960e-04 -1.5566e-04 -1.8067e-04  0.0000e+00 -1.7327e-07 -1.8539e-04 -1.6546e-06  1.7396e-08  5.9640e-07 -1.2197e-06  7.7286e-07  5.6287e-07  5.7706e-06  4.7092e-06
  1.3950e+02 -1.9838e-04 -1.7030e-04 -1.8891e-04  0.0000e+00  6.6933e-08 -1.9222e-04 -1.4028e-06  1.8048e-08  5.4676e-07 -1.1181e-06  6.6552e-07  4.7838e-07  5.5700e-06  4.5871e-06
  1.4050e+02 -2.0586e-04 -1.8973e-04 -1.9593e-04  0.0000e+00  2.7641e-07 -1.9799e-04 -1.1819e-06  1.8726e-08  4.9989e-07 -1.0219e-06  5.6160e-07  3.9837e-07  5.3738e-06  4.4696e-06
  1.4150e+02 -2.1218e-04 -2.1064e-04 -2.0185e-04  0.0000e+00  4.5747e-07 -2.0284e-04 -9.8838e-07  1.9397e-08  4.5599e-07 -9.3143e-07  4.6159e-07  3.2312e-07  5.1825e-06  4.3565e-06
  1.4250e+02 -2.1743e-04 -2.2992e-04 -2.0678e-04  0.0000e+00  6.1255e-07 -2.0687e-04 -8.1920e-07  2.0037e-08  4.1504e-07 -8.4689e-07  3.6586e-07  2.5301e-07  4.9966e-06  4.2471e-06
  1.4350e+02 -2.2174e-04 -2.4469e-04 -2.1081e-04  0.0000e+00  7.4411e-07 -2.1019e-04 -6.7222e-07  2.0632e-08  3.7699e-07 -7.6827e-07  2.7469e-07  1.8852e-07  4.8164e-06  4.1413e-06
  1.4450e+02 -2.2520e-04 -2.5223e-04 -2.1404e-04  0.0000e+00  8.5455e-07 -2.1290e-04 -5.4596e-07  2.1175e-08  3.4180e-07 -6.9546e-07  1.8831e-07  1.3013e-07  4.6422e-06  4.0387e-06
  1.4550e+02 -2.2789e-04 -2.5026e-04 -2.1655e-04  0.0000e+00  9.4605e-07 -2.1510e-04 -4.3943e-07  2.1664e-08  3.0936e-07 -6.2827e-07  1.0689e-07  7.8180e-08  4.4743e-06  3.9390e-06
  1.4650e+02 -2.2991e-04 -2.3976e-04 -2.1841e-04  0.0000e+00  1.0206e-06 -2.1690e-04 -3.5180e-07  2.2104e-08  2.7954e-07 -5.6643e-07  3.0582e-08  3.2776e-08  4.3128e-06  3.8420e-06
  1.4750e+02 -2.3132e-04 -2.2411e-04 -2.1970e-04  0.0000e+00  1.0797e-06 -2.1838e-04 -2.8216e-07  2.2503e-08  2.5220e-07 -5.0965e-07 -4.0470e-08 -6.3418e-09  4.1578e-06  3.7474e-06
  1.4850e+02 -2.3219e-04 -2.0669e-04 -2.2047e-04  0.0000e+00  1.1249e-06 -2.1965e-04 -2.2920e-07  2.2871e-08  2.2718e-07 -4.5762e-07 -1.0615e-07 -3.9848e-08  4.0094e-06  3.6551e-06
  1.4950e+02 -2.3260e-04 -1.9067e-04 -2.2079e-04  0.0000e+00  1.1573e-06 -2.2079e-04 -1.9112e-07  2.3218e-08  2.0432e-07 -4.1000e-07 -1.6635e-07 -6.8830e-08  3.8675e-06  3.5648e-06
  1.5050e+02 -2.3259e-04 -1.7906e-04 -2.2071e-04  0.0000e+00  1.1779e-06 -2.2186e-04 -1.6550e-07  2.3556e-08  1.8347e-07 -3.6649e-07 -2.2102e-07 -9.4723e-08  3.7321e-06  3.4764e-06
  1.5150e+02 -2.3222e-04 -1.7473e-04 -2.2028e-04  0.0000e+00  1.1875e-06 -2.2292e-04 -1.4940e-07  2.3892e-08  1.6448e-07 -3.2677e-07 -2.7016e-07 -1.1918e-07  3.6030e-06  3.3898e-06
  1.5250e+02 -2.3153e-04 -1.7960e-04 -2.1953e-04  0.0000e+00  1.1871e-06 -2.2400e-04 -1.3953e-07  2.4228e-08  1.4719e-07 -2.9057e-07 -3.1384e-07 -1.4389e-07  3.4799e-06  3.3049e-06
  1.5350e+02 -2.3055e-04 -1.9138e-04 -2.1851e-04  0.0000e+00  1.1776e-06 -2.2511e-04 -1.3249e-07  2.4566e-08  1.3153e-07 -2.5762e-07 -3.5223e-07 -1.7045e-07  3.3625e-06  3.2217e-06
  1.5450e+02 -2.2934e-04 -2.0721e-04 -2.1725e-04  0.0000e+00  1.1602e-06 -2.2623e-04 -1.2503e-07  2.4900e-08  1.1733e-07 -2.2770e-07 -3.8559e-07 -2.0012e-07  3.2502e-06  3.1400e-06
  1.5550e+02 -2.2791e-04 -2.2435e-04 -2.1578e-04  0.0000e+00  1.1360e-06 -2.2732e-04 -1.1431e-07  2.5222e-08  1.0447e-07 -2.0060e-07 -4.1431e-07 -2.3378e-07  3.1425e-06  3.0600e-06
  1.5650e+02 -2.2629e-04 -2.4022e-04 -2.1413e-04  0.0000e+00  1.1066e-06 -2.2834e-04 -9.8101e-08  2.5522e-08  9.2837e-08 -1.7611e-07 -4.3883e-07 -2.7180e-07  3.0389e-06  2.9817e-06
  1.5750e+02 -2.2451e-04 -2.5233e-04 -2.1232e-04  0.0000e+00  1.0733e-06 -2.2922e-04 -7.4871e-08  2.5785e-08  8.2323e-08 -1.5406e-07 -4.5967e-07 -3.1409e-07  2.9389e-06  2.9051e-06
  1.5850e+02 -2.2258e-04 -2.5847e-04 -2.1038e-04  0.0000e+00  1.0378e-06 -2.2988e-04 -4.3853e-08  2.5998e-08  7.2842e-08 -1.3429e-07 -4.7741e-07 -3.6018e-07  2.8418e-06  2.8303e-06
  1.5950e+02 -2.2053e-04 -2.5830e-04 -2.0833e-04  0.0000e+00  1.0016e-06 -2.3025e-04 -4.9744e-09  2.6144e-08  6.4316e-08 -1.1663e-07 -4.9262e-07 -4.0928e-07  2.7473e-06  2.7574e-06
  1.6050e+02 -2.1837e-04 -2.5362e-04 -2.0618e-04  0.0000e+00  9.6596e-07 -2.3025e-04  4.1256e-08  2.6212e-08  5.6641e-08 -1.0092e-07 -5.0586e-07 -4.6051e-07  2.6548e-06  2.6864e-06
  1.6150e+02 -2.1610e-04 -2.4632e-04 -2.0395e-04  0.0000e+00  9.3222e-07 -2.2983e-04  9.3893e-08  2.6190e-08  4.9734e-08 -8.7015e-08 -5.1763e-07 -5.1297e-07  2.5642e-06  2.6173e-06
  1.6250e+02 -2.1375e-04 -2.3822e-04 -2.0166e-04  0.0000e+00  9.0136e-07 -2.2891e-04  1.5171e-07  2.6066e-08  4.3520e-08 -7.4745e-08 -5.2841e-07 -5.6592e-07  2.4752e-06  2.5504e-06
  1.6350e+02 -2.1132e-04 -2.3107e-04 -1.9931e-04  0.0000e+00  8.7413e-07 -2.2746e-04  2.1333e-07  2.5836e-08  3.7931e-08 -6.3952e-08 -5.3858e-07 -6.1881e-07  2.3876e-06  2.4855e-06
  1.6450e+02 -2.0883e-04 -2.2655e-04 -1.9693e-04  0.0000e+00  8.5104e-07 -2.2543e-04  2.7732e-07  2.5493e-08  3.2902e-08 -5.4473e-08 -5.4845e-07 -6.7129e-07  2.3013e-06  2.4227e-06
  1.6550e+02 -2.0628e-04 -2.2582e-04 -1.9451e-04  0.0000e+00  8.3238e-07 -2.2280e-04  3.4225e-07  2.5035e-08  2.8384e-08 -4.6151e-08 -5.5827e-07 -7.2317e-07  2.2162e-06  2.3620e-06
  1.6650e+02 -2.0368e-04 -2.2801e-04 -1.9207e-04  0.0000e+00  8.1820e-07 -2.1955e-04  4.0669e-07  2.4465e-08  2.4329e-08 -3.8831e-08 -5.6820e-07 -7.7434e-07  2.1323e-06  2.3035e-06
  1.6750e+02 -2.0103e-04 -2.3153e-04 -1.8962e-04  0.0000e+00  8.0839e-07 -2.1569e-04  4.6922e-07  2.3783e-08  2.0679e-08 -3.2366e-08 -5.7835e-07 -8.2463e-07  2.0495e-06  2.2470e-06
  1.6850e+02 -1.9835e-04 -2.3483e-04 -1.8716e-04  0.0000e+00  8.0262e-07 -2.1123e-04  5.2841e-07  2.2997e-08  1.7377e-08 -2.6624e-08 -5.8874e-07 -8.7370e-07  1.9678e-06  2.1925e-06
  1.6950e+02 -1.9564e-04 -2.3645e-04 -1.8469e-04  0.0000e+00  8.0040e-07 -2.0619e-04  5.8277e-07  2.2114e-08  1.4394e-08 -2.1488e-08 -5.9929e-07 -9.2092e-07  1.8872e-06  2.1400e-06
  1.7050e+02 -1.9291e-04 -2.3499e-04 -1.8223e-04  0.0000e+00  8.0103e-07 -2.0063e-04  6.3079e-07  2.1145e-08  1.1704e-08 -1.6859e-08 -6.0982e-07 -9.6534e-07  1.8078e-06  2.0893e-06
  1.7150e+02 -1.9017e-04 -2.2914e-04 -1.7978e-04  0.0000e+00  8.0361e-07 -1.9460e-04  6.7096e-07  2.0104e-08  9.2957e-09 -1.2658e-08 -6.2008e-07 -1.0057e-06  1.7296e-06  2.0405e-06
  1.7250e+02 -1.8742e-04 -2.1856e-04 -1.7735e-04  0.0000e+00  8.0706e-07 -1.8819e-04  7.0186e-07  1.9006e-08  7.1071e-09 -8.8283e-09 -6.2966e-07 -1.0403e-06  1.6526e-06  1.9933e-06
  1.7350e+02 -1.8467e-04 -2.0443e-04 -1.7493e-04  0.0000e+00  8.1015e-07 -1.8149e-04  7.2220e-07  1.7870e-08  5.1369e-09 -5.3327e-09 -6.3811e-07 -1.0675e-06  1.5771e-06  1.9477e-06
  1.7450e+02 -1.8193e-04 -1.8812e-04 -1.7253e-04  0.0000e+00  8.1153e-07 -1.7463e-04  7.3097e-07  1.6715e-08  3.3538e-09 -2.1537e-09 -6.4488e-07 -1.0856e-06  1.5032e-06  1.9035e-06
  1.7550e+02 -1.7920e-04 -1.7098e-04 -1.7015e-04  0.0000e+00  8.0987e-07 -1.6771e-04  7.2752e-07  1.5562e-08  1.7623e-09  7.1005e-10 -6.4944e-07 -1.0929e-06  1.4313e-06  1.8605e-06
  1.7650e+02 -1.7651e-04 -1.5426e-04 -1.6780e-04  0.0000e+00  8.0397e-07 -1.6088e-04  7.1164e-07  1.4432e-08  3.6071e-10  3.2474e-09 -6.5127e-07 -1.0883e-06  1.3617e-06  1.8187e-06
  1.7750e+02 -1.7384e-04 -1.3917e-04 -1.6548e-04  0.0000e+00  7.9290e-07 -1.5426e-04  6.8363e-07  1.3345e-08 -8.7557e-10  5.4388e-09 -6.5002e-07 -1.0709e-06  1.2948e-06  1.7777e-06
  1.7850e+02 -1.7122e-04 -1.2672e-04 -1.6319e-04  0.0000e+00  7.7616e-07 -1.4798e-04  6.4432e-07  1.2321e-08 -1.9317e-09  7.2610e-09 -6.4549e-07 -1.0409e-06  1.2308e-06  1.7375e-06
  1.7950e+02 -1.6865e-04 -1.1702e-04 -1.6093e-04  0.0000e+00  7.5377e-07 -1.4215e-04  5.9508e-07  1.1376e-08 -2.8137e-09  8.6920e-09 -6.3775e-07 -9.9866e-07  1.1702e-06  1.6979e-06
  1.8050e+02 -1.6613e-04 -1.0965e-04 -1.5871e-04  0.0000e+00  7.2635e-07 -1.3688e-04  5.3771e-07  1.0524e-08 -3.5279e-09  9.7149e-09 -6.2713e-07 -9.4571e-07  1.1134e-06  1.6589e-06
  1.8150e+02 -1.6368e-04 -1.0419e-04 -1.5652e-04  0.0000e+00  6.9507e-07 -1.3223e-04  4.7445e-07  9.7760e-09 -4.0797e-09  1.0322e-08 -6.1423e-07 -8.8403e-07  1.0604e-06  1.6202e-06
  1.8250e+02 -1.6129e-04 -1.0023e-04 -1.5436e-04  0.0000e+00  6.6163e-07 -1.2826e-04  4.0777e-07  9.1374e-09 -4.4489e-09  1.0519e-08 -5.9990e-07 -8.1625e-07  1.0116e-06  1.5818e-06
  1.8350e+02 -1.5896e-04 -9.7377e-05 -1.5223e-04  0.0000e+00  6.2803e-07 -1.2499e-04  3.4035e-07  8.6103e-09 -4.6530e-09  1.0323e-08 -5.8511e-07 -7.4542e-07  9.6691e-07  1.5437e-06
  1.8450e+02 -1.5671e-04 -9.5265e-05 -1.5014e-04  0.0000e+00  5.9636e-07 -1.2241e-04  2.7484e-07  8.1924e-09 -4.7216e-09  9.7691e-09 -5.7090e-07 -6.7481e-07  9.2632e-07  1.5059e-06
  1.8550e+02 -1.5453e-04 -9.3728e-05 -1.4808e-04  0.0000e+00  5.6856e-07 -1.2047e-04  2.1379e-07  7.8772e-09 -4.6705e-09  8.9038e-09 -5.5820e-07 -6.0770e-07  8.8962e-07  1.4684e-06
  1.8650e+02 -1.5241e-04 -9.3150e-05 -1.4605e-04  0.0000e+00  5.4613e-07 -1.1912e-04  1.5948e-07  7.6547e-09 -4.5193e-09  7.7877e-09 -5.4774e-07 -5.4719e-07  8.5655e-07  1.4312e-06
  1.8750e+02 -1.5035e-04 -9.3971e-05 -1.4405e-04  0.0000e+00  5.2994e-07 -1.1826e-04  1.1376e-07  7.5116e-09 -4.2826e-09  6.4908e-09 -5.3994e-07 -4.9590e-07  8.2670e-07  1.3944e-06
  1.8850e+02 -1.4835e-04 -9.6618e-05 -1.4209e-04  0.0000e+00  5.2001e-07 -1.1779e-04  7.7991e-08  7.4324e-09 -3.9890e-09  5.0896e-09 -5.3479e-07 -4.5588e-07  7.9962e-07  1.3581e-06
  1.8950e+02 -1.4640e-04 -1.0150e-04 -1.4015e-04  0.0000e+00  5.1557e-07 -1.1757e-04  5.2898e-08  7.4002e-09 -3.6805e-09  3.6632e-09 -5.3192e-07 -4.2834e-07  7.7480e-07  1.3225e-06
  1.9050e+02 -1.4448e-04 -1.0902e-04 -1.3825e-04  0.0000e+00  5.1502e-07 -1.1749e-04  3.8540e-08  7.3975e-09 -3.3788e-09  2.2884e-09 -5.3051e-07 -4.1364e-07  7.5172e-07  1.2875e-06
  1.9150e+02 -1.4260e-04 -1.1943e-04 -1.3637e-04  0.0000e+00  5.1615e-07 -1.1743e-04  3.4293e-08  7.4077e-09 -3.1067e-09  1.0360e-09 -5.2950e-07 -4.1120e-07  7.2986e-07  1.2534e-06
  1.9250e+02 -1.4074e-04 -1.3184e-04 -1.3452e-04  0.0000e+00  5.1639e-07 -1.1728e-04  3.8877e-08  7.4155e-09 -2.9010e-09 -3.3693e-11 -5.2761e-07 -4.1954e-07  7.0874e-07  1.2203e-06
  1.9350e+02 -1.3890e-04 -1.4431e-04 -1.3269e-04  0.0000e+00  5.1316e-07 -1.1697e-04  5.0452e-08  7.4086e-09 -2.7754e-09 -8.7341e-10 -5.2355e-07 -4.3640e-07  6.8798e-07  1.1881e-06
  1.9450e+02 -1.3707e-04 -1.5493e-04 -1.3089e-04  0.0000e+00  5.0414e-07 -1.1642e-04  6.6749e-08  7.3775e-09 -2.7056e-09 -1.4520e-09 -5.1621e-07 -4.5890e-07  6.6726e-07  1.1570e-06
  1.9550e+02 -1.3524e-04 -1.6185e-04 -1.2911e-04  0.0000e+00  4.8762e-07 -1.1563e-04  8.5258e-08  7.3169e-09 -2.7187e-09 -1.7558e-09 -5.0474e-07 -4.8381e-07  6.4636e-07  1.1270e-06
  1.9650e+02 -1.3343e-04 -1.6330e-04 -1.2736e-04  0.0000e+00  4.6274e-07 -1.1458e-04  1.0343e-07  7.2253e-09 -2.8170e-09 -1.7890e-09 -4.8875e-07 -5.0779e-07  6.2521e-07  1.0980e-06
  1.9750e+02 -1.3161e-04 -1.5746e-04 -1.2563e-04  0.0000e+00  4.2963e-07 -1.1332e-04  1.1891e-07  7.1052e-09 -2.9946e-09 -1.5725e-09 -4.6834e-07 -5.2766e-07  6.0382e-07  1.0701e-06
  1.9850e+02 -1.2981e-04 -1.4357e-04 -1.2392e-04  0.0000e+00  3.8939e-07 -1.1190e-04  1.2971e-07  6.9624e-09 -3.2212e-09 -1.1430e-09 -4.4410e-07 -5.4074e-07  5.8229e-07  1.0430e-06
  1.9950e+02 -1.2803e-04 -1.2404e-04 -1.2224e-04  0.0000e+00  3.4403e-07 -1.1042e-04  1.3444e-07  6.8053e-09 -3.4728e-09 -5.4975e-10 -4.1709e-07 -5.4502e-07  5.6083e-07  1.0168e-06
  2.0050e+02 -1.2626e-04 -1.0208e-04 -1.2058e-04  0.0000e+00  2.9621e-07 -1.0896e-04  1.3235e-07  6.6440e-09 -3.7301e-09  1.4858e-10 -3.8871e-07 -5.3936e-07  5.3967e-07  9.9138e-07
  2.0150e+02 -1.2453e-04 -8.0739e-05 -1.1895e-04  0.0000e+00  2.4894e-07 -1.0762e-04  1.2343e-07  6.4892e-09 -3.9650e-09  8.8747e-10 -3.6051e-07 -5.2355e-07  5.1911e-07  9.6654e-07
  2.0250e+02 -1.2283e-04 -6.2978e-05 -1.1734e-04  0.0000e+00  2.0525e-07 -1.0649e-04  1.0838e-07  6.3510e-09 -4.1516e-09  1.6008e-09 -3.3408e-07 -4.9834e-07  4.9940e-07  9.4221e-07
  2.0350e+02 -1.2118e-04 -5.1629e-05 -1.1576e-04  0.0000e+00  1.6780e-07 -1.0564e-04  8.8502e-08  6.2379e-09 -4.2712e-09  2.2247e-09 -3.1079e-07 -4.6532e-07  4.8079e-07  9.1831e-07
  2.0450e+02 -1.1957e-04 -4.9313e-05 -1.1420e-04  0.0000e+00  1.3860e-07 -1.0511e-04  6.5532e-08  6.1561e-09 -4.3082e-09  2.7012e-09 -2.9167e-07 -4.2677e-07  4.6347e-07  8.9476e-07
  2.0550e+02 -1.1801e-04 -5.6283e-05 -1.1266e-04  0.0000e+00  1.1875e-07 -1.0492e-04  4.1489e-08  6.1087e-09 -4.2377e-09  2.9817e-09 -2.7728e-07 -3.8539e-07  4.4756e-07  8.7152e-07
  2.0650e+02 -1.1649e-04 -6.9845e-05 -1.1115e-04  0.0000e+00  1.0837e-07 -1.0507e-04  1.8450e-08  6.0958e-09 -4.0302e-09  3.0292e-09 -2.6764e-07 -3.4412e-07  4.3310e-07  8.4859e-07
  2.0750e+02 -1.1502e-04 -8.7091e-05 -1.0966e-04  0.0000e+00  1.0657e-07 -1.0552e-04 -1.6369e-09  6.1144e-09 -3.7067e-09  2.8208e-09 -2.6225e-07 -3.0581e-07  4.2006e-07  8.2597e-07
  2.0850e+02 -1.1358e-04 -1.0520e-04 -1.0819e-04  0.0000e+00  1.1163e-07 -1.0619e-04 -1.7108e-08  6.1586e-09 -3.2806e-09  2.3482e-09 -2.6016e-07 -2.7304e-07  4.0830e-07  8.0370e-07
  2.0950e+02 -1.1218e-04 -1.2140e-04 -1.0674e-04  0.0000e+00  1.2123e-07 -1.0700e-04 -2.6699e-08  6.2206e-09 -2.7554e-09  1.6182e-09 -2.6009e-07 -2.4792e-07  3.9766e-07  7.8186e-07
  2.1050e+02 -1.1080e-04 -1.3311e-04 -1.0531e-04  0.0000e+00  1.3276e-07 -1.0784e-04 -2.9604e-08  6.2909e-09 -2.1386e-09  6.5239e-10 -2.6063e-07 -2.3196e-07  3.8790e-07  7.6051e-07
  2.1150e+02 -1.0944e-04 -1.3831e-04 -1.0390e-04  0.0000e+00  1.4370e-07 -1.0860e-04 -2.5484e-08  6.3595e-09 -1.4529e-09 -5.1412e-10 -2.6041e-07 -2.2602e-07  3.7876e-07  7.3974e-07
  2.1250e+02 -1.0808e-04 -1.3771e-04 -1.0250e-04  0.0000e+00  1.5195e-07 -1.0918e-04 -1.4431e-08  6.4164e-09 -7.2733e-10 -1.8344e-09 -2.5827e-07 -2.3032e-07  3.6997e-07  7.1963e-07
  2.1350e+02 -1.0671e-04 -1.3322e-04 -1.0112e-04  0.0000e+00  1.5604e-07 -1.0944e-04  3.0974e-09  6.4522e-09  1.1102e-11 -3.2521e-09 -2.5343e-07 -2.4447e-07  3.6126e-07  7.0027e-07
  2.1450e+02 -1.0534e-04 -1.2671e-04 -9.9752e-05  0.0000e+00  1.5536e-07 -1.0929e-04  2.6350e-08  6.4589e-09  7.3809e-10 -4.7037e-09 -2.4559e-07 -2.6756e-07  3.5239e-07  6.8173e-07
  2.1550e+02 -1.0395e-04 -1.1997e-04 -9.8396e-05  0.0000e+00  1.5018e-07 -1.0864e-04  5.4363e-08  6.4298e-09  1.4229e-09 -6.1218e-09 -2.3492e-07 -2.9825e-07  3.4316e-07  6.6407e-07
  2.1650e+02 -1.0254e-04 -1.1472e-04 -9.7049e-05  0.0000e+00  1.4152e-07 -1.0740e-04  8.6023e-08  6.3602e-09  2.0329e-09 -7.4377e-09 -2.2205e-07 -3.3489e-07  3.3339e-07  6.4733e-07
  2.1750e+02 -1.0111e-04 -1.1263e-04 -9.5710e-05  0.0000e+00  1.3100e-07 -1.0551e-04  1.2011e-07  6.2473e-09  2.5553e-09 -8.5848e-09 -2.0794e-07 -3.7558e-07  3.2296e-07  6.3154e-07
  2.1850e+02 -9.9643e-05 -1.1423e-04 -9.4378e-05  0.0000e+00  1.2050e-07 -1.0294e-04  1.5533e-07  6.0901e-09  2.9903e-09 -9.5011e-09 -1.9375e-07 -4.1828e-07  3.1181e-07  6.1670e-07
  2.1950e+02 -9.8153e-05 -1.1807e-04 -9.3052e-05  0.0000e+00  1.1187e-07 -9.9671e-05  1.9033e-07  5.8898e-09  3.2925e-09 -1.0132e-08 -1.8069e-07 -4.6086e-07  2.9993e-07  6.0282e-07
  2.2050e+02 -9.6635e-05 -1.2237e-04 -9.1732e-05  0.0000e+00  1.0662e-07 -9.5715e-05  2.2371e-07  5.6491e-09  3.4479e-09 -1.0434e-08 -1.6979e-07 -5.0119e-07  2.8734e-07  5.8985e-07
  2.2150e+02 -9.5092e-05 -1.2544e-04 -9.0415e-05  0.0000e+00  1.0559e-07 -9.1114e-05  2.5406e-07  5.3725e-09  3.4533e-09 -1.0374e-08 -1.6181e-07 -5.3717e-07  2.7414e-07  5.7775e-07
  2.2250e+02 -9.3527e-05 -1.2565e-04 -8.9104e-05  0.0000e+00  1.0889e-07 -8.5942e-05  2.7996e-07  5.0663e-09  3.3082e-09 -9.9326e-09 -1.5712e-07 -5.6683e-07  2.6044e-07  5.6645e-07
  2.2350e+02 -9.1945e-05 -1.2145e-04 -8.7797e-05  0.0000e+00  1.1575e-07 -8.0299e-05  3.0007e-07  4.7376e-09  3.0119e-09 -9.1064e-09 -1.5568e-07 -5.8839e-07  2.4640e-07  5.5586e-07
  2.2450e+02 -9.0351e-05 -1.1157e-04 -8.6495e-05  0.0000e+00  1.2468e-07 -7.4319e-05  3.1318e-07  4.3951e-09  2.5652e-09 -7.9060e-09 -1.5704e-07 -6.0038e-07  2.3223e-07  5.4587e-07
  2.2550e+02 -8.8753e-05 -9.6415e-05 -8.5199e-05  0.0000e+00  1.3364e-07 -6.8160e-05  3.1832e-07  4.0478e-09  1.9776e-09 -6.3574e-09 -1.6043e-07 -6.0171e-07  2.1812e-07  5.3637e-07
  2.2650e+02 -8.7159e-05 -7.7595e-05 -8.3911e-05  0.0000e+00  1.4032e-07 -6.1996e-05  3.1486e-07  3.7053e-09  1.2642e-09 -4.5003e-09 -1.6491e-07 -5.9179e-07  2.0431e-07  5.2721e-07
  2.2750e+02 -8.5579e-05 -5.6689e-05 -8.2631e-05  0.0000e+00  1.4251e-07 -5.6013e-05  3.0259e-07  3.3770e-09  4.4566e-10 -2.3874e-09 -1.6946e-07 -5.7061e-07  1.9102e-07  5.1827e-07
  2.2850e+02 -8.4022e-05 -3.5224e-05 -8.1362e-05  0.0000e+00  1.3840e-07 -5.0398e-05  2.8180e-07  3.0718e-09 -4.5677e-10 -8.1841e-11 -1.7316e-07 -5.3880e-07  1.7847e-07  5.0941e-07
  2.2950e+02 -8.2498e-05 -1.4678e-05 -8.0104e-05  0.0000e+00  1.2693e-07 -4.5321e-05  2.5332e-07  2.7974e-09 -1.4026e-09  2.3451e-09 -1.7532e-07 -4.9763e-07  1.6685e-07  5.0050e-07
