# Contributions to xi_real.
# Order is r [Mpc/h], xi_L, 1, b1, b2, b1^2, b1.b2, b2^2, Aeft, d2xiLin, bs, b1.bs, b2.bs, bs^2
  5.0000e-01 -1.0638e+00  7.2929e+00 -5.4707e-01  0.0000e+00  4.1469e+00  1.1935e+01  8.3121e+00  1.0878e+01 -1.8050e+00  1.2889e+00 -3.3616e+00 -2.9815e+00  2.2635e+01  4.0620e+01
  1.5000e+00  3.8477e-01  2.1147e+00  9.5092e-01  0.0000e+00  2.4211e+00  6.1846e+00  3.1475e+00  2.3243e+00 -3.8440e-01  7.1957e-01 -1.3798e+00 -1.3580e+00  1.2756e+01  2.2777e+01
  2.5000e+00  8.4397e-01  1.2657e+00  1.1967e+00  0.0000e+00  1.1750e+00  3.1740e+00  1.4687e+00  8.2102e-01 -9.0046e-02  3.6769e-01 -5.2941e-01 -5.2742e-01  6.6245e+00  1.1728e+01
  3.5000e+00  8.8436e-01  8.8955e-01  1.0213e+00  0.0000e+00  5.1112e-01  1.6859e+00  7.2821e-01  3.8840e-01 -1.6245e-02  1.7901e-01 -1.7716e-01 -1.6818e-01  3.3195e+00  5.7887e+00
  4.5000e+00  7.4668e-01  6.7261e-01  7.7933e-01  0.0000e+00  1.9517e-01  9.6180e-01  3.7948e-01  2.1538e-01  1.2613e-04  7.8731e-02 -4.4277e-02 -3.1289e-02  1.5510e+00  2.6226e+00
  5.5000e+00  5.9388e-01  5.2951e-01  5.8200e-01  0.0000e+00  5.6996e-02  6.0515e-01  2.0499e-01  1.3185e-01  2.5105e-03  2.4864e-02 -1.8116e-04  1.2298e-02  5.9110e-01  9.1382e-01
  6.5000e+00  4.6870e-01  4.2775e-01  4.4212e-01  0.0000e+00  3.5866e-03  4.2380e-01  1.1233e-01  8.6097e-02  2.1039e-03 -3.2426e-03  1.0017e-02  1.9504e-02  8.0729e-02  1.4441e-02
  7.5000e+00  3.7435e-01  3.5019e-01  3.4627e-01  0.0000e+00 -1.1636e-02  3.2655e-01  6.0695e-02  5.8740e-02  1.4593e-03 -1.6196e-02  8.4139e-03  1.4211e-02 -1.6471e-01 -4.0841e-01
  8.5000e+00  3.0419e-01  2.8987e-01  2.7973e-01  0.0000e+00 -1.1284e-02  2.6970e-01  3.1089e-02  4.1350e-02  9.9785e-04 -2.0109e-02  3.8029e-03  6.2906e-03 -2.5143e-01 -5.4646e-01
  9.5000e+00  2.5151e-01  2.4239e-01  2.3194e-01  0.0000e+00 -6.0879e-03  2.3204e-01  1.3992e-02  2.9804e-02  7.0474e-04 -1.8896e-02 -4.2005e-04 -3.7680e-04 -2.4720e-01 -5.2228e-01
  1.0500e+01  2.1131e-01  2.0491e-01  1.9620e-01  0.0000e+00 -8.5010e-04  2.0329e-01  4.2652e-03  2.1890e-02  5.1835e-04 -1.5174e-02 -3.1497e-03 -4.5964e-03 -1.9728e-01 -4.1775e-01
  1.1500e+01  1.8009e-01  1.7476e-01  1.6841e-01  0.0000e+00  2.6286e-03  1.7876e-01 -1.0553e-03  1.6332e-02  3.9540e-04 -1.0666e-02 -4.2925e-03 -6.4022e-03 -1.3152e-01 -2.8684e-01
  1.2500e+01  1.5542e-01  1.5041e-01  1.4608e-01  0.0000e+00  4.0530e-03  1.5657e-01 -3.7564e-03  1.2353e-02  3.1095e-04 -6.4267e-03 -4.1820e-03 -6.3478e-03 -6.8239e-02 -1.6260e-01
  1.3500e+01  1.3556e-01  1.3068e-01  1.2766e-01  0.0000e+00  3.8192e-03  1.3623e-01 -4.9379e-03  9.4586e-03  2.5083e-04 -3.0083e-03 -3.2819e-03 -5.1297e-03 -1.7189e-02 -6.2474e-02
  1.4500e+01  1.1927e-01  1.1451e-01  1.1216e-01  0.0000e+00  2.5566e-03  1.1782e-01 -5.2760e-03  7.3234e-03  2.0671e-04 -6.0398e-04 -2.0308e-03 -3.3871e-03  1.8045e-02  7.3018e-03
  1.5500e+01  1.0565e-01  1.0099e-01  9.8977e-02  0.0000e+00  8.7454e-04  1.0157e-01 -5.1783e-03  5.7284e-03  1.7348e-04  8.2998e-04 -7.6776e-04 -1.6080e-03  3.7936e-02  4.7883e-02
  1.6500e+01  9.4063e-02  8.9532e-02  8.7672e-02  0.0000e+00 -7.5906e-04  8.7609e-02 -4.8815e-03  4.5230e-03  1.4781e-04  1.4703e-03  2.9051e-04 -1.0273e-04  4.5250e-02  6.4572e-02
  1.7500e+01  8.4075e-02  7.9766e-02  7.7943e-02  0.0000e+00 -2.0558e-03  7.5932e-02 -4.5148e-03  3.6022e-03  1.2752e-04  1.5468e-03  1.0413e-03  9.8106e-04  4.3691e-02  6.4351e-02
  1.8500e+01  7.5375e-02  7.1360e-02  6.9554e-02  0.0000e+00 -2.8934e-03  6.6363e-02 -4.1429e-03  2.8914e-03  1.1113e-04  1.2854e-03  1.4711e-03  1.6215e-03  3.6935e-02  5.4106e-02
  1.9500e+01  6.7745e-02  6.4037e-02  6.2311e-02  0.0000e+00 -3.2759e-03  5.8617e-02 -3.7930e-03  2.3375e-03  9.7600e-05  8.7483e-04  1.6248e-03  1.8785e-03  2.8053e-02  3.9588e-02
  2.0500e+01  6.1030e-02  5.7627e-02  5.6043e-02  0.0000e+00 -3.2853e-03  5.2358e-02 -3.4727e-03  1.9020e-03  8.6241e-05  4.5101e-04  1.5762e-03  1.8529e-03  1.9257e-02  2.4940e-02
  2.1500e+01  5.5108e-02  5.2016e-02  5.0602e-02  0.0000e+00 -3.0382e-03  4.7249e-02 -3.1810e-03  1.5567e-03  7.6555e-05  9.6183e-05  1.4048e-03  1.6535e-03  1.1872e-02  1.2653e-02
  2.2500e+01  4.9880e-02  4.7076e-02  4.5856e-02  0.0000e+00 -2.6520e-03  4.2988e-02 -2.9138e-03  1.2809e-03  6.8196e-05 -1.5292e-04  1.1804e-03  1.3761e-03  6.4678e-03  3.8236e-03
  2.3500e+01  4.5263e-02  4.2704e-02  4.1694e-02  0.0000e+00 -2.2242e-03  3.9335e-02 -2.6670e-03  1.0591e-03  6.0916e-05 -2.9324e-04  9.5471e-04  1.0922e-03  3.0617e-03 -1.4859e-03
  2.4500e+01  4.1178e-02  3.8826e-02  3.8020e-02  0.0000e+00 -1.8227e-03  3.6112e-02 -2.4376e-03  8.7954e-04  5.4541e-05 -3.4221e-04  7.5961e-04  8.4602e-04  1.3322e-03 -3.8404e-03
  2.5500e+01  3.7557e-02  3.5397e-02  3.4756e-02  0.0000e+00 -1.4857e-03  3.3203e-02 -2.2239e-03  7.3344e-04  4.8941e-05 -3.2667e-04  6.0937e-04  6.5775e-04  8.0624e-04 -4.0902e-03
  2.6500e+01  3.4337e-02  3.2340e-02  3.1838e-02  0.0000e+00 -1.2261e-03  3.0536e-02 -2.0250e-03  6.1392e-04  4.4006e-05 -2.7427e-04  5.0499e-04  5.2947e-04  1.0011e-03 -3.1069e-03
  2.7500e+01  3.1463e-02  2.9602e-02  2.9217e-02  0.0000e+00 -1.0396e-03  2.8077e-02 -1.8407e-03  5.1571e-04  3.9651e-05 -2.0817e-04  4.3923e-04  4.5199e-04  1.5130e-03 -1.6202e-03
  2.8500e+01  2.8888e-02  2.7144e-02  2.6853e-02  0.0000e+00 -9.1162e-04  2.5810e-02 -1.6708e-03  4.3464e-04  3.5805e-05 -1.4484e-04  4.0121e-04  4.1096e-04  2.0526e-03 -1.5113e-04
  2.9500e+01  2.6570e-02  2.4940e-02  2.4714e-02  0.0000e+00 -8.2461e-04  2.3728e-02 -1.5151e-03  3.6747e-04  3.2407e-05 -9.3651e-05  3.7977e-04  3.9160e-04  2.4522e-03  1.0011e-03
  3.0500e+01  2.4476e-02  2.2950e-02  2.2775e-02  0.0000e+00 -7.6199e-04  2.1828e-02 -1.3731e-03  3.1159e-04  2.9393e-05 -5.8011e-05  3.6564e-04  3.8154e-04  2.6459e-03  1.7233e-03
  3.1500e+01  2.2579e-02  2.1146e-02  2.1015e-02  0.0000e+00 -7.1088e-04  2.0102e-02 -1.2443e-03  2.6495e-04  2.6714e-05 -3.7164e-05  3.5241e-04  3.7221e-04  2.6387e-03  2.0320e-03
  3.2500e+01  2.0855e-02  1.9511e-02  1.9414e-02  0.0000e+00 -6.6294e-04  1.8541e-02 -1.1278e-03  2.2589e-04  2.4331e-05 -2.7957e-05  3.3656e-04  3.5887e-04  2.4773e-03  2.0188e-03
  3.3500e+01  1.9285e-02  1.8030e-02  1.7958e-02  0.0000e+00 -6.1398e-04  1.7133e-02 -1.0226e-03  1.9307e-04  2.2198e-05 -2.6429e-05  3.1694e-04  3.3998e-04  2.2227e-03  1.8013e-03
  3.4500e+01  1.7853e-02  1.6680e-02  1.6632e-02  0.0000e+00 -5.6298e-04  1.5861e-02 -9.2777e-04  1.6541e-04  2.0284e-05 -2.8835e-05  2.9405e-04  3.1620e-04  1.9330e-03  1.4909e-03
  3.5500e+01  1.6544e-02  1.5447e-02  1.5421e-02  0.0000e+00 -5.1090e-04  1.4709e-02 -8.4232e-04  1.4203e-04  1.8565e-05 -3.2290e-05  2.6925e-04  2.8932e-04  1.6529e-03  1.1733e-03
  3.6500e+01  1.5348e-02  1.4322e-02  1.4315e-02  0.0000e+00 -4.5957e-04  1.3663e-02 -7.6528e-04  1.2221e-04  1.7013e-05 -3.4970e-05  2.4411e-04  2.6147e-04  1.4095e-03  9.0168e-04
  3.7500e+01  1.4253e-02  1.3294e-02  1.3303e-02  0.0000e+00 -4.1086e-04  1.2708e-02 -6.9578e-04  1.0537e-04  1.5611e-05 -3.6021e-05  2.2001e-04  2.3449e-04  1.2143e-03  6.9983e-04
  3.8500e+01  1.3248e-02  1.2352e-02  1.2374e-02  0.0000e+00 -3.6619e-04  1.1832e-02 -6.3303e-04  9.1030e-05  1.4342e-05 -3.5333e-05  1.9787e-04  2.0968e-04  1.0665e-03  5.6877e-04
  3.9500e+01  1.2327e-02  1.1487e-02  1.1521e-02  0.0000e+00 -3.2636e-04  1.1026e-02 -5.7633e-04  7.8782e-05  1.3190e-05 -3.3245e-05  1.7819e-04  1.8772e-04  9.5839e-04  4.9604e-04
  4.0500e+01  1.1479e-02  1.0692e-02  1.0737e-02  0.0000e+00 -2.9153e-04  1.0283e-02 -5.2505e-04  6.8300e-05  1.2147e-05 -3.0303e-05  1.6102e-04  1.6873e-04  8.7885e-04  4.6305e-04
  4.1500e+01  1.0700e-02  9.9620e-03  1.0013e-02  0.0000e+00 -2.6138e-04  9.5955e-03 -4.7864e-04  5.9309e-05  1.1196e-05 -2.7042e-05  1.4616e-04  1.5248e-04  8.1729e-04  4.5169e-04
  4.2500e+01  9.9806e-03  9.2885e-03  9.3455e-03  0.0000e+00 -2.3530e-04  8.9595e-03 -4.3661e-04  5.1583e-05  1.0331e-05 -2.3891e-05  1.3324e-04  1.3852e-04  7.6512e-04  4.4747e-04
  4.3500e+01  9.3169e-03  8.6666e-03  8.7284e-03  0.0000e+00 -2.1259e-04  8.3707e-03 -3.9853e-04  4.4930e-05  9.5423e-06 -2.1112e-05  1.2187e-04  1.2634e-04  7.1667e-04  4.4106e-04
  4.4500e+01  8.7035e-03  8.0933e-03  8.1575e-03  0.0000e+00 -1.9258e-04  7.8254e-03 -3.6401e-04  3.9191e-05  8.8210e-06 -1.8820e-05  1.1168e-04  1.1550e-04  6.6896e-04  4.2798e-04
  4.5500e+01  8.1358e-03  7.5632e-03  7.6288e-03  0.0000e+00 -1.7469e-04  7.3201e-03 -3.3270e-04  3.4230e-05  8.1629e-06 -1.7004e-05  1.0239e-04  1.0565e-04  6.2120e-04  4.0765e-04
  4.6500e+01  7.6098e-03  7.0719e-03  7.1387e-03  0.0000e+00 -1.5852e-04  6.8517e-03 -3.0429e-04  2.9936e-05  7.5589e-06 -1.5587e-05  9.3826e-05  9.6564e-05  5.7388e-04  3.8173e-04
  4.7500e+01  7.1220e-03  6.6160e-03  6.6839e-03  0.0000e+00 -1.4379e-04  6.4172e-03 -2.7850e-04  2.6213e-05  7.0066e-06 -1.4457e-05  8.5872e-05  8.8108e-05  5.2811e-04  3.5293e-04
  4.8500e+01  6.6691e-03  6.1941e-03  6.2615e-03  0.0000e+00 -1.3032e-04  6.0138e-03 -2.5507e-04  2.2979e-05  6.4985e-06 -1.3512e-05  7.8478e-05  8.0232e-05  4.8499e-04  3.2390e-04
  4.9500e+01  6.2483e-03  5.8020e-03  5.8689e-03  0.0000e+00 -1.1801e-04  5.6388e-03 -2.3377e-04  2.0166e-05  6.0318e-06 -1.2666e-05  7.1626e-05  7.2922e-05  4.4534e-04  2.9666e-04
  5.0500e+01  5.8570e-03  5.4371e-03  5.5035e-03  0.0000e+00 -1.0680e-04  5.2899e-03 -2.1440e-04  1.7715e-05  5.6022e-06 -1.1868e-05  6.5307e-05  6.6181e-05  4.0954e-04  2.7239e-04
  5.1500e+01  5.4927e-03  5.0974e-03  5.1632e-03  0.0000e+00 -9.6620e-05  4.9648e-03 -1.9676e-04  1.5578e-05  5.2058e-06 -1.1090e-05  5.9514e-05  6.0008e-05  3.7758e-04  2.5147e-04
  5.2500e+01  5.1533e-03  4.7817e-03  4.8461e-03  0.0000e+00 -8.7420e-05  4.6616e-03 -1.8070e-04  1.3711e-05  4.8403e-06 -1.0327e-05  5.4229e-05  5.4389e-05  3.4912e-04  2.3367e-04
  5.3500e+01  4.8369e-03  4.4872e-03  4.5501e-03  0.0000e+00 -7.9126e-05  4.3785e-03 -1.6606e-04  1.2078e-05  4.5008e-06 -9.5862e-06  4.9422e-05  4.9295e-05  3.2371e-04  2.1844e-04
  5.4500e+01  4.5415e-03  4.2123e-03  4.2738e-03  0.0000e+00 -7.1662e-05  4.1140e-03 -1.5272e-04  1.0648e-05  4.1869e-06 -8.8781e-06  4.5058e-05  4.4688e-05  3.0081e-04  2.0513e-04
  5.5500e+01  4.2656e-03  3.9557e-03  4.0155e-03  0.0000e+00 -6.4944e-05  3.8665e-03 -1.4054e-04  9.3940e-06  3.8942e-06 -8.2132e-06  4.1095e-05  4.0521e-05  2.7997e-04  1.9314e-04
  5.6500e+01  4.0077e-03  3.7164e-03  3.7739e-03  0.0000e+00 -5.8891e-05  3.6349e-03 -1.2943e-04  8.2936e-06  3.6233e-06 -7.5975e-06  3.7491e-05  3.6747e-05  2.6081e-04  1.8202e-04
  5.7500e+01  3.7663e-03  3.4924e-03  3.5478e-03  0.0000e+00 -5.3425e-05  3.4179e-03 -1.1928e-04  7.3267e-06  3.3708e-06 -7.0332e-06  3.4208e-05  3.3320e-05  2.4308e-04  1.7150e-04
  5.8500e+01  3.5403e-03  3.2827e-03  3.3359e-03  0.0000e+00 -4.8481e-05  3.2145e-03 -1.1001e-04  6.4761e-06  3.1363e-06 -6.5179e-06  3.1211e-05  3.0202e-05  2.2660e-04  1.6145e-04
  5.9500e+01  3.3285e-03  3.0863e-03  3.1371e-03  0.0000e+00 -4.3999e-05  3.0236e-03 -1.0154e-04  5.7272e-06  2.9176e-06 -6.0470e-06  2.8471e-05  2.7360e-05  2.1127e-04  1.5185e-04
  6.0500e+01  3.1297e-03  2.9025e-03  2.9506e-03  0.0000e+00 -3.9932e-05  2.8443e-03 -9.3793e-05  5.0669e-06  2.7137e-06 -5.6149e-06  2.5965e-05  2.4768e-05  1.9703e-04  1.4275e-04
  6.1500e+01  2.9431e-03  2.7299e-03  2.7754e-03  0.0000e+00 -3.6239e-05  2.6758e-03 -8.6709e-05  4.4844e-06  2.5228e-06 -5.2163e-06  2.3672e-05  2.2403e-05  1.8384e-04  1.3417e-04
  6.2500e+01  2.7677e-03  2.5677e-03  2.6107e-03  0.0000e+00 -3.2885e-05  2.5172e-03 -8.0227e-05  3.9700e-06  2.3458e-06 -4.8471e-06  2.1576e-05  2.0248e-05  1.7164e-04  1.2617e-04
  6.3500e+01  2.6027e-03  2.4154e-03  2.4557e-03  0.0000e+00 -2.9842e-05  2.3678e-03 -7.4294e-05  3.5152e-06  2.1817e-06 -4.5047e-06  1.9660e-05  1.8286e-05  1.6037e-04  1.1874e-04
  6.4500e+01  2.4474e-03  2.2722e-03  2.3097e-03  0.0000e+00 -2.7080e-05  2.2270e-03 -6.8859e-05  3.1128e-06  2.0307e-06 -4.1881e-06  1.7911e-05  1.6503e-05  1.4998e-04  1.1187e-04
  6.5500e+01  2.3010e-03  2.1371e-03  2.1720e-03  0.0000e+00 -2.4575e-05  2.0940e-03 -6.3877e-05  2.7565e-06  1.8930e-06 -3.8974e-06  1.6316e-05  1.4885e-05  1.4040e-04  1.0552e-04
  6.6500e+01  2.1629e-03  2.0097e-03  2.0421e-03  0.0000e+00 -2.2303e-05  1.9684e-03 -5.9306e-05  2.4407e-06  1.7680e-06 -3.6339e-06  1.4861e-05  1.3418e-05  1.3154e-04  9.9630e-05
  6.7500e+01  2.0325e-03  1.8895e-03  1.9195e-03  0.0000e+00 -2.0240e-05  1.8496e-03 -5.5106e-05  2.1607e-06  1.6566e-06 -3.3993e-06  1.3535e-05  1.2089e-05  1.2334e-04  9.4153e-05
  6.8500e+01  1.9094e-03  1.7759e-03  1.8035e-03  0.0000e+00 -1.8363e-05  1.7370e-03 -5.1241e-05  1.9122e-06  1.5599e-06 -3.1961e-06  1.2325e-05  1.0885e-05  1.1574e-04  8.9039e-05
  6.9500e+01  1.7929e-03  1.6683e-03  1.6940e-03  0.0000e+00 -1.6650e-05  1.6304e-03 -4.7676e-05  1.6915e-06  1.4797e-06 -3.0268e-06  1.1220e-05  9.7930e-06  1.0869e-04  8.4250e-05
  7.0500e+01  1.6829e-03  1.5662e-03  1.5903e-03  0.0000e+00 -1.5080e-05  1.5293e-03 -4.4378e-05  1.4955e-06  1.4168e-06 -2.8943e-06  1.0207e-05  8.8019e-06  1.0212e-04  7.9753e-05
  7.1500e+01  1.5788e-03  1.4696e-03  1.4923e-03  0.0000e+00 -1.3632e-05  1.4334e-03 -4.1315e-05  1.3213e-06  1.3737e-06 -2.8019e-06  9.2763e-06  7.8998e-06  9.6020e-05  7.5526e-05
  7.2500e+01  1.4803e-03  1.3778e-03  1.3996e-03  0.0000e+00 -1.2284e-05  1.3424e-03 -3.8458e-05  1.1666e-06  1.3507e-06 -2.7527e-06  8.4173e-06  7.0752e-06  9.0334e-05  7.1550e-05
  7.3500e+01  1.3873e-03  1.2903e-03  1.3120e-03  0.0000e+00 -1.1015e-05  1.2560e-03 -3.5776e-05  1.0291e-06  1.3507e-06 -2.7501e-06  7.6196e-06  6.3171e-06  8.5036e-05  6.7813e-05
  7.4500e+01  1.2996e-03  1.2071e-03  1.2294e-03  0.0000e+00 -9.8052e-06  1.1742e-03 -3.3241e-05  9.0696e-07  1.3753e-06 -2.7969e-06  6.8730e-06  5.6143e-06  8.0096e-05  6.4301e-05
  7.5500e+01  1.2169e-03  1.1279e-03  1.1517e-03  0.0000e+00 -8.6340e-06  1.0969e-03 -3.0824e-05  7.9867e-07  1.4267e-06 -2.8957e-06  6.1676e-06  4.9558e-06  7.5488e-05  6.1003e-05
  7.6500e+01  1.1394e-03  1.0524e-03  1.0788e-03  0.0000e+00 -7.4814e-06  1.0239e-03 -2.8500e-05  7.0277e-07  1.5046e-06 -3.0476e-06  5.4934e-06  4.3305e-06  7.1184e-05  5.7907e-05
  7.7500e+01  1.0670e-03  9.8038e-04  1.0108e-03  0.0000e+00 -6.3287e-06  9.5545e-04 -2.6243e-05  6.1806e-07  1.6096e-06 -3.2524e-06  4.8414e-06  3.7272e-06  6.7159e-05  5.5000e-05
  7.8500e+01  9.9980e-04  9.1171e-04  9.4773e-04  0.0000e+00 -5.1579e-06  8.9156e-04 -2.4027e-05  5.4351e-07  1.7402e-06 -3.5076e-06  4.2020e-06  3.1353e-06  6.3388e-05  5.2270e-05
  7.9500e+01  9.3788e-04  8.4628e-04  8.8972e-04  0.0000e+00 -3.9539e-06  8.3247e-04 -2.1833e-05  4.7821e-07  1.8947e-06 -3.8080e-06  3.5668e-06  2.5444e-06  5.9849e-05  4.9705e-05
  8.0500e+01  8.8147e-04  7.8396e-04  8.3696e-04  0.0000e+00 -2.7041e-06  7.7842e-04 -1.9640e-05  4.2142e-07  2.0685e-06 -4.1452e-06  2.9281e-06  1.9452e-06  5.6519e-05  4.7295e-05
  8.1500e+01  8.3078e-04  7.2501e-04  7.8968e-04  0.0000e+00 -1.4000e-06  7.2973e-04 -1.7436e-05  3.7249e-07  2.2564e-06 -4.5075e-06  2.2795e-06  1.3297e-06  5.3376e-05  4.5030e-05
  8.2500e+01  7.8606e-04  6.6974e-04  7.4807e-04  0.0000e+00 -3.7623e-08  6.8678e-04 -1.5210e-05  3.3089e-07  2.4494e-06 -4.8793e-06  1.6163e-06  6.9157e-07  5.0404e-05  4.2899e-05
  8.3500e+01  7.4756e-04  6.1837e-04  7.1240e-04  0.0000e+00  1.3812e-06  6.4993e-04 -1.2958e-05  2.9618e-07  2.6388e-06 -5.2419e-06  9.3580e-07  2.6705e-08  4.7582e-05  4.0896e-05
  8.4500e+01  7.1554e-04  5.7098e-04  6.8289e-04  0.0000e+00  2.8489e-06  6.1958e-04 -1.0683e-05  2.6797e-07  2.8132e-06 -5.5736e-06  2.3712e-07 -6.6642e-07  4.4897e-05  3.9012e-05
  8.5500e+01  6.9022e-04  5.2774e-04  6.5973e-04  0.0000e+00  4.3510e-06  5.9607e-04 -8.3962e-06  2.4595e-07  2.9606e-06 -5.8507e-06 -4.7771e-07 -1.3865e-06  4.2333e-05  3.7241e-05
  8.6500e+01  6.7175e-04  4.8967e-04  6.4304e-04  0.0000e+00  5.8668e-06  5.7970e-04 -6.1131e-06  2.2983e-07  3.0675e-06 -6.0485e-06 -1.2041e-06 -2.1291e-06  3.9880e-05  3.5575e-05
  8.7500e+01  6.6019e-04  4.5878e-04  6.3287e-04  0.0000e+00  7.3691e-06  5.7067e-04 -3.8580e-06  2.1935e-07  3.1214e-06 -6.1429e-06 -1.9346e-06 -2.8869e-06  3.7527e-05  3.4008e-05
  8.8500e+01  6.5550e-04  4.3695e-04  6.2915e-04  0.0000e+00  8.8256e-06  5.6905e-04 -1.6612e-06  2.1424e-07  3.1102e-06 -6.1120e-06 -2.6597e-06 -3.6498e-06  3.5265e-05  3.2534e-05
  8.9500e+01  6.5753e-04  4.2594e-04  6.3171e-04  0.0000e+00  1.0199e-05  5.7475e-04  4.4218e-07  2.1420e-07  3.0248e-06 -5.9373e-06 -3.3672e-06 -4.4049e-06  3.3090e-05  3.1146e-05
  9.0500e+01  6.6596e-04  4.2799e-04  6.4023e-04  0.0000e+00  1.1451e-05  5.8751e-04  2.4132e-06  2.1891e-07  2.8577e-06 -5.6060e-06 -4.0438e-06 -5.1378e-06  3.0996e-05  2.9837e-05
  9.1500e+01  6.8030e-04  4.4415e-04  6.5422e-04  0.0000e+00  1.2540e-05  6.0687e-04  4.2114e-06  2.2797e-07  2.6057e-06 -5.1118e-06 -4.6744e-06 -5.8325e-06  2.8983e-05  2.8601e-05
  9.2500e+01  6.9991e-04  4.7455e-04  6.7305e-04  0.0000e+00  1.3427e-05  6.3215e-04  5.7967e-06  2.4091e-07  2.2690e-06 -4.4563e-06 -5.2441e-06 -6.4727e-06  2.7050e-05  2.7431e-05
  9.3500e+01  7.2400e-04  5.1717e-04  6.9596e-04  0.0000e+00  1.4077e-05  6.6250e-04  7.1321e-06  2.5720e-07  1.8533e-06 -3.6493e-06 -5.7385e-06 -7.0424e-06  2.5197e-05  2.6320e-05
  9.4500e+01  7.5161e-04  5.7015e-04  7.2203e-04  0.0000e+00  1.4460e-05  6.9684e-04  8.1853e-06  2.7619e-07  1.3681e-06 -2.7094e-06 -6.1448e-06 -7.5270e-06  2.3429e-05  2.5262e-05
  9.5500e+01  7.8167e-04  6.3079e-04  7.5024e-04  0.0000e+00  1.4555e-05  7.3398e-04  8.9307e-06  2.9716e-07  8.2762e-07 -1.6625e-06 -6.4518e-06 -7.9135e-06  2.1746e-05  2.4251e-05
  9.6500e+01  8.1300e-04  6.9717e-04  7.7947e-04  0.0000e+00  1.4348e-05  7.7257e-04  9.3518e-06  3.1931e-07  2.4869e-07 -5.4175e-07 -6.6518e-06 -8.1919e-06  2.0155e-05  2.3280e-05
  9.7500e+01  8.4435e-04  7.6755e-04  8.0856e-04  0.0000e+00  1.3837e-05  8.1120e-04  9.4413e-06  3.4180e-07 -3.4820e-07  6.1497e-07 -6.7402e-06 -8.3551e-06  1.8658e-05  2.2345e-05
  9.8500e+01  8.7450e-04  8.3971e-04  8.3635e-04  0.0000e+00  1.3033e-05  8.4842e-04  9.2026e-06  3.6374e-07 -9.4138e-07  1.7664e-06 -6.7163e-06 -8.3994e-06  1.7258e-05  2.1440e-05
  9.9500e+01  9.0221e-04  9.1014e-04  8.6169e-04  0.0000e+00  1.1953e-05  8.8283e-04  8.6495e-06  3.8426e-07 -1.5084e-06  2.8710e-06 -6.5832e-06 -8.3250e-06  1.5960e-05  2.0561e-05
  1.0050e+02  9.2631e-04  9.7553e-04  8.8350e-04  0.0000e+00  1.0630e-05  9.1310e-04  7.8058e-06  4.0250e-07 -2.0287e-06  3.8884e-06 -6.3475e-06 -8.1352e-06  1.4765e-05  1.9705e-05
  1.0150e+02  9.4575e-04  1.0326e-03  9.0083e-04  0.0000e+00  9.1009e-06  9.3801e-04  6.7043e-06  4.1770e-07 -2.4833e-06  4.7826e-06 -6.0190e-06 -7.8369e-06  1.3674e-05  1.8869e-05
  1.0250e+02  9.5966e-04  1.0782e-03  9.1285e-04  0.0000e+00  7.4128e-06  9.5656e-04  5.3854e-06  4.2917e-07 -2.8567e-06  5.5234e-06 -5.6104e-06 -7.4399e-06  1.2689e-05  1.8051e-05
  1.0350e+02  9.6730e-04  1.1101e-03  9.1894e-04  0.0000e+00  5.6163e-06  9.6793e-04  3.8953e-06  4.3640e-07 -3.1370e-06  6.0883e-06 -5.1363e-06 -6.9564e-06  1.1806e-05  1.7250e-05
  1.0450e+02  9.6818e-04  1.1266e-03  9.1863e-04  0.0000e+00  3.7645e-06  9.7154e-04  2.2841e-06  4.3899e-07 -3.3177e-06  6.4634e-06 -4.6124e-06 -6.4007e-06  1.1025e-05  1.6464e-05
  1.0550e+02  9.6198e-04  1.1279e-03  9.1165e-04  0.0000e+00  1.9103e-06  9.6708e-04  6.0376e-07  4.3677e-07 -3.3969e-06  6.6436e-06 -4.0547e-06 -5.7883e-06  1.0342e-05  1.5696e-05
  1.0650e+02  9.4862e-04  1.1155e-03  8.9798e-04  0.0000e+00  1.0406e-07  9.5446e-04 -1.0941e-06  4.2972e-07 -3.3775e-06  6.6331e-06 -3.4791e-06 -5.1356e-06  9.7526e-06  1.4945e-05
  1.0750e+02  9.2824e-04  1.0910e-03  8.7775e-04  0.0000e+00 -1.6083e-06  9.3387e-04 -2.7598e-06  4.1801e-07 -3.2661e-06  6.4439e-06 -2.9003e-06 -4.4593e-06  9.2507e-06  1.4213e-05
  1.0850e+02  9.0117e-04  1.0553e-03  8.5130e-04  0.0000e+00 -3.1872e-06  9.0569e-04 -4.3477e-06  4.0198e-07 -3.0735e-06  6.0951e-06 -2.3318e-06 -3.7755e-06  8.8300e-06  1.3502e-05
  1.0950e+02  8.6789e-04  1.0093e-03  8.1910e-04  0.0000e+00 -4.6007e-06  8.7054e-04 -5.8175e-06  3.8212e-07 -2.8131e-06  5.6107e-06 -1.7847e-06 -3.0996e-06  8.4835e-06  1.2814e-05
  1.1050e+02  8.2903e-04  9.5425e-04  7.8175e-04  0.0000e+00 -5.8249e-06  8.2916e-04 -7.1352e-06  3.5904e-07 -2.4999e-06  5.0189e-06 -1.2683e-06 -2.4457e-06  8.2031e-06  1.2150e-05
  1.1150e+02  7.8536e-04  8.9160e-04  7.3997e-04  0.0000e+00 -6.8447e-06  7.8247e-04 -8.2744e-06  3.3342e-07 -2.1492e-06  4.3491e-06 -7.8974e-07 -1.8259e-06  7.9807e-06  1.1512e-05
  1.1250e+02  7.3768e-04  8.2269e-04  6.9454e-04  0.0000e+00 -7.6529e-06  7.3143e-04 -9.2164e-06  3.0599e-07 -1.7769e-06  3.6311e-06 -3.5407e-07 -1.2505e-06  7.8077e-06  1.0903e-05
  1.1350e+02  6.8685e-04  7.4856e-04  6.4625e-04  0.0000e+00 -8.2505e-06  6.7707e-04 -9.9507e-06  2.7752e-07 -1.3973e-06  2.8932e-06  3.5770e-08 -7.2742e-07  7.6753e-06  1.0324e-05
  1.1450e+02  6.3375e-04  6.7065e-04  5.9591e-04  0.0000e+00 -8.6449e-06  6.2045e-04 -1.0475e-05  2.4871e-07 -1.0238e-06  2.1610e-06  3.7855e-07 -2.6218e-07  7.5752e-06  9.7752e-06
  1.1550e+02  5.7921e-04  5.9004e-04  5.4432e-04  0.0000e+00 -8.8491e-06  5.6256e-04 -1.0793e-05  2.2025e-07 -6.6713e-07  1.4564e-06  6.7436e-07  1.4226e-07  7.4990e-06  9.2588e-06
  1.1650e+02  5.2405e-04  5.0796e-04  4.9222e-04  0.0000e+00 -8.8807e-06  5.0436e-04 -1.0918e-05  1.9272e-07 -3.3605e-07  7.9727e-07  9.2455e-07  4.8533e-07  7.4393e-06  8.7745e-06
  1.1750e+02  4.6900e-04  4.2688e-04  4.4028e-04  0.0000e+00 -8.7600e-06  4.4670e-04 -1.0867e-05  1.6664e-07 -3.6979e-08  1.9722e-07  1.1313e-06  7.6866e-07  7.3890e-06  8.3224e-06
  1.1850e+02  4.1471e-04  3.4944e-04  3.8911e-04  0.0000e+00 -8.5094e-06  3.9034e-04 -1.0661e-05  1.4240e-07  2.2567e-07 -3.3454e-07  1.2976e-06  9.9578e-07  7.3422e-06  7.9020e-06
  1.1950e+02  3.6176e-04  2.7803e-04  3.3924e-04  0.0000e+00 -8.1517e-06  3.3590e-04 -1.0325e-05  1.2027e-07  4.4994e-07 -7.9279e-07  1.4264e-06  1.1717e-06  7.2937e-06  7.5124e-06
  1.2050e+02  3.1061e-04  2.1507e-04  2.9110e-04  0.0000e+00 -7.7095e-06  2.8386e-04 -9.8866e-06  1.0046e-07  6.3544e-07 -1.1759e-06  1.5213e-06  1.3024e-06  7.2397e-06  7.1524e-06
  1.2150e+02  2.6167e-04  1.6302e-04  2.4504e-04  0.0000e+00 -7.2042e-06  2.3460e-04 -9.3711e-06  8.3038e-08  7.8340e-07 -1.4851e-06  1.5857e-06  1.3944e-06  7.1772e-06  6.8206e-06
  1.2250e+02  2.1521e-04  1.2293e-04  2.0133e-04  0.0000e+00 -6.6556e-06  1.8836e-04 -8.8039e-06  6.8001e-08  8.9595e-07 -1.7241e-06  1.6230e-06  1.4541e-06  7.1043e-06  6.5151e-06
  1.2350e+02  1.7144e-04  9.2918e-05  1.6016e-04  0.0000e+00 -6.0812e-06  1.4525e-04 -8.2072e-06  5.5272e-08  9.7625e-07 -1.8983e-06  1.6365e-06  1.4875e-06  7.0203e-06  6.2342e-06
  1.2450e+02  1.3050e-04  6.9862e-05  1.2166e-04  0.0000e+00 -5.4963e-06  1.0532e-04 -7.6000e-06  4.4717e-08  1.0279e-06 -2.0143e-06  1.6292e-06  1.4995e-06  6.9250e-06  5.9758e-06
  1.2550e+02  9.2453e-05  5.0541e-05  8.5893e-05  0.0000e+00 -4.9137e-06  6.8515e-05 -6.9973e-06  3.6157e-08  1.0548e-06 -2.0795e-06  1.6040e-06  1.4943e-06  6.8188e-06  5.7380e-06
  1.2650e+02  5.7311e-05  3.1922e-05  5.2855e-05  0.0000e+00 -4.3439e-06  3.4757e-05 -6.4098e-06  2.9387e-08  1.0608e-06 -2.1012e-06  1.5635e-06  1.4747e-06  6.7026e-06  5.5188e-06
  1.2750e+02  2.5032e-05  1.1330e-05  2.2513e-05  0.0000e+00 -3.7952e-06  3.9159e-06 -5.8446e-06  2.4187e-08  1.0496e-06 -2.0869e-06  1.5101e-06  1.4425e-06  6.5777e-06  5.3163e-06
  1.2850e+02 -4.4523e-06 -1.3619e-05 -5.1968e-06  0.0000e+00 -3.2736e-06 -2.4148e-05 -5.3054e-06  2.0333e-08  1.0247e-06 -2.0435e-06  1.4461e-06  1.3985e-06  6.4452e-06  5.1287e-06
  1.2950e+02 -3.1243e-05 -4.2341e-05 -3.0369e-05  0.0000e+00 -2.7836e-06 -4.9577e-05 -4.7934e-06  1.7607e-08  9.8920e-07 -1.9775e-06  1.3735e-06  1.3429e-06  6.3062e-06  4.9544e-06
  1.3050e+02 -5.5468e-05 -7.2853e-05 -5.3125e-05  0.0000e+00 -2.3279e-06 -7.2507e-05 -4.3080e-06  1.5801e-08  9.4600e-07 -1.8944e-06  1.2941e-06  1.2760e-06  6.1617e-06  4.7921e-06
  1.3150e+02 -7.7265e-05 -1.0336e-04 -7.3599e-05  0.0000e+00 -1.9081e-06 -9.3063e-05 -3.8478e-06  1.4727e-08  8.9736e-07 -1.7994e-06  1.2095e-06  1.1976e-06  6.0125e-06  4.6403e-06
  1.3250e+02 -9.6777e-05 -1.3204e-04 -9.1926e-05  0.0000e+00 -1.5247e-06 -1.1136e-04 -3.4115e-06  1.4215e-08  8.4533e-07 -1.6966e-06  1.1211e-06  1.1084e-06  5.8592e-06  4.4980e-06
  1.3350e+02 -1.1415e-04 -1.5728e-04 -1.0825e-04  0.0000e+00 -1.1773e-06 -1.2750e-04 -2.9983e-06  1.4117e-08  7.9154e-07 -1.5895e-06  1.0304e-06  1.0094e-06  5.7022e-06  4.3641e-06
  1.3450e+02 -1.2954e-04 -1.7771e-04 -1.2271e-04  0.0000e+00 -8.6490e-07 -1.4159e-04 -2.6080e-06  1.4310e-08  7.3734e-07 -1.4810e-06  9.3850e-07  9.0234e-07  5.5418e-06  4.2379e-06
  1.3550e+02 -1.4310e-04 -1.9305e-04 -1.3546e-04  0.0000e+00 -5.8610e-07 -1.5374e-04 -2.2418e-06  1.4690e-08  6.8369e-07 -1.3732e-06  8.4641e-07  7.8970e-07  5.3785e-06  4.1186e-06
  1.3650e+02 -1.5497e-04 -2.0349e-04 -1.4664e-04  0.0000e+00 -3.3908e-07 -1.6407e-04 -1.9015e-06  1.5177e-08  6.3142e-07 -1.2679e-06  7.5506e-07  6.7442e-07  5.2127e-06  4.0054e-06
  1.3750e+02 -1.6529e-04 -2.0968e-04 -1.5637e-04  0.0000e+00 -1.2184e-07 -1.7272e-04 -1.5895e-06  1.5708e-08  5.8110e-07 -1.1663e-06  6.6520e-07  5.5981e-07  5.0449e-06  3.8979e-06
  1.3850e+02 -1.7420e-04 -2.1203e-04 -1.6479e-04  0.0000e+00  6.7747e-08 -1.7985e-04 -1.3084e-06  1.6243e-08  5.3315e-07 -1.0694e-06  5.7749e-07  4.4921e-07  4.8758e-06  3.7954e-06
  1.3950e+02 -1.8183e-04 -2.1088e-04 -1.7202e-04  0.0000e+00  2.3186e-07 -1.8562e-04 -1.0604e-06  1.6753e-08  4.8775e-07 -9.7757e-07  4.9250e-07  3.4571e-07  4.7062e-06  3.6974e-06
  1.4050e+02 -1.8830e-04 -2.0654e-04 -1.7816e-04  0.0000e+00  3.7269e-07 -1.9023e-04 -8.4710e-07  1.7225e-08  4.4512e-07 -8.9129e-07  4.1064e-07  2.5190e-07  4.5373e-06  3.6034e-06
  1.4150e+02 -1.9373e-04 -2.0003e-04 -1.8332e-04  0.0000e+00  4.9243e-07 -1.9387e-04 -6.6901e-07  1.7655e-08  4.0529e-07 -8.1065e-07  3.3224e-07  1.6963e-07  4.3700e-06  3.5130e-06
  1.4250e+02 -1.9822e-04 -1.9251e-04 -1.8760e-04  0.0000e+00  5.9317e-07 -1.9673e-04 -5.2534e-07  1.8048e-08  3.6831e-07 -7.3565e-07  2.5754e-07  9.9845e-08  4.2055e-06  3.4256e-06
  1.4350e+02 -2.0188e-04 -1.8513e-04 -1.9109e-04  0.0000e+00  6.7696e-07 -1.9901e-04 -4.1395e-07  1.8414e-08  3.3404e-07 -6.6617e-07  1.8674e-07  4.2532e-08  4.0449e-06  3.3411e-06
  1.4450e+02 -2.0479e-04 -1.7905e-04 -1.9387e-04  0.0000e+00  7.4580e-07 -2.0087e-04 -3.3143e-07  1.8763e-08  3.0243e-07 -6.0203e-07  1.1991e-07 -3.2321e-09  3.8892e-06  3.2589e-06
  1.4550e+02 -2.0705e-04 -1.7525e-04 -1.9601e-04  0.0000e+00  8.0162e-07 -2.0246e-04 -2.7333e-07  1.9107e-08  2.7336e-07 -5.4296e-07  5.7106e-08 -3.9178e-08  3.7392e-06  3.1789e-06
  1.4650e+02 -2.0871e-04 -1.7464e-04 -1.9757e-04  0.0000e+00  8.4632e-07 -2.0390e-04 -2.3440e-07  1.9453e-08  2.4674e-07 -4.8871e-07 -1.6744e-09 -6.7653e-08  3.5954e-06  3.1007e-06
  1.4750e+02 -2.0987e-04 -1.7735e-04 -1.9864e-04  0.0000e+00  8.8177e-07 -2.0526e-04 -2.0902e-07  1.9807e-08  2.2234e-07 -4.3896e-07 -5.6452e-08 -9.1381e-08  3.4582e-06  3.0242e-06
  1.4850e+02 -2.1056e-04 -1.8260e-04 -1.9925e-04  0.0000e+00  9.0982e-07 -2.0658e-04 -1.9157e-07  2.0168e-08  2.0006e-07 -3.9342e-07 -1.0729e-07 -1.1320e-07  3.3276e-06  2.9494e-06
  1.4950e+02 -2.1085e-04 -1.8954e-04 -1.9946e-04  0.0000e+00  9.3234e-07 -2.0786e-04 -1.7680e-07  2.0531e-08  1.7974e-07 -3.5179e-07 -1.5429e-07 -1.3580e-07  3.2036e-06  2.8760e-06
  1.5050e+02 -2.1078e-04 -1.9748e-04 -1.9931e-04  0.0000e+00  9.5115e-07 -2.0909e-04 -1.6015e-07  2.0886e-08  1.6128e-07 -3.1379e-07 -1.9757e-07 -1.6150e-07  3.0856e-06  2.8041e-06
  1.5150e+02 -2.1039e-04 -2.0573e-04 -1.9885e-04  0.0000e+00  9.6799e-07 -2.1019e-04 -1.3800e-07  2.1219e-08  1.4447e-07 -2.7914e-07 -2.3724e-07 -1.9204e-07  2.9731e-06  2.7338e-06
  1.5250e+02 -2.0971e-04 -2.1361e-04 -1.9812e-04  0.0000e+00  9.8447e-07 -2.1109e-04 -1.0781e-07  2.1513e-08  1.2920e-07 -2.4760e-07 -2.7345e-07 -2.2843e-07  2.8656e-06  2.6651e-06
  1.5350e+02 -2.0878e-04 -2.2066e-04 -1.9714e-04  0.0000e+00  1.0020e-06 -2.1171e-04 -6.8207e-08  2.1749e-08  1.1535e-07 -2.1894e-07 -3.0637e-07 -2.7096e-07  2.7622e-06  2.5979e-06
  1.5450e+02 -2.0762e-04 -2.2660e-04 -1.9595e-04  0.0000e+00  1.0214e-06 -2.1194e-04 -1.8930e-08  2.1909e-08  1.0283e-07 -1.9294e-07 -3.3617e-07 -3.1913e-07  2.6622e-06  2.5325e-06
  1.5550e+02 -2.0625e-04 -2.3110e-04 -1.9458e-04  0.0000e+00  1.0434e-06 -2.1171e-04  3.9258e-08  2.1976e-08  9.1478e-08 -1.6944e-07 -3.6299e-07 -3.7175e-07  2.5651e-06  2.4690e-06
  1.5650e+02 -2.0470e-04 -2.3396e-04 -1.9306e-04  0.0000e+00  1.0677e-06 -2.1093e-04  1.0474e-07  2.1934e-08  8.1213e-08 -1.4825e-07 -3.8701e-07 -4.2708e-07  2.4704e-06  2.4072e-06
  1.5750e+02 -2.0298e-04 -2.3496e-04 -1.9139e-04  0.0000e+00  1.0935e-06 -2.0954e-04  1.7526e-07  2.1775e-08  7.1940e-08 -1.2921e-07 -4.0837e-07 -4.8298e-07  2.3775e-06  2.3474e-06
  1.5850e+02 -2.0111e-04 -2.3388e-04 -1.8961e-04  0.0000e+00  1.1191e-06 -2.0752e-04  2.4810e-07  2.1491e-08  6.3605e-08 -1.1219e-07 -4.2722e-07 -5.3716e-07  2.2863e-06  2.2896e-06
  1.5950e+02 -1.9910e-04 -2.3064e-04 -1.8773e-04  0.0000e+00  1.1423e-06 -2.0485e-04  3.2036e-07  2.1082e-08  5.6081e-08 -9.7042e-08 -4.4366e-07 -5.8734e-07  2.1966e-06  2.2336e-06
  1.6050e+02 -1.9698e-04 -2.2563e-04 -1.8576e-04  0.0000e+00  1.1601e-06 -2.0156e-04  3.8913e-07  2.0553e-08  4.9316e-08 -8.3620e-08 -4.5778e-07 -6.3150e-07  2.1086e-06  2.1796e-06
  1.6150e+02 -1.9476e-04 -2.1918e-04 -1.8373e-04  0.0000e+00  1.1694e-06 -1.9767e-04  4.5169e-07  1.9912e-08  4.3229e-08 -7.1783e-08 -4.6967e-07 -6.6803e-07  2.0224e-06  2.1274e-06
  1.6250e+02 -1.9244e-04 -2.1155e-04 -1.8164e-04  0.0000e+00  1.1669e-06 -1.9327e-04  5.0563e-07  1.9174e-08  3.7773e-08 -6.1389e-08 -4.7939e-07 -6.9590e-07  1.9383e-06  2.0770e-06
  1.6350e+02 -1.9005e-04 -2.0302e-04 -1.7951e-04  0.0000e+00  1.1499e-06 -1.8844e-04  5.4903e-07  1.8356e-08  3.2875e-08 -5.2292e-08 -4.8702e-07 -7.1473e-07  1.8565e-06  2.0282e-06
  1.6450e+02 -1.8760e-04 -1.9390e-04 -1.7735e-04  0.0000e+00  1.1160e-06 -1.8328e-04  5.8049e-07  1.7478e-08  2.8469e-08 -4.4344e-08 -4.9262e-07 -7.2478e-07  1.7774e-06  1.9809e-06
  1.6550e+02 -1.8510e-04 -1.8441e-04 -1.7516e-04  0.0000e+00  1.0644e-06 -1.7791e-04  5.9919e-07  1.6561e-08  2.4519e-08 -3.7401e-08 -4.9631e-07 -7.2695e-07  1.7012e-06  1.9350e-06
  1.6650e+02 -1.8257e-04 -1.7471e-04 -1.7294e-04  0.0000e+00  9.9531e-07 -1.7245e-04  6.0496e-07  1.5629e-08  2.0965e-08 -3.1321e-08 -4.9824e-07 -7.2262e-07  1.6283e-06  1.8904e-06
  1.6750e+02 -1.8003e-04 -1.6494e-04 -1.7072e-04  0.0000e+00  9.1055e-07 -1.6702e-04  5.9822e-07  1.4702e-08  1.7773e-08 -2.5970e-08 -4.9856e-07 -7.1351e-07  1.5587e-06  1.8469e-06
  1.6850e+02 -1.7748e-04 -1.5525e-04 -1.6850e-04  0.0000e+00  8.1334e-07 -1.6172e-04  5.7996e-07  1.3801e-08  1.4877e-08 -2.1226e-08 -4.9748e-07 -7.0149e-07  1.4925e-06  1.8043e-06
  1.6950e+02 -1.7493e-04 -1.4577e-04 -1.6627e-04  0.0000e+00  7.0817e-07 -1.5665e-04  5.5166e-07  1.2942e-08  1.2281e-08 -1.6979e-08 -4.9526e-07 -6.8833e-07  1.4298e-06  1.7626e-06
  1.7050e+02 -1.7241e-04 -1.3662e-04 -1.6405e-04  0.0000e+00  6.0037e-07 -1.5189e-04  5.1525e-07  1.2141e-08  9.9186e-09 -1.3135e-08 -4.9216e-07 -6.7555e-07  1.3703e-06  1.7215e-06
  1.7150e+02 -1.6991e-04 -1.2809e-04 -1.6184e-04  0.0000e+00  4.9571e-07 -1.4750e-04  4.7294e-07  1.1408e-08  7.7897e-09 -9.6176e-09 -4.8845e-07 -6.6427e-07  1.3138e-06  1.6811e-06
  1.7250e+02 -1.6746e-04 -1.2068e-04 -1.5964e-04  0.0000e+00  3.9978e-07 -1.4352e-04  4.2710e-07  1.0750e-08  5.8361e-09 -6.3693e-09 -4.8438e-07 -6.5507e-07  1.2602e-06  1.6413e-06
  1.7350e+02 -1.6505e-04 -1.1490e-04 -1.5746e-04  0.0000e+00  3.1750e-07 -1.3996e-04  3.8013e-07  1.0169e-08  4.0990e-09 -3.3487e-09 -4.8019e-07 -6.4804e-07  1.2092e-06  1.6020e-06
  1.7450e+02 -1.6268e-04 -1.1135e-04 -1.5530e-04  0.0000e+00  2.5262e-07 -1.3681e-04  3.3427e-07  9.6646e-09  2.5177e-09 -5.3068e-10 -4.7607e-07 -6.4282e-07  1.1605e-06  1.5632e-06
  1.7550e+02 -1.6037e-04 -1.1049e-04 -1.5315e-04  0.0000e+00  2.0736e-07 -1.3404e-04  2.9150e-07  9.2318e-09  1.1120e-09  2.0958e-09 -4.7211e-07 -6.3868e-07  1.1140e-06  1.5249e-06
  1.7650e+02 -1.5811e-04 -1.1272e-04 -1.5104e-04  0.0000e+00  1.8227e-07 -1.3162e-04  2.5338e-07  8.8637e-09 -1.6319e-10  4.5304e-09 -4.6835e-07 -6.3474e-07  1.0693e-06  1.4872e-06
  1.7750e+02 -1.5590e-04 -1.1800e-04 -1.4895e-04  0.0000e+00  1.7621e-07 -1.2949e-04  2.2100e-07  8.5512e-09 -1.2424e-09  6.7642e-09 -4.6477e-07 -6.3010e-07  1.0264e-06  1.4501e-06
  1.7850e+02 -1.5373e-04 -1.2506e-04 -1.4688e-04  0.0000e+00  1.8660e-07 -1.2759e-04  1.9489e-07  8.2840e-09 -2.1785e-09  8.7833e-09 -4.6129e-07 -6.2405e-07  9.8529e-07  1.4136e-06
  1.7950e+02 -1.5161e-04 -1.3230e-04 -1.4484e-04  0.0000e+00  2.0974e-07 -1.2586e-04  1.7505e-07  8.0519e-09 -2.9499e-09  1.0572e-08 -4.5777e-07 -6.1611e-07  9.4579e-07  1.3778e-06
  1.8050e+02 -1.4953e-04 -1.3832e-04 -1.4283e-04  0.0000e+00  2.4132e-07 -1.2424e-04  1.6103e-07  7.8451e-09 -3.5946e-09  1.2114e-08 -4.5405e-07 -6.0615e-07  9.0793e-07  1.3428e-06
  1.8150e+02 -1.4749e-04 -1.4174e-04 -1.4086e-04  0.0000e+00  2.7689e-07 -1.2270e-04  1.5195e-07  7.6549e-09 -4.0432e-09  1.3399e-08 -4.5000e-07 -5.9434e-07  8.7169e-07  1.3086e-06
  1.8250e+02 -1.4547e-04 -1.4107e-04 -1.3891e-04  0.0000e+00  3.1236e-07 -1.2118e-04  1.4670e-07  7.4746e-09 -4.3504e-09  1.4421e-08 -4.4550e-07 -5.8105e-07  8.3706e-07  1.2752e-06
  1.8350e+02 -1.4349e-04 -1.3590e-04 -1.3699e-04  0.0000e+00  3.4435e-07 -1.1967e-04  1.4404e-07  7.2992e-09 -4.5042e-09  1.5183e-08 -4.4049e-07 -5.6677e-07  8.0404e-07  1.2426e-06
  1.8450e+02 -1.4154e-04 -1.2758e-04 -1.3511e-04  0.0000e+00  3.7044e-07 -1.1816e-04  1.4270e-07  7.1259e-09 -4.5519e-09  1.5697e-08 -4.3492e-07 -5.5189e-07  7.7258e-07  1.2109e-06
  1.8550e+02 -1.3961e-04 -1.1784e-04 -1.3325e-04  0.0000e+00  3.8918e-07 -1.1666e-04  1.4154e-07  6.9540e-09 -4.4544e-09  1.5981e-08 -4.2883e-07 -5.3665e-07  7.4264e-07  1.1800e-06
  1.8650e+02 -1.3771e-04 -1.0845e-04 -1.3142e-04  0.0000e+00  4.0005e-07 -1.1516e-04  1.3962e-07  6.7842e-09 -4.2561e-09  1.6068e-08 -4.2224e-07 -5.2102e-07  7.1417e-07  1.1500e-06
  1.8750e+02 -1.3584e-04 -1.0103e-04 -1.2963e-04  0.0000e+00  4.0317e-07 -1.1370e-04  1.3620e-07  6.6188e-09 -3.9795e-09  1.5993e-08 -4.1516e-07 -5.0465e-07  6.8711e-07  1.1207e-06
  1.8850e+02 -1.3399e-04 -9.7100e-05 -1.2786e-04  0.0000e+00  3.9900e-07 -1.1231e-04  1.3080e-07  6.4610e-09 -3.6751e-09  1.5801e-08 -4.0755e-07 -4.8697e-07  6.6144e-07  1.0921e-06
  1.8950e+02 -1.3218e-04 -9.7689e-05 -1.2612e-04  0.0000e+00  3.8803e-07 -1.1100e-04  1.2314e-07  6.3147e-09 -3.3426e-09  1.5539e-08 -3.9930e-07 -4.6727e-07  6.3713e-07  1.0643e-06
  1.9050e+02 -1.3039e-04 -1.0156e-04 -1.2440e-04  0.0000e+00  3.7046e-07 -1.0983e-04  1.1315e-07  6.1839e-09 -3.0077e-09  1.5254e-08 -3.9023e-07 -4.4487e-07  6.1418e-07  1.0371e-06
  1.9150e+02 -1.2864e-04 -1.0686e-04 -1.2271e-04  0.0000e+00  3.4610e-07 -1.0883e-04  1.0091e-07  6.0730e-09 -2.7104e-09  1.4991e-08 -3.8003e-07 -4.1931e-07  5.9264e-07  1.0104e-06
  1.9250e+02 -1.2691e-04 -1.1194e-04 -1.2105e-04  0.0000e+00  3.1431e-07 -1.0802e-04  8.6616e-08  5.9857e-09 -2.4881e-09  1.4788e-08 -3.6838e-07 -3.9051e-07  5.7254e-07  9.8440e-07
  1.9350e+02 -1.2522e-04 -1.1511e-04 -1.1941e-04  0.0000e+00  2.7419e-07 -1.0744e-04  7.0626e-08  5.9255e-09 -2.3496e-09  1.4675e-08 -3.5493e-07 -3.5890e-07  5.5392e-07  9.5887e-07
  1.9450e+02 -1.2356e-04 -1.1477e-04 -1.1779e-04  0.0000e+00  2.2478e-07 -1.0713e-04  5.3405e-08  5.8952e-09 -2.2799e-09  1.4670e-08 -3.3938e-07 -3.2545e-07  5.3681e-07  9.3383e-07
  1.9550e+02 -1.2193e-04 -1.1006e-04 -1.1619e-04  0.0000e+00  1.6545e-07 -1.0708e-04  3.5571e-08  5.8963e-09 -2.3098e-09  1.4779e-08 -3.2155e-07 -2.9167e-07  5.2121e-07  9.0926e-07
  1.9650e+02 -1.2033e-04 -1.0227e-04 -1.1461e-04  0.0000e+00  9.6254e-08 -1.0732e-04  1.7896e-08  5.9291e-09 -2.4345e-09  1.4993e-08 -3.0143e-07 -2.5946e-07  5.0708e-07  8.8512e-07
  1.9750e+02 -1.1877e-04 -9.3478e-05 -1.1306e-04  0.0000e+00  1.8194e-08 -1.0782e-04  1.2995e-09  5.9922e-09 -2.6457e-09  1.5292e-08 -2.7926e-07 -2.3096e-07  4.9429e-07  8.6142e-07
  1.9850e+02 -1.1723e-04 -8.5810e-05 -1.1152e-04  0.0000e+00 -6.6608e-08 -1.0855e-04 -1.3175e-08  6.0823e-09 -2.8887e-09  1.5642e-08 -2.5552e-07 -2.0831e-07  4.8268e-07  8.3816e-07
  1.9950e+02 -1.1572e-04 -8.1161e-05 -1.1001e-04  0.0000e+00 -1.5490e-07 -1.0946e-04 -2.4420e-08  6.1940e-09 -3.1719e-09  1.6003e-08 -2.3090e-07 -1.9339e-07  4.7202e-07  8.1535e-07
  2.0050e+02 -1.1425e-04 -8.1351e-05 -1.0852e-04  0.0000e+00 -2.4249e-07 -1.1049e-04 -3.1354e-08  6.3198e-09 -3.4583e-09  1.6328e-08 -2.0631e-07 -1.8761e-07  4.6204e-07  7.9304e-07
  2.0150e+02 -1.1280e-04 -8.8065e-05 -1.0705e-04  0.0000e+00 -3.2454e-07 -1.1153e-04 -3.3030e-08  6.4502e-09 -3.7333e-09  1.6568e-08 -1.8279e-07 -1.9172e-07  4.5242e-07  7.7126e-07
  2.0250e+02 -1.1137e-04 -9.9682e-05 -1.0560e-04  0.0000e+00 -3.9606e-07 -1.1248e-04 -2.8750e-08  6.5744e-09 -3.9341e-09  1.6676e-08 -1.6143e-07 -2.0570e-07  4.4285e-07  7.5007e-07
  2.0350e+02 -1.0996e-04 -1.1394e-04 -1.0417e-04  0.0000e+00 -4.5230e-07 -1.1323e-04 -1.8175e-08  6.6804e-09 -4.0719e-09  1.6611e-08 -1.4324e-07 -2.2870e-07  4.3303e-07  7.2954e-07
  2.0450e+02 -1.0856e-04 -1.2865e-04 -1.0277e-04  0.0000e+00 -4.8931e-07 -1.1366e-04 -1.4046e-09  6.7563e-09 -4.1081e-09  1.6339e-08 -1.2912e-07 -2.5911e-07  4.2269e-07  7.0972e-07
  2.0550e+02 -1.0717e-04 -1.4156e-04 -1.0139e-04  0.0000e+00 -5.0423e-07 -1.1365e-04  2.0985e-08  6.7911e-09 -4.0453e-09  1.5839e-08 -1.1976e-07 -2.9473e-07  4.1163e-07  6.9068e-07
  2.0650e+02 -1.0579e-04 -1.5064e-04 -1.0003e-04  0.0000e+00 -4.9556e-07 -1.1313e-04  4.7954e-08  6.7752e-09 -3.8516e-09  1.5100e-08 -1.1556e-07 -3.3290e-07  3.9974e-07  6.7247e-07
  2.0750e+02 -1.0441e-04 -1.5422e-04 -9.8685e-05  0.0000e+00 -4.6332e-07 -1.1202e-04  7.8067e-08  6.7021e-09 -3.5556e-09  1.4125e-08 -1.1666e-07 -3.7079e-07  3.8697e-07  6.5512e-07
  2.0850e+02 -1.0303e-04 -1.5232e-04 -9.7366e-05  0.0000e+00 -4.0895e-07 -1.1028e-04  1.0961e-07  6.5679e-09 -3.1410e-09  1.2931e-08 -1.2287e-07 -4.0563e-07  3.7335e-07  6.3866e-07
  2.0950e+02 -1.0164e-04 -1.4595e-04 -9.6064e-05  0.0000e+00 -3.3522e-07 -1.0792e-04  1.4074e-07  6.3725e-09 -2.6330e-09  1.1545e-08 -1.3374e-07 -4.3500e-07  3.5903e-07  6.2306e-07
  2.1050e+02 -1.0024e-04 -1.3627e-04 -9.4778e-05  0.0000e+00 -2.4603e-07 -1.0496e-04  1.6963e-07  6.1195e-09 -2.0323e-09  1.0006e-08 -1.4852e-07 -4.5697e-07  3.4418e-07  6.0832e-07
  2.1150e+02 -9.8831e-05 -1.2425e-04 -9.3509e-05  0.0000e+00 -1.4608e-07 -1.0149e-04  1.9468e-07  5.8153e-09 -1.3836e-09  8.3599e-09 -1.6625e-07 -4.7034e-07  3.2903e-07  5.9436e-07
  2.1250e+02 -9.7420e-05 -1.1080e-04 -9.2255e-05  0.0000e+00 -4.0686e-08 -9.7577e-05  2.1458e-07  5.4695e-09 -6.8325e-10  6.6589e-09 -1.8577e-07 -4.7465e-07  3.1385e-07  5.8112e-07
  2.1350e+02 -9.6003e-05 -9.6870e-05 -9.1014e-05  0.0000e+00  6.4578e-08 -9.3350e-05  2.2849e-07  5.0933e-09  2.5787e-11  4.9590e-09 -2.0579e-07 -4.7022e-07  2.9889e-07  5.6852e-07
  2.1450e+02 -9.4583e-05 -8.3291e-05 -8.9782e-05  0.0000e+00  1.6410e-07 -8.8928e-05  2.3600e-07  4.6990e-09  7.3288e-10  3.3173e-09 -2.2492e-07 -4.5806e-07  2.8437e-07  5.5646e-07
  2.1550e+02 -9.3165e-05 -7.0803e-05 -8.8561e-05  0.0000e+00  2.5255e-07 -8.4439e-05  2.3719e-07  4.2991e-09  1.3948e-09  1.7898e-09 -2.4178e-07 -4.3973e-07  2.7051e-07  5.4484e-07
  2.1650e+02 -9.1751e-05 -6.0205e-05 -8.7350e-05  0.0000e+00  3.2510e-07 -8.0004e-05  2.3254e-07  3.9053e-09  1.9992e-09  4.2916e-10 -2.5507e-07 -4.1713e-07  2.5745e-07  5.3357e-07
  2.1750e+02 -9.0343e-05 -5.2186e-05 -8.6145e-05  0.0000e+00  3.7780e-07 -7.5731e-05  2.2282e-07  3.5279e-09  2.5244e-09 -7.1680e-10 -2.6363e-07 -3.9230e-07  2.4528e-07  5.2257e-07
  2.1850e+02 -8.8942e-05 -4.7376e-05 -8.4944e-05  0.0000e+00  4.0782e-07 -7.1711e-05  2.0900e-07  3.1756e-09  2.9480e-09 -1.6067e-09 -2.6661e-07 -3.6712e-07  2.3402e-07  5.1177e-07
  2.1950e+02 -8.7553e-05 -4.6324e-05 -8.3751e-05  0.0000e+00  4.1369e-07 -6.8014e-05  1.9208e-07  2.8548e-09  3.2472e-09 -2.2068e-09 -2.6351e-07 -3.4318e-07  2.2366e-07  5.0111e-07
  2.2050e+02 -8.6179e-05 -4.8596e-05 -8.2562e-05  0.0000e+00  3.9559e-07 -6.4694e-05  1.7302e-07  2.5703e-09  3.4026e-09 -2.4924e-09 -2.5425e-07 -3.2154e-07  2.1414e-07  4.9054e-07
  2.2150e+02 -8.4820e-05 -5.2662e-05 -8.1377e-05  0.0000e+00  3.5534e-07 -6.1785e-05  1.5259e-07  2.3250e-09  3.4276e-09 -2.4482e-09 -2.3926e-07 -3.0266e-07  2.0538e-07  4.8003e-07
  2.2250e+02 -8.3478e-05 -5.7176e-05 -8.0195e-05  0.0000e+00  2.9644e-07 -5.9310e-05  1.3135e-07  2.1206e-09  3.2991e-09 -2.0692e-09 -2.1944e-07 -2.8638e-07  1.9729e-07  4.6957e-07
  2.2350e+02 -8.2160e-05 -6.0851e-05 -7.9018e-05  0.0000e+00  2.2383e-07 -5.7282e-05  1.0963e-07  1.9580e-09  3.0222e-09 -1.3609e-09 -1.9609e-07 -2.7196e-07  1.8977e-07  4.5912e-07
  2.2450e+02 -8.0868e-05 -6.2294e-05 -7.7847e-05  0.0000e+00  1.4352e-07 -5.5712e-05  8.7563e-08  1.8375e-09  2.5827e-09 -3.3945e-10 -1.7088e-07 -2.5822e-07  1.8278e-07  4.4870e-07
  2.2550e+02 -7.9604e-05 -6.0465e-05 -7.6681e-05  0.0000e+00  6.2090e-08 -5.4612e-05  6.5112e-08  1.7595e-09  2.0281e-09  9.6870e-10 -1.4561e-07 -2.4373e-07  1.7628e-07  4.3827e-07
  2.2650e+02 -7.8374e-05 -5.5509e-05 -7.5520e-05  0.0000e+00 -1.3920e-08 -5.3996e-05  4.2194e-08  1.7244e-09  1.3452e-09  2.5271e-09 -1.2211e-07 -2.2705e-07  1.7027e-07  4.2783e-07
  2.2750e+02 -7.7184e-05 -4.8618e-05 -7.4368e-05  0.0000e+00 -7.8662e-08 -5.3880e-05  1.8759e-08  1.7329e-09  5.6814e-10  4.2910e-09 -1.0200e-07 -2.0693e-07  1.6480e-07  4.1737e-07
  2.2850e+02 -7.6039e-05 -4.1061e-05 -7.3225e-05  0.0000e+00 -1.2755e-07 -5.4280e-05 -5.1200e-09  1.7857e-09 -3.0010e-10  6.2076e-09 -8.6542e-08 -1.8255e-07  1.5992e-07  4.0687e-07
  2.2950e+02 -7.4939e-05 -3.4082e-05 -7.2092e-05  0.0000e+00 -1.5770e-07 -5.5213e-05 -2.9179e-08  1.8831e-09 -1.1990e-09  8.2187e-09 -7.6506e-08 -1.5369e-07  1.5574e-07  3.9633e-07
