# Contributions to xi_real.
# Order is r [Mpc/h], xi_L, 1, b1, b2, b1^2, b1.b2, b2^2, Aeft, d2xiLin, bs, b1.bs, b2.bs, bs^2
  5.0000e-01  4.9639e-01  6.5053e+00  2.3269e-01  0.0000e+00  3.3644e+00  1.0710e+01  7.6864e+00  9.6388e+00 -2.0401e+00  1.3329e+00 -2.7149e+00 -1.9803e+00  1.0545e+01  3.0065e+01
  1.5000e+00  8.6149e-01  2.1023e+00  1.3288e+00  0.0000e+00  2.0825e+00  5.6202e+00  3.0277e+00  2.1945e+00 -3.9604e-01  7.4217e-01 -1.1505e+00 -9.4188e-01  5.9592e+00  1.6807e+01
  2.5000e+00  1.0172e+00  1.2533e+00  1.3509e+00  0.0000e+00  1.1031e+00  3.0278e+00  1.4397e+00  8.0046e-01 -8.5378e-02  3.8951e-01 -4.7186e-01 -4.1240e-01  3.2028e+00  8.8789e+00
  3.5000e+00  9.2593e-01  8.8271e-01  1.0772e+00  0.0000e+00  5.4195e-01  1.7114e+00  7.3237e-01  3.8337e-01 -1.3647e-02  2.0010e-01 -1.8256e-01 -1.7091e-01  1.7112e+00  4.6122e+00
  4.5000e+00  7.5140e-01  6.7103e-01  8.0112e-01  0.0000e+00  2.4877e-01  1.0336e+00  3.9396e-01  2.1481e-01  7.5059e-04  9.6773e-02 -6.5613e-02 -6.6919e-02  8.9024e-01  2.2794e+00
  5.5000e+00  5.9464e-01  5.3248e-01  5.9416e-01  0.0000e+00  1.0288e-01  6.7280e-01  2.2037e-01  1.3273e-01  2.4146e-03  3.8515e-02 -2.0156e-02 -2.3626e-02  4.2134e-01  9.5970e-01
  6.5000e+00  4.7380e-01  4.3279e-01  4.5160e-01  0.0000e+00  3.3679e-02  4.7204e-01  1.2520e-01  8.7372e-02  1.8731e-03  5.7473e-03 -3.7955e-03 -6.7075e-03  1.5173e-01  2.1312e-01
  7.5000e+00  3.8371e-01  3.5665e-01  3.5429e-01  0.0000e+00  3.5099e-03  3.5466e-01  7.0289e-02  6.0024e-02  1.2697e-03 -1.1435e-02  8.1796e-04 -1.1743e-03  4.0519e-03 -1.8301e-01
  8.5000e+00  3.1589e-01  2.9689e-01  2.8630e-01  0.0000e+00 -7.2516e-03  2.8215e-01  3.7647e-02  4.2507e-02  8.7634e-04 -1.8763e-02  9.4006e-04 -3.1002e-04 -6.6248e-02 -3.5738e-01
  9.5000e+00  2.6376e-01  2.4938e-01  2.3710e-01  0.0000e+00 -8.9119e-03  2.3437e-01  1.8106e-02  3.0793e-02  6.3931e-04 -1.9987e-02 -2.9010e-04 -1.0242e-03 -8.8156e-02 -3.9408e-01
  1.0500e+01  2.2290e-01  2.1121e-01  2.0016e-01  0.0000e+00 -6.9142e-03  2.0041e-01  6.5728e-03  2.2712e-02  4.9178e-04 -1.7728e-02 -1.5229e-03 -1.9202e-03 -8.1818e-02 -3.5177e-01
  1.1500e+01  1.9036e-01  1.8031e-01  1.7149e-01  0.0000e+00 -4.0625e-03  1.7431e-01  1.0720e-05  1.7003e-02  3.9325e-04 -1.3827e-02 -2.2548e-03 -2.4440e-03 -6.1381e-02 -2.7167e-01
  1.2500e+01  1.6412e-01  1.5513e-01  1.4858e-01  0.0000e+00 -1.6710e-03  1.5281e-01 -3.4779e-03  1.2894e-02  3.2231e-04 -9.5288e-03 -2.3985e-03 -2.4697e-03 -3.6437e-02 -1.8167e-01
  1.3500e+01  1.4275e-01  1.3457e-01  1.2981e-01  0.0000e+00 -2.0314e-04  1.3427e-01 -5.1076e-03  9.8911e-03  2.6792e-04 -5.6084e-03 -2.0626e-03 -2.0767e-03 -1.3006e-02 -9.9141e-02
  1.4500e+01  1.2514e-01  1.1768e-01  1.1414e-01  0.0000e+00  3.4146e-04  1.1788e-01 -5.6576e-03  7.6681e-03  2.2438e-04 -2.4729e-03 -1.4274e-03 -1.4227e-03  5.6637e-03 -3.3273e-02
  1.5500e+01  1.1047e-01  1.0364e-01  1.0086e-01  0.0000e+00  1.8359e-04  1.0334e-01 -5.6204e-03  6.0029e-03  1.8862e-04 -2.6012e-04 -6.7510e-04 -6.7248e-04  1.8358e-02  1.2746e-02
  1.6500e+01  9.8103e-02  9.1843e-02  8.9492e-02  0.0000e+00 -3.8917e-04  9.0520e-02 -5.2976e-03  4.7420e-03  1.5900e-04  1.0740e-03  4.7615e-05  4.0020e-05  2.5239e-02  3.9786e-02
  1.7500e+01  8.7566e-02  8.1814e-02  7.9696e-02  0.0000e+00 -1.1117e-03  7.9360e-02 -4.8649e-03  3.7775e-03  1.3455e-04  1.6805e-03  6.4359e-04  6.2617e-04  2.7288e-02  5.1104e-02
  1.8500e+01  7.8490e-02  7.3189e-02  7.1217e-02  0.0000e+00 -1.7852e-03  6.9785e-02 -4.4168e-03  3.0326e-03  1.1455e-04  1.7561e-03  1.0649e-03  1.0430e-03  2.5849e-02  5.0991e-02
  1.9500e+01  7.0598e-02  6.5711e-02  6.3857e-02  0.0000e+00 -2.2898e-03  6.1675e-02 -3.9978e-03  2.4519e-03  9.8371e-05  1.4988e-03  1.3051e-03  1.2854e-03  2.2292e-02  4.3777e-02
  2.0500e+01  6.3684e-02  5.9178e-02  5.7454e-02  0.0000e+00 -2.5771e-03  5.4867e-02 -3.6235e-03  1.9954e-03  8.5397e-05  1.0800e-03  1.3858e-03  1.3747e-03  1.7812e-02  3.3210e-02
  2.1500e+01  5.7592e-02  5.3439e-02  5.1869e-02  0.0000e+00 -2.6528e-03  4.9170e-02 -3.2943e-03  1.6335e-03  7.5020e-05  6.2939e-04  1.3448e-03  1.3466e-03  1.3311e-02  2.2126e-02
  2.2500e+01  5.2202e-02  4.8376e-02  4.6982e-02  0.0000e+00 -2.5564e-03  4.4388e-02 -3.0041e-03  1.3445e-03  6.6672e-05  2.3199e-04  1.2249e-03  1.2413e-03  9.3725e-03  1.2376e-02
  2.3500e+01  4.7418e-02  4.3894e-02  4.2691e-02  0.0000e+00 -2.3423e-03  4.0333e-02 -2.7453e-03  1.1120e-03  5.9837e-05 -6.8017e-05  1.0655e-03  1.0958e-03  6.2905e-03  4.9138e-03
  2.4500e+01  4.3163e-02  3.9915e-02  3.8906e-02  0.0000e+00 -2.0658e-03  3.6843e-02 -2.5111e-03  9.2379e-04  5.4096e-05 -2.5853e-04  8.9818e-04  9.3987e-04  4.1295e-03 -1.2903e-05
  2.5500e+01  3.9372e-02  3.6373e-02  3.5549e-02  0.0000e+00 -1.7732e-03  3.3787e-02 -2.2962e-03  7.7059e-04  4.9132e-05 -3.4936e-04  7.4474e-04  7.9419e-04  2.7988e-03 -2.6390e-03
  2.6500e+01  3.5987e-02  3.3215e-02  3.2557e-02  0.0000e+00 -1.4981e-03  3.1063e-02 -2.0975e-03  6.4524e-04  4.4717e-05 -3.6256e-04  6.1710e-04  6.7036e-04  2.1217e-03 -3.4666e-03
  2.7500e+01  3.2960e-02  3.0395e-02  2.9876e-02  0.0000e+00 -1.2601e-03  2.8602e-02 -1.9130e-03  5.4217e-04  4.0713e-05 -3.2439e-04  5.1919e-04  5.7258e-04  1.8934e-03 -3.0898e-03
  2.8500e+01  3.0244e-02  2.7872e-02  2.7464e-02  0.0000e+00 -1.0671e-03  2.6357e-02 -1.7417e-03  4.5706e-04  3.7035e-05 -2.5958e-04  4.4915e-04  4.9973e-04  1.9224e-03 -2.0657e-03
  2.9500e+01  2.7803e-02  2.5604e-02  2.5285e-02  0.0000e+00 -9.1792e-04  2.4298e-02 -1.5834e-03  3.8650e-04  3.3650e-05 -1.8797e-04  4.0173e-04  4.4750e-04  2.0552e-03 -8.4179e-04
  3.0500e+01  2.5602e-02  2.3558e-02  2.3310e-02  0.0000e+00 -8.0609e-04  2.2408e-02 -1.4376e-03  3.2779e-04  3.0540e-05 -1.2307e-04  3.7036e-04  4.1026e-04  2.1854e-03  2.7568e-04
  3.1500e+01  2.3611e-02  2.1708e-02  2.1516e-02  0.0000e+00 -7.2265e-04  2.0674e-02 -1.3042e-03  2.7876e-04  2.7706e-05 -7.2287e-05  3.4869e-04  3.8250e-04  2.2526e-03  1.1171e-03
  3.2500e+01  2.1805e-02  2.0031e-02  1.9883e-02  0.0000e+00 -6.5855e-04  1.9087e-02 -1.1827e-03  2.3769e-04  2.5141e-05 -3.7939e-05  3.3154e-04  3.5962e-04  2.2345e-03  1.6261e-03
  3.3500e+01  2.0163e-02  1.8509e-02  1.8395e-02  0.0000e+00 -6.0611e-04  1.7640e-02 -1.0725e-03  2.0317e-04  2.2840e-05 -1.8783e-05  3.1528e-04  3.3839e-04  2.1357e-03  1.8261e-03
  3.4500e+01  1.8667e-02  1.7123e-02  1.7038e-02  0.0000e+00 -5.5972e-04  1.6323e-02 -9.7293e-04  1.7408e-04  2.0789e-05 -1.1535e-05  2.9790e-04  3.1696e-04  1.9763e-03  1.7865e-03
  3.5500e+01  1.7301e-02  1.5859e-02  1.5798e-02  0.0000e+00 -5.1590e-04  1.5125e-02 -8.8310e-04  1.4948e-04  1.8964e-05 -1.2193e-05  2.7869e-04  2.9460e-04  1.7821e-03  1.5928e-03
  3.6500e+01  1.6051e-02  1.4704e-02  1.4664e-02  0.0000e+00 -4.7303e-04  1.4035e-02 -8.0214e-04  1.2864e-04  1.7344e-05 -1.6972e-05  2.5786e-04  2.7142e-04  1.5779e-03  1.3263e-03
  3.7500e+01  1.4906e-02  1.3647e-02  1.3626e-02  0.0000e+00 -4.3081e-04  1.3042e-02 -7.2919e-04  1.1092e-04  1.5902e-05 -2.2866e-05  2.3618e-04  2.4798e-04  1.3833e-03  1.0514e-03
  3.8500e+01  1.3856e-02  1.2679e-02  1.2674e-02  0.0000e+00 -3.8972e-04  1.2136e-02 -6.6341e-04  9.5833e-05  1.4615e-05 -2.7870e-05  2.1457e-04  2.2504e-04  1.2107e-03  8.1053e-04
  3.9500e+01  1.2891e-02  1.1792e-02  1.1800e-02  0.0000e+00 -3.5058e-04  1.1306e-02 -6.0405e-04  8.2946e-05  1.3457e-05 -3.0949e-05  1.9388e-04  2.0326e-04  1.0660e-03  6.2510e-04
  4.0500e+01  1.2004e-02  1.0977e-02  1.0996e-02  0.0000e+00 -3.1416e-04  1.0543e-02 -5.5041e-04  7.1915e-05  1.2409e-05 -3.1854e-05  1.7474e-04  1.8318e-04  9.4933e-04  4.9915e-04
  4.1500e+01  1.1187e-02  1.0226e-02  1.0256e-02  0.0000e+00 -2.8104e-04  9.8404e-03 -5.0190e-04  6.2454e-05  1.1456e-05 -3.0863e-05  1.5752e-04  1.6505e-04  8.5730e-04  4.2527e-04
  4.2500e+01  1.0434e-02  9.5352e-03  9.5723e-03  0.0000e+00 -2.5148e-04  9.1910e-03 -4.5797e-04  5.4323e-05  1.0584e-05 -2.8530e-05  1.4232e-04  1.4896e-04  7.8468e-04  3.9008e-04
  4.3500e+01  9.7397e-03  8.8973e-03  8.9410e-03  0.0000e+00 -2.2543e-04  8.5898e-03 -4.1815e-04  4.7320e-05  9.7861e-06 -2.5480e-05  1.2904e-04  1.3478e-04  7.2584e-04  3.7880e-04
  4.4500e+01  9.0977e-03  8.3080e-03  8.3569e-03  0.0000e+00 -2.0264e-04  8.0324e-03 -3.8204e-04  4.1278e-05  9.0533e-06 -2.2262e-05  1.1744e-04  1.2231e-04  6.7586e-04  3.7838e-04
  4.5500e+01  8.5037e-03  7.7629e-03  7.8158e-03  0.0000e+00 -1.8272e-04  7.5153e-03 -3.4926e-04  3.6055e-05  8.3795e-06 -1.9278e-05  1.0726e-04  1.1129e-04  6.3098e-04  3.7921e-04
  4.6500e+01  7.9536e-03  7.2582e-03  7.3141e-03  0.0000e+00 -1.6523e-04  7.0350e-03 -3.1950e-04  3.1534e-05  7.7600e-06 -1.6756e-05  9.8196e-05  1.0145e-04  5.8881e-04  3.7552e-04
  4.7500e+01  7.4434e-03  6.7904e-03  6.8485e-03  0.0000e+00 -1.4974e-04  6.5889e-03 -2.9246e-04  2.7612e-05  7.1901e-06 -1.4774e-05  9.0019e-05  9.2563e-05  5.4815e-04  3.6499e-04
  4.8500e+01  6.9699e-03  6.3564e-03  6.4159e-03  0.0000e+00 -1.3588e-04  6.1743e-03 -2.6788e-04  2.4207e-05  6.6665e-06 -1.3299e-05  8.2540e-05  8.4462e-05  5.0868e-04  3.4783e-04
  4.9500e+01  6.5299e-03  5.9534e-03  6.0136e-03  0.0000e+00 -1.2337e-04  5.7888e-03 -2.4553e-04  2.1244e-05  6.1853e-06 -1.2230e-05  7.5631e-05  7.7016e-05  4.7063e-04  3.2582e-04
  5.0500e+01  6.1208e-03  5.5790e-03  5.6393e-03  0.0000e+00 -1.1200e-04  5.4300e-03 -2.2519e-04  1.8663e-05  5.7428e-06 -1.1443e-05  6.9215e-05  7.0145e-05  4.3448e-04  3.0129e-04
  5.1500e+01  5.7399e-03  5.2309e-03  5.2907e-03  0.0000e+00 -1.0162e-04  5.0959e-03 -2.0668e-04  1.6412e-05  5.3352e-06 -1.0818e-05  6.3254e-05  6.3799e-05  4.0070e-04  2.7649e-04
  5.2500e+01  5.3850e-03  4.9068e-03  4.9658e-03  0.0000e+00 -9.2136e-05  4.7844e-03 -1.8982e-04  1.4445e-05  4.9593e-06 -1.0263e-05  5.7729e-05  5.7950e-05  3.6962e-04  2.5316e-04
  5.3500e+01  5.0541e-03  4.6048e-03  4.6626e-03  0.0000e+00 -8.3484e-05  4.4938e-03 -1.7445e-04  1.2725e-05  4.6119e-06 -9.7186e-06  5.2632e-05  5.2577e-05  3.4136e-04  2.3235e-04
  5.4500e+01  4.7453e-03  4.3231e-03  4.3795e-03  0.0000e+00 -7.5611e-05  4.2223e-03 -1.6044e-04  1.1219e-05  4.2904e-06 -9.1545e-06  4.7953e-05  4.7663e-05  3.1588e-04  2.1446e-04
  5.5500e+01  4.4568e-03  4.0601e-03  4.1149e-03  0.0000e+00 -6.8470e-05  3.9685e-03 -1.4766e-04  9.8984e-06  3.9921e-06 -8.5663e-06  4.3679e-05  4.3186e-05  2.9295e-04  1.9935e-04
  5.6500e+01  4.1872e-03  3.8144e-03  3.8675e-03  0.0000e+00 -6.2012e-05  3.7309e-03 -1.3599e-04  8.7392e-06  3.7152e-06 -7.9647e-06  3.9790e-05  3.9120e-05  2.7229e-04  1.8661e-04
  5.7500e+01  3.9349e-03  3.5845e-03  3.6358e-03  0.0000e+00 -5.6183e-05  3.5083e-03 -1.2534e-04  7.7207e-06  3.4573e-06 -7.3673e-06  3.6258e-05  3.5434e-05  2.5357e-04  1.7567e-04
  5.8500e+01  3.6986e-03  3.3694e-03  3.4187e-03  0.0000e+00 -5.0927e-05  3.2995e-03 -1.1561e-04  6.8246e-06  3.2168e-06 -6.7924e-06  3.3052e-05  3.2096e-05  2.3649e-04  1.6597e-04
  5.9500e+01  3.4772e-03  3.1678e-03  3.2151e-03  0.0000e+00 -4.6188e-05  3.1036e-03 -1.0672e-04  6.0355e-06  2.9924e-06 -6.2544e-06  3.0141e-05  2.9073e-05  2.2079e-04  1.5707e-04
  6.0500e+01  3.2694e-03  2.9788e-03  3.0240e-03  0.0000e+00 -4.1908e-05  2.9195e-03 -9.8596e-05  5.3400e-06  2.7833e-06 -5.7620e-06  2.7493e-05  2.6332e-05  2.0626e-04  1.4865e-04
  6.1500e+01  3.0744e-03  2.8015e-03  2.8445e-03  0.0000e+00 -3.8039e-05  2.7465e-03 -9.1162e-05  4.7262e-06  2.5884e-06 -5.3181e-06  2.5080e-05  2.3844e-05  1.9277e-04  1.4054e-04
  6.2500e+01  2.8911e-03  2.6351e-03  2.6757e-03  0.0000e+00 -3.4535e-05  2.5836e-03 -8.4360e-05  4.1841e-06  2.4075e-06 -4.9213e-06  2.2878e-05  2.1582e-05  1.8021e-04  1.3269e-04
  6.3500e+01  2.7187e-03  2.4787e-03  2.5169e-03  0.0000e+00 -3.1356e-05  2.4301e-03 -7.8132e-05  3.7048e-06  2.2401e-06 -4.5674e-06  2.0865e-05  1.9525e-05  1.6852e-04  1.2512e-04
  6.4500e+01  2.5563e-03  2.3315e-03  2.3673e-03  0.0000e+00 -2.8469e-05  2.2855e-03 -7.2425e-05  3.2807e-06  2.0863e-06 -4.2512e-06  1.9024e-05  1.7652e-05  1.5766e-04  1.1789e-04
  6.5500e+01  2.4034e-03  2.1929e-03  2.2262e-03  0.0000e+00 -2.5843e-05  2.1489e-03 -6.7192e-05  2.9052e-06  1.9458e-06 -3.9682e-06  1.7341e-05  1.5946e-05  1.4756e-04  1.1105e-04
  6.6500e+01  2.2591e-03  2.0623e-03  2.0931e-03  0.0000e+00 -2.3454e-05  2.0199e-03 -6.2386e-05  2.5723e-06  1.8189e-06 -3.7150e-06  1.5801e-05  1.4390e-05  1.3821e-04  1.0464e-04
  6.7500e+01  2.1228e-03  1.9390e-03  1.9674e-03  0.0000e+00 -2.1279e-05  1.8979e-03 -5.7967e-05  2.2771e-06  1.7062e-06 -3.4903e-06  1.4393e-05  1.2970e-05  1.2955e-04  9.8678e-05
  6.8500e+01  1.9942e-03  1.8225e-03  1.8487e-03  0.0000e+00 -1.9295e-05  1.7824e-03 -5.3893e-05  2.0152e-06  1.6086e-06 -3.2946e-06  1.3105e-05  1.1673e-05  1.2154e-04  9.3163e-05
  6.9500e+01  1.8725e-03  1.7121e-03  1.7364e-03  0.0000e+00 -1.7482e-05  1.6730e-03 -5.0127e-05  1.7826e-06  1.5276e-06 -3.1300e-06  1.1928e-05  1.0485e-05  1.1411e-04  8.8064e-05
  7.0500e+01  1.7575e-03  1.6074e-03  1.6302e-03  0.0000e+00 -1.5819e-05  1.5693e-03 -4.6635e-05  1.5760e-06  1.4646e-06 -2.9997e-06  1.0850e-05  9.3927e-06  1.0723e-04  8.3341e-05
  7.1500e+01  1.6487e-03  1.5079e-03  1.5297e-03  0.0000e+00 -1.4284e-05  1.4710e-03 -4.3382e-05  1.3924e-06  1.4216e-06 -2.9078e-06  9.8588e-06  8.3847e-06  1.0083e-04  7.8949e-05
  7.2500e+01  1.5459e-03  1.4130e-03  1.4347e-03  0.0000e+00 -1.2857e-05  1.3779e-03 -4.0335e-05  1.2294e-06  1.4003e-06 -2.8585e-06  8.9446e-06  7.4491e-06  9.4875e-05  7.4848e-05
  7.3500e+01  1.4487e-03  1.3226e-03  1.3450e-03  0.0000e+00 -1.1513e-05  1.2898e-03 -3.7465e-05  1.0846e-06  1.4023e-06 -2.8560e-06  8.0958e-06  6.5748e-06  8.9317e-05  7.1000e-05
  7.4500e+01  1.3571e-03  1.2364e-03  1.2604e-03  0.0000e+00 -1.0233e-05  1.2065e-03 -3.4741e-05  9.5621e-07  1.4294e-06 -2.9039e-06  7.3015e-06  5.7516e-06  8.4118e-05  6.7380e-05
  7.5500e+01  1.2708e-03  1.1542e-03  1.1807e-03  0.0000e+00 -8.9940e-06  1.1279e-03 -3.2136e-05  8.4242e-07  1.4828e-06 -3.0048e-06  6.5507e-06  4.9703e-06  7.9246e-05  6.3966e-05
  7.6500e+01  1.1898e-03  1.0761e-03  1.1060e-03  0.0000e+00 -7.7748e-06  1.0541e-03 -2.9623e-05  7.4180e-07  1.5633e-06 -3.1598e-06  5.8329e-06  4.2223e-06  7.4671e-05  6.0745e-05
  7.7500e+01  1.1142e-03  1.0020e-03  1.0363e-03  0.0000e+00 -6.5554e-06  9.8501e-04 -2.7181e-05  6.5308e-07  1.6708e-06 -3.3682e-06  5.1381e-06  3.4998e-06  7.0370e-05  5.7708e-05
  7.8500e+01  1.0440e-03  9.3168e-04  9.7171e-04  0.0000e+00 -5.3177e-06  9.2089e-04 -2.4785e-05  5.7516e-07  1.8040e-06 -3.6271e-06  4.4566e-06  2.7958e-06  6.6318e-05  5.4846e-05
  7.9500e+01  9.7937e-04  8.6517e-04  9.1229e-04  0.0000e+00 -4.0460e-06  8.6187e-04 -2.2419e-05  5.0709e-07  1.9602e-06 -3.9308e-06  3.7797e-06  2.1039e-06  6.2497e-05  5.2154e-05
  8.0500e+01  9.2048e-04  8.0254e-04  8.5825e-04  0.0000e+00 -2.7278e-06  8.0820e-04 -2.0066e-05  4.4805e-07  2.1347e-06 -4.2701e-06  3.0996e-06  1.4185e-06  5.8888e-05  4.9623e-05
  8.1500e+01  8.6757e-04  7.4414e-04  8.0980e-04  0.0000e+00 -1.3549e-06  7.6015e-04 -1.7715e-05  3.9737e-07  2.3216e-06 -4.6327e-06  2.4101e-06  7.3473e-07  5.5473e-05  4.7247e-05
  8.2500e+01  8.2090e-04  6.9025e-04  7.6720e-04  0.0000e+00  7.5712e-08  7.1805e-04 -1.5359e-05  3.5444e-07  2.5128e-06 -5.0026e-06  1.7065e-06  4.8718e-08  5.2238e-05  4.5016e-05
  8.3500e+01  7.8073e-04  6.4117e-04  7.3068e-04  0.0000e+00  1.5615e-06  6.8221e-04 -1.2997e-05  3.1877e-07  2.6987e-06 -5.3608e-06  9.8639e-07 -6.4236e-07  4.9168e-05  4.2922e-05
  8.4500e+01  7.4733e-04  5.9720e-04  7.0048e-04  0.0000e+00  3.0936e-06  6.5297e-04 -1.0632e-05  2.8993e-07  2.8681e-06 -5.6852e-06  2.4935e-07 -1.3399e-06  4.6251e-05  4.0956e-05
  8.5500e+01  7.2091e-04  5.5853e-04  6.7677e-04  0.0000e+00  4.6563e-06  6.3059e-04 -8.2754e-06  2.6756e-07  3.0089e-06 -5.9522e-06 -5.0222e-07 -2.0437e-06  4.3475e-05  3.9109e-05
  8.6500e+01  7.0163e-04  5.2545e-04  6.5970e-04  0.0000e+00  6.2277e-06  6.1531e-04 -5.9425e-06  2.5133e-07  3.1082e-06 -6.1372e-06 -1.2633e-06 -2.7515e-06  4.0830e-05  3.7372e-05
  8.7500e+01  6.8957e-04  4.9912e-04  6.4931e-04  0.0000e+00  7.7795e-06  6.0726e-04 -3.6562e-06  2.4092e-07  3.1536e-06 -6.2165e-06 -2.0263e-06 -3.4592e-06  3.8308e-05  3.5738e-05
  8.8500e+01  6.8468e-04  4.8103e-04  6.4554e-04  0.0000e+00  9.2781e-06  6.0645e-04 -1.4445e-06  2.3605e-07  3.1336e-06 -6.1686e-06 -2.7810e-06 -4.1602e-06  3.5901e-05  3.4198e-05
  8.9500e+01  6.8679e-04  4.7250e-04  6.4819e-04  0.0000e+00  1.0686e-05  6.1274e-04  6.5969e-07  2.3636e-07  3.0387e-06 -5.9761e-06 -3.5152e-06 -4.8457e-06  3.3604e-05  3.2745e-05
  9.0500e+01  6.9557e-04  4.7474e-04  6.5693e-04  0.0000e+00  1.1963e-05  6.2583e-04  2.6199e-06  2.4151e-07  2.8625e-06 -5.6270e-06 -4.2150e-06 -5.5051e-06  3.1413e-05  3.1374e-05
  9.1500e+01  7.1051e-04  4.8884e-04  6.7127e-04  0.0000e+00  1.3069e-05  6.4522e-04  4.3977e-06  2.5107e-07  2.6019e-06 -5.1161e-06 -4.8656e-06 -6.1260e-06  2.9323e-05  3.0076e-05
  9.2500e+01  7.3094e-04  5.1577e-04  6.9056e-04  0.0000e+00  1.3965e-05  6.7024e-04  5.9546e-06  2.6454e-07  2.2582e-06 -4.4461e-06 -5.4518e-06 -6.6949e-06  2.7334e-05  2.8846e-05
  9.3500e+01  7.5603e-04  5.5539e-04  7.1401e-04  0.0000e+00  1.4615e-05  7.0001e-04  7.2542e-06  2.8132e-07  1.8370e-06 -3.6276e-06 -5.9593e-06 -7.1977e-06  2.5444e-05  2.7677e-05
  9.4500e+01  7.8479e-04  6.0554e-04  7.4069e-04  0.0000e+00  1.4990e-05  7.3347e-04  8.2639e-06  3.0075e-07  1.3482e-06 -2.6799e-06 -6.3752e-06 -7.6207e-06  2.3653e-05  2.6563e-05
  9.5500e+01  8.1610e-04  6.6392e-04  7.6954e-04  0.0000e+00  1.5069e-05  7.6941e-04  8.9580e-06  3.2205e-07  8.0573e-07 -1.6292e-06 -6.6888e-06 -7.9513e-06  2.1963e-05  2.5497e-05
  9.6500e+01  8.4872e-04  7.2836e-04  7.9943e-04  0.0000e+00  1.4840e-05  8.0650e-04  9.3184e-06  3.4438e-07  2.2711e-07 -5.0850e-07 -6.8924e-06 -8.1790e-06  2.0374e-05  2.4473e-05
  9.7500e+01  8.8138e-04  7.9676e-04  8.2916e-04  0.0000e+00  1.4301e-05  8.4334e-04  9.3374e-06  3.6683e-07 -3.6784e-07  6.4483e-07 -6.9815e-06 -8.2957e-06  1.8889e-05  2.3485e-05
  9.8500e+01  9.1276e-04  8.6727e-04  8.5755e-04  0.0000e+00  1.3462e-05  8.7848e-04  9.0177e-06  3.8848e-07 -9.5767e-07  1.7906e-06 -6.9557e-06 -8.2968e-06  1.7510e-05  2.2529e-05
  9.9500e+01  9.4158e-04  9.3804e-04  8.8342e-04  0.0000e+00  1.2343e-05  9.1053e-04  8.3737e-06  4.0840e-07 -1.5212e-06  2.8881e-06 -6.8180e-06 -8.1816e-06  1.6238e-05  2.1600e-05
  1.0050e+02  9.6665e-04  1.0059e-03  9.0568e-04  0.0000e+00  1.0975e-05  9.3816e-04  7.4310e-06  4.2570e-07 -2.0380e-06  3.8984e-06 -6.5753e-06 -7.9531e-06  1.5075e-05  2.0695e-05
  1.0150e+02  9.8686e-04  1.0670e-03  9.2335e-04  0.0000e+00  9.3985e-06  9.6020e-04  6.2257e-06  4.3958e-07 -2.4899e-06  4.7868e-06 -6.2377e-06 -7.6186e-06  1.4020e-05  1.9810e-05
  1.0250e+02  1.0013e-03  1.1176e-03  9.3559e-04  0.0000e+00  7.6596e-06  9.7564e-04  4.8028e-06  4.4937e-07 -2.8619e-06  5.5239e-06 -5.8179e-06 -7.1886e-06  1.3073e-05  1.8943e-05
  1.0350e+02  1.0092e-03  1.1543e-03  9.4176e-04  0.0000e+00  5.8102e-06  9.8373e-04  3.2146e-06  4.5456e-07 -3.1427e-06  6.0878e-06 -5.3306e-06 -6.6771e-06  1.2233e-05  1.8094e-05
  1.0450e+02  1.0100e-03  1.1741e-03  9.4138e-04  0.0000e+00  3.9040e-06  9.8395e-04  1.5175e-06  4.5481e-07 -3.3255e-06  6.4650e-06 -4.7918e-06 -6.1004e-06  1.1495e-05  1.7262e-05
  1.0550e+02  1.0034e-03  1.1740e-03  9.3420e-04  0.0000e+00  1.9950e-06  9.7606e-04 -2.2991e-07  4.4998e-07 -3.4080e-06  6.6502e-06 -4.2179e-06 -5.4761e-06  1.0856e-05  1.6447e-05
  1.0650e+02  9.8944e-04  1.1527e-03  9.2017e-04  0.0000e+00  1.3446e-07  9.6007e-04 -1.9701e-06  4.4017e-07 -3.3927e-06  6.6469e-06 -3.6249e-06 -4.8227e-06  1.0309e-05  1.5651e-05
  1.0750e+02  9.6810e-04  1.1130e-03  8.9944e-04  0.0000e+00 -1.6309e-06  9.3626e-04 -3.6492e-06  4.2564e-07 -3.2860e-06  6.4665e-06 -3.0279e-06 -4.1580e-06  9.8469e-06  1.4876e-05
  1.0850e+02  9.3979e-04  1.0592e-03  8.7233e-04  0.0000e+00 -3.2607e-06  9.0515e-04 -5.2192e-06  4.0684e-07 -3.0981e-06  6.1269e-06 -2.4405e-06 -3.4989e-06  9.4622e-06  1.4123e-05
  1.0950e+02  9.0501e-04  9.9481e-04  8.3934e-04  0.0000e+00 -4.7223e-06  8.6743e-04 -6.6398e-06  3.8436e-07 -2.8418e-06  5.6515e-06 -1.8743e-06 -2.8602e-06  9.1457e-06  1.3395e-05
  1.1050e+02  8.6443e-04  9.2328e-04  8.0108e-04  0.0000e+00 -5.9911e-06  8.2397e-04 -7.8798e-06  3.5891e-07 -2.5315e-06  5.0674e-06 -1.3390e-06 -2.2543e-06  8.8883e-06  1.2694e-05
  1.1150e+02  8.1884e-04  8.4769e-04  7.5829e-04  0.0000e+00 -7.0513e-06  7.7572e-04 -8.9178e-06  3.3125e-07 -2.1828e-06  4.4035e-06 -8.4193e-07 -1.6910e-06  8.6804e-06  1.2022e-05
  1.1250e+02  7.6908e-04  7.7092e-04  7.1174e-04  0.0000e+00 -7.8954e-06  7.2372e-04 -9.7420e-06  3.0219e-07 -1.8111e-06  3.6892e-06 -3.8839e-07 -1.1772e-06  8.5127e-06  1.1382e-05
  1.1350e+02  7.1607e-04  6.9482e-04  6.6227e-04  0.0000e+00 -8.5236e-06  6.6901e-04 -1.0350e-05  2.7249e-07 -1.4311e-06  2.9525e-06  1.8336e-08 -7.1684e-07  8.3764e-06  1.0775e-05
  1.1450e+02  6.6071e-04  6.2031e-04  6.1071e-04  0.0000e+00 -8.9429e-06  6.1260e-04 -1.0747e-05  2.4289e-07 -1.0559e-06  2.2190e-06  3.7673e-07 -3.1171e-07  8.2633e-06  1.0202e-05
  1.1550e+02  6.0389e-04  5.4816e-04  5.5785e-04  0.0000e+00 -9.1663e-06  5.5546e-04 -1.0946e-05  2.1404e-07 -6.9656e-07  1.5110e-06  6.8679e-07  3.8651e-08  8.1658e-06  9.6640e-06
  1.1650e+02  5.4643e-04  4.7911e-04  5.0447e-04  0.0000e+00 -9.2109e-06  4.9846e-04 -1.0964e-05  1.8647e-07 -3.6207e-07  8.4668e-07  9.4969e-07  3.3632e-07  8.0777e-06  9.1612e-06
  1.1750e+02  4.8910e-04  4.1383e-04  4.5125e-04  0.0000e+00 -9.0973e-06  4.4238e-04 -1.0824e-05  1.6063e-07 -5.8984e-08  2.3996e-07  1.1676e-06  5.8457e-07  7.9933e-06  8.6931e-06
  1.1850e+02  4.3259e-04  3.5301e-04  3.9882e-04  0.0000e+00 -8.8480e-06  3.8786e-04 -1.0549e-05  1.3684e-07  2.0820e-07 -2.9955e-07  1.3432e-06  7.8743e-07  7.9082e-06  8.2590e-06
  1.1950e+02  3.7748e-04  2.9709e-04  3.4772e-04  0.0000e+00 -8.4861e-06  3.3544e-04 -1.0164e-05  1.1530e-07  4.3720e-07 -7.6627e-07  1.4798e-06  9.4931e-07  7.8191e-06  7.8576e-06
  1.2050e+02  3.2427e-04  2.4592e-04  2.9839e-04  0.0000e+00 -8.0349e-06  2.8552e-04 -9.6919e-06  9.6131e-08  6.2740e-07 -1.1582e-06  1.5809e-06  1.0747e-06  7.7233e-06  7.4874e-06
  1.2150e+02  2.7335e-04  1.9920e-04  2.5119e-04  0.0000e+00 -7.5162e-06  2.3842e-04 -9.1567e-06  7.9339e-08  7.7990e-07 -1.4764e-06  1.6499e-06  1.1679e-06  7.6193e-06  7.1465e-06
  1.2250e+02  2.2503e-04  1.5662e-04  2.0641e-04  0.0000e+00 -6.9507e-06  1.9432e-04 -8.5789e-06  6.4867e-08  8.9678e-07 -1.7244e-06  1.6905e-06  1.2330e-06  7.5060e-06  6.8330e-06
  1.2350e+02  1.7952e-04  1.1792e-04  1.6422e-04  0.0000e+00 -6.3566e-06  1.5334e-04 -7.9768e-06  5.2598e-08  9.8105e-07 -1.9075e-06  1.7060e-06  1.2737e-06  7.3831e-06  6.5448e-06
  1.2450e+02  1.3696e-04  8.2818e-05  1.2477e-04  0.0000e+00 -5.7498e-06  1.1549e-04 -7.3658e-06  4.2370e-08  1.0362e-06 -2.0319e-06  1.6996e-06  1.2933e-06  7.2508e-06  6.2796e-06
  1.2550e+02  9.7419e-05  5.1071e-05  8.8111e-05  0.0000e+00 -5.1440e-06  8.0752e-05 -6.7589e-06  3.3996e-08  1.0661e-06 -2.1050e-06  1.6743e-06  1.2948e-06  7.1094e-06  6.0355e-06
  1.2650e+02  6.0902e-05  2.2425e-05  5.4253e-05  0.0000e+00 -4.5501e-06  4.9033e-05 -6.1662e-06  2.7272e-08  1.0745e-06 -2.1341e-06  1.6329e-06  1.2807e-06  6.9599e-06  5.8104e-06
  1.2750e+02  2.7373e-05 -3.3822e-06  2.3160e-05  0.0000e+00 -3.9768e-06  2.0216e-05 -5.5956e-06  2.1990e-08  1.0652e-06 -2.1264e-06  1.5781e-06  1.2534e-06  6.8032e-06  5.6023e-06
  1.2850e+02 -3.2457e-06 -2.6602e-05 -5.2371e-06  0.0000e+00 -3.4307e-06 -5.8469e-06 -5.0527e-06  1.7947e-08  1.0417e-06 -2.0887e-06  1.5120e-06  1.2151e-06  6.6403e-06  5.4095e-06
  1.2950e+02 -3.1062e-05 -4.7456e-05 -3.1039e-05  0.0000e+00 -2.9164e-06 -2.9320e-05 -4.5411e-06  1.4950e-08  1.0072e-06 -2.0274e-06  1.4369e-06  1.1677e-06  6.4724e-06  5.2302e-06
  1.3050e+02 -5.6206e-05 -6.6166e-05 -5.4364e-05  0.0000e+00 -2.4369e-06 -5.0376e-05 -4.0632e-06  1.2822e-08  9.6457e-07 -1.9481e-06  1.3546e-06  1.1129e-06  6.3008e-06  5.0631e-06
  1.3150e+02 -7.8824e-05 -8.2974e-05 -7.5348e-05  0.0000e+00 -1.9938e-06 -6.9193e-05 -3.6200e-06  1.1401e-08  9.1614e-07 -1.8558e-06  1.2668e-06  1.0526e-06  6.1264e-06  4.9067e-06
  1.3250e+02 -9.9072e-05 -9.8072e-05 -9.4133e-05  0.0000e+00 -1.5879e-06 -8.5944e-05 -3.2113e-06  1.0546e-08  8.6400e-07 -1.7546e-06  1.1751e-06  9.8811e-07  5.9505e-06  4.7597e-06
  1.3350e+02 -1.1711e-04 -1.1158e-04 -1.1087e-04  0.0000e+00 -1.2187e-06 -1.0080e-04 -2.8367e-06  1.0134e-08  8.0986e-07 -1.6481e-06  1.0808e-06  9.2091e-07  5.7740e-06  4.6213e-06
  1.3450e+02 -1.3310e-04 -1.2357e-04 -1.2570e-04  0.0000e+00 -8.8545e-07 -1.1392e-04 -2.4947e-06  1.0060e-08  7.5509e-07 -1.5391e-06  9.8513e-07  8.5218e-07  5.5979e-06  4.4903e-06
  1.3550e+02 -1.4719e-04 -1.3412e-04 -1.3878e-04  0.0000e+00 -5.8683e-07 -1.2547e-04 -2.1839e-06  1.0236e-08  7.0074e-07 -1.4302e-06  8.8917e-07  7.8293e-07  5.4230e-06  4.3660e-06
  1.3650e+02 -1.5955e-04 -1.4331e-04 -1.5024e-04  0.0000e+00 -3.2120e-07 -1.3558e-04 -1.9024e-06  1.0589e-08  6.4765e-07 -1.3230e-06  7.9382e-07  7.1397e-07  5.2502e-06  4.2477e-06
  1.3750e+02 -1.7032e-04 -1.5119e-04 -1.6022e-04  0.0000e+00 -8.6712e-08 -1.4439e-04 -1.6482e-06  1.1059e-08  5.9642e-07 -1.2189e-06  6.9985e-07  6.4585e-07  5.0801e-06  4.1347e-06
  1.3850e+02 -1.7964e-04 -1.5783e-04 -1.6886e-04  0.0000e+00  1.1861e-07 -1.5202e-04 -1.4194e-06  1.1599e-08  5.4752e-07 -1.1191e-06  6.0794e-07  5.7885e-07  4.9132e-06  4.0265e-06
  1.3950e+02 -1.8764e-04 -1.6334e-04 -1.7627e-04  0.0000e+00  2.9683e-07 -1.5858e-04 -1.2138e-06  1.2170e-08  5.0117e-07 -1.0242e-06  5.1862e-07  5.1301e-07  4.7500e-06  3.9227e-06
  1.4050e+02 -1.9445e-04 -1.6788e-04 -1.8257e-04  0.0000e+00  4.5003e-07 -1.6419e-04 -1.0295e-06  1.2744e-08  4.5757e-07 -9.3465e-07  4.3236e-07  4.4812e-07  4.5908e-06  3.8227e-06
  1.4150e+02 -2.0018e-04 -1.7163e-04 -1.8787e-04  0.0000e+00  5.8032e-07 -1.6892e-04 -8.6456e-07  1.3299e-08  4.1683e-07 -8.5076e-07  3.4954e-07  3.8377e-07  4.4359e-06  3.7263e-06
  1.4250e+02 -2.0493e-04 -1.7478e-04 -1.9226e-04  0.0000e+00  6.8973e-07 -1.7286e-04 -7.1708e-07  1.3817e-08  3.7899e-07 -7.7259e-07  2.7044e-07  3.1939e-07  4.2853e-06  3.6332e-06
  1.4350e+02 -2.0880e-04 -1.7750e-04 -1.9584e-04  0.0000e+00  7.8023e-07 -1.7610e-04 -5.8536e-07  1.4287e-08  3.4388e-07 -7.0009e-07  1.9532e-07  2.5431e-07  4.1389e-06  3.5430e-06
  1.4450e+02 -2.1189e-04 -1.7994e-04 -1.9869e-04  0.0000e+00  8.5364e-07 -1.7868e-04 -4.6784e-07  1.4700e-08  3.1149e-07 -6.3311e-07  1.2434e-07  1.8790e-07  3.9967e-06  3.4557e-06
  1.4550e+02 -2.1427e-04 -1.8224e-04 -2.0088e-04  0.0000e+00  9.1158e-07 -1.8069e-04 -3.6313e-07  1.5053e-08  2.8168e-07 -5.7143e-07  5.7679e-08  1.1958e-07  3.8585e-06  3.3709e-06
  1.4650e+02 -2.1602e-04 -1.8437e-04 -2.0249e-04  0.0000e+00  9.5547e-07 -1.8217e-04 -2.7002e-07  1.5342e-08  2.5433e-07 -5.1478e-07 -4.5618e-09  4.8964e-08  3.7240e-06  3.2886e-06
  1.4750e+02 -2.1720e-04 -1.8619e-04 -2.0358e-04  0.0000e+00  9.8652e-07 -1.8317e-04 -1.8751e-07  1.5566e-08  2.2930e-07 -4.6285e-07 -6.2289e-08 -2.4082e-08  3.5928e-06  3.2085e-06
  1.4850e+02 -2.1789e-04 -1.8756e-04 -2.0421e-04  0.0000e+00  1.0057e-06 -1.8374e-04 -1.1479e-07  1.5728e-08  2.0643e-07 -4.1531e-07 -1.1545e-07 -9.9376e-08  3.4647e-06  3.1306e-06
  1.4950e+02 -2.1813e-04 -1.8833e-04 -2.0442e-04  0.0000e+00  1.0140e-06 -1.8393e-04 -5.1211e-08  1.5830e-08  1.8555e-07 -3.7186e-07 -1.6402e-07 -1.7639e-07  3.3392e-06  3.0547e-06
  1.5050e+02 -2.1798e-04 -1.8839e-04 -2.0427e-04  0.0000e+00  1.0120e-06 -1.8379e-04  3.7092e-09  1.5877e-08  1.6651e-07 -3.3217e-07 -2.0802e-07 -2.5423e-07  3.2162e-06  2.9807e-06
  1.5150e+02 -2.1748e-04 -1.8761e-04 -2.0380e-04  0.0000e+00  1.0006e-06 -1.8337e-04  5.0346e-08  1.5873e-08  1.4918e-07 -2.9596e-07 -2.4754e-07 -3.3169e-07  3.0953e-06  2.9086e-06
  1.5250e+02 -2.1668e-04 -1.8593e-04 -2.0305e-04  0.0000e+00  9.8068e-07 -1.8270e-04  8.8998e-08  1.5824e-08  1.3341e-07 -2.6297e-07 -2.8271e-07 -4.0725e-07  2.9764e-06  2.8382e-06
  1.5350e+02 -2.1561e-04 -1.8356e-04 -2.0205e-04  0.0000e+00  9.5343e-07 -1.8184e-04  1.1994e-07  1.5739e-08  1.1912e-07 -2.3294e-07 -3.1374e-07 -4.7922e-07  2.8595e-06  2.7694e-06
  1.5450e+02 -2.1431e-04 -1.8077e-04 -2.0084e-04  0.0000e+00  9.2024e-07 -1.8084e-04  1.4343e-07  1.5624e-08  1.0619e-07 -2.0568e-07 -3.4094e-07 -5.4579e-07  2.7446e-06  2.7022e-06
  1.5550e+02 -2.1281e-04 -1.7780e-04 -1.9944e-04  0.0000e+00  8.8283e-07 -1.7973e-04  1.5981e-07  1.5487e-08  9.4484e-08 -1.8098e-07 -3.6467e-07 -6.0516e-07  2.6318e-06  2.6365e-06
  1.5650e+02 -2.1114e-04 -1.7489e-04 -1.9787e-04  0.0000e+00  8.4323e-07 -1.7857e-04  1.6945e-07  1.5337e-08  8.3884e-08 -1.5867e-07 -3.8538e-07 -6.5567e-07  2.5214e-06  2.5722e-06
  1.5750e+02 -2.0933e-04 -1.7225e-04 -1.9617e-04  0.0000e+00  8.0366e-07 -1.7740e-04  1.7283e-07  1.5182e-08  7.4317e-08 -1.3860e-07 -4.0355e-07 -6.9589e-07  2.4138e-06  2.5092e-06
  1.5850e+02 -2.0741e-04 -1.7009e-04 -1.9435e-04  0.0000e+00  7.6643e-07 -1.7626e-04  1.7053e-07  1.5029e-08  6.5688e-08 -1.2063e-07 -4.1970e-07 -7.2477e-07  2.3092e-06  2.4475e-06
  1.5950e+02 -2.0539e-04 -1.6846e-04 -1.9242e-04  0.0000e+00  7.3379e-07 -1.7518e-04  1.6323e-07  1.4885e-08  5.7952e-08 -1.0460e-07 -4.3434e-07 -7.4168e-07  2.2081e-06  2.3870e-06
  1.6050e+02 -2.0329e-04 -1.6725e-04 -1.9041e-04  0.0000e+00  7.0773e-07 -1.7420e-04  1.5170e-07  1.4757e-08  5.0991e-08 -9.0373e-08 -4.4797e-07 -7.4653e-07  2.1110e-06  2.3276e-06
  1.6150e+02 -2.0114e-04 -1.6635e-04 -1.8833e-04  0.0000e+00  6.8979e-07 -1.7334e-04  1.3683e-07  1.4651e-08  4.4738e-08 -7.7812e-08 -4.6099e-07 -7.3976e-07  2.0182e-06  2.2693e-06
  1.6250e+02 -1.9895e-04 -1.6564e-04 -1.8619e-04  0.0000e+00  6.8090e-07 -1.7263e-04  1.1959e-07  1.4570e-08  3.9109e-08 -6.6764e-08 -4.7371e-07 -7.2240e-07  1.9301e-06  2.2122e-06
  1.6350e+02 -1.9672e-04 -1.6500e-04 -1.8401e-04  0.0000e+00  6.8128e-07 -1.7208e-04  1.0104e-07  1.4517e-08  3.4053e-08 -5.7080e-08 -4.8631e-07 -6.9603e-07  1.8470e-06  2.1560e-06
  1.6450e+02 -1.9448e-04 -1.6434e-04 -1.8179e-04  0.0000e+00  6.9034e-07 -1.7168e-04  8.2296e-08  1.4492e-08  2.9496e-08 -4.8604e-08 -4.9881e-07 -6.6271e-07  1.7690e-06  2.1009e-06
  1.6550e+02 -1.9222e-04 -1.6360e-04 -1.7955e-04  0.0000e+00  7.0673e-07 -1.7145e-04  6.4534e-08  1.4496e-08  2.5411e-08 -4.1183e-08 -5.1110e-07 -6.2490e-07  1.6962e-06  2.0468e-06
  1.6650e+02 -1.8996e-04 -1.6295e-04 -1.7728e-04  0.0000e+00  7.2838e-07 -1.7136e-04  4.8937e-08  1.4524e-08  2.1739e-08 -3.4669e-08 -5.2292e-07 -5.8534e-07  1.6286e-06  1.9937e-06
  1.6750e+02 -1.8769e-04 -1.6266e-04 -1.7500e-04  0.0000e+00  7.5268e-07 -1.7138e-04  3.6663e-08  1.4573e-08  1.8440e-08 -2.8919e-08 -5.3389e-07 -5.4688e-07  1.5659e-06  1.9417e-06
  1.6850e+02 -1.8543e-04 -1.6298e-04 -1.7272e-04  0.0000e+00  7.7667e-07 -1.7148e-04  2.8791e-08  1.4634e-08  1.5452e-08 -2.3804e-08 -5.4355e-07 -5.1229e-07  1.5078e-06  1.8907e-06
  1.6950e+02 -1.8317e-04 -1.6414e-04 -1.7044e-04  0.0000e+00  7.9730e-07 -1.7161e-04  2.6259e-08  1.4699e-08  1.2749e-08 -1.9211e-08 -5.5141e-07 -4.8415e-07  1.4539e-06  1.8409e-06
  1.7050e+02 -1.8090e-04 -1.6637e-04 -1.6816e-04  0.0000e+00  8.1164e-07 -1.7171e-04  2.9802e-08  1.4759e-08  1.0306e-08 -1.5045e-08 -5.5696e-07 -4.6458e-07  1.4037e-06  1.7922e-06
  1.7150e+02 -1.7864e-04 -1.6989e-04 -1.6589e-04  0.0000e+00  8.1722e-07 -1.7170e-04  3.9885e-08  1.4802e-08  8.1300e-09 -1.1234e-08 -5.5978e-07 -4.5515e-07  1.3565e-06  1.7448e-06
  1.7250e+02 -1.7637e-04 -1.7457e-04 -1.6364e-04  0.0000e+00  8.1213e-07 -1.7153e-04  5.6653e-08  1.4815e-08  6.1557e-09 -7.7271e-09 -5.5956e-07 -4.5672e-07  1.3118e-06  1.6986e-06
  1.7350e+02 -1.7410e-04 -1.7976e-04 -1.6140e-04  0.0000e+00  7.9529e-07 -1.7112e-04  7.9892e-08  1.4787e-08  4.3662e-09 -4.4939e-09 -5.5610e-07 -4.6940e-07  1.2689e-06  1.6538e-06
  1.7450e+02 -1.7181e-04 -1.8474e-04 -1.5918e-04  0.0000e+00  7.6646e-07 -1.7039e-04  1.0901e-07  1.4708e-08  2.7503e-09 -1.5245e-09 -5.4941e-07 -4.9251e-07  1.2272e-06  1.6104e-06
  1.7550e+02 -1.6952e-04 -1.8883e-04 -1.5698e-04  0.0000e+00  7.2630e-07 -1.6928e-04  1.4307e-07  1.4568e-08  1.2992e-09  1.1741e-09 -5.3965e-07 -5.2464e-07  1.1861e-06  1.5684e-06
  1.7650e+02 -1.6722e-04 -1.9138e-04 -1.5481e-04  0.0000e+00  6.7628e-07 -1.6774e-04  1.8078e-07  1.4360e-08  2.2812e-11  3.5826e-09 -5.2715e-07 -5.6375e-07  1.1453e-06  1.5278e-06
  1.7750e+02 -1.6490e-04 -1.9178e-04 -1.5266e-04  0.0000e+00  6.1857e-07 -1.6572e-04  2.2064e-07  1.4079e-08 -1.1068e-09  5.6733e-09 -5.1240e-07 -6.0735e-07  1.1043e-06  1.4888e-06
  1.7850e+02 -1.6258e-04 -1.8953e-04 -1.5055e-04  0.0000e+00  5.5584e-07 -1.6321e-04  2.6096e-07  1.3724e-08 -2.0758e-09  7.4153e-09 -4.9601e-07 -6.5265e-07  1.0630e-06  1.4512e-06
  1.7950e+02 -1.6025e-04 -1.8478e-04 -1.4846e-04  0.0000e+00  4.9102e-07 -1.6021e-04  2.9997e-07  1.3297e-08 -2.8824e-09  8.7798e-09 -4.7863e-07 -6.9683e-07  1.0213e-06  1.4150e-06
  1.8050e+02 -1.5792e-04 -1.7809e-04 -1.4640e-04  0.0000e+00  4.2712e-07 -1.5673e-04  3.3598e-07  1.2802e-08 -3.5373e-09  9.7442e-09 -4.6097e-07 -7.3721e-07  9.7931e-07  1.3803e-06
  1.8150e+02 -1.5559e-04 -1.7001e-04 -1.4438e-04  0.0000e+00  3.6695e-07 -1.5281e-04  3.6742e-07  1.2249e-08 -4.0416e-09  1.0296e-08 -4.4370e-07 -7.7142e-07  9.3707e-07  1.3469e-06
  1.8250e+02 -1.5326e-04 -1.6105e-04 -1.4239e-04  0.0000e+00  3.1294e-07 -1.4851e-04  3.9294e-07  1.1646e-08 -4.3757e-09  1.0438e-08 -4.2742e-07 -7.9759e-07  8.9487e-07  1.3148e-06
  1.8350e+02 -1.5095e-04 -1.5172e-04 -1.4042e-04  0.0000e+00  2.6704e-07 -1.4390e-04  4.1151e-07  1.1008e-08 -4.5357e-09  1.0185e-08 -4.1265e-07 -8.1442e-07  8.5301e-07  1.2838e-06
  1.8450e+02 -1.4865e-04 -1.4250e-04 -1.3849e-04  0.0000e+00  2.3057e-07 -1.3908e-04  4.2243e-07  1.0347e-08 -4.5673e-09  9.5709e-09 -3.9978e-07 -8.2120e-07  8.1183e-07  1.2539e-06
  1.8550e+02 -1.4638e-04 -1.3374e-04 -1.3659e-04  0.0000e+00  2.0422e-07 -1.3413e-04  4.2533e-07  9.6780e-09 -4.4802e-09  8.6432e-09 -3.8907e-07 -8.1784e-07  7.7168e-07  1.2249e-06
  1.8650e+02 -1.4415e-04 -1.2552e-04 -1.3472e-04  0.0000e+00  1.8806e-07 -1.2915e-04  4.2024e-07  9.0150e-09 -4.3036e-09  7.4637e-09 -3.8065e-07 -8.0476e-07  7.3288e-07  1.1968e-06
  1.8750e+02 -1.4195e-04 -1.1783e-04 -1.3288e-04  0.0000e+00  1.8164e-07 -1.2425e-04  4.0749e-07  8.3716e-09 -4.0434e-09  6.1045e-09 -3.7451e-07 -7.8284e-07  6.9573e-07  1.1694e-06
  1.8850e+02 -1.3980e-04 -1.1069e-04 -1.3107e-04  0.0000e+00  1.8401e-07 -1.1953e-04  3.8771e-07  7.7598e-09 -3.7272e-09  4.6449e-09 -3.7054e-07 -7.5326e-07  6.6048e-07  1.1426e-06
  1.8950e+02 -1.3770e-04 -1.0409e-04 -1.2929e-04  0.0000e+00  1.9393e-07 -1.1507e-04  3.6180e-07  7.1903e-09 -3.4002e-09  3.1668e-09 -3.6855e-07 -7.1746e-07  6.2731e-07  1.1163e-06
  1.9050e+02 -1.3565e-04 -9.8033e-05 -1.2753e-04  0.0000e+00  2.0991e-07 -1.1095e-04  3.3085e-07  6.6715e-09 -3.0877e-09  1.7501e-09 -3.6826e-07 -6.7697e-07  5.9635e-07  1.0904e-06
  1.9150e+02 -1.3365e-04 -9.2540e-05 -1.2580e-04  0.0000e+00  2.3039e-07 -1.0724e-04  2.9610e-07  6.2098e-09 -2.8127e-09  4.6837e-10 -3.6936e-07 -6.3335e-07  5.6765e-07  1.0649e-06
  1.9250e+02 -1.3172e-04 -8.7698e-05 -1.2409e-04  0.0000e+00  2.5378e-07 -1.0399e-04  2.5892e-07  5.8091e-09 -2.6099e-09 -6.1535e-10 -3.7148e-07 -5.8813e-07  5.4121e-07  1.0397e-06
  1.9350e+02 -1.2984e-04 -8.3671e-05 -1.2240e-04  0.0000e+00  2.7857e-07 -1.0121e-04  2.2071e-07  5.4711e-09 -2.4900e-09 -1.4522e-09 -3.7429e-07 -5.4277e-07  5.1699e-07  1.0147e-06
  1.9450e+02 -1.2802e-04 -8.0619e-05 -1.2074e-04  0.0000e+00  3.0340e-07 -9.8938e-05  1.8290e-07  5.1951e-09 -2.4356e-09 -2.0098e-09 -3.7740e-07 -4.9861e-07  4.9489e-07  9.9000e-07
  1.9550e+02 -1.2626e-04 -7.8698e-05 -1.1910e-04  0.0000e+00  3.2704e-07 -9.7143e-05  1.4685e-07  4.9786e-09 -2.4497e-09 -2.2742e-09 -3.8049e-07 -4.5686e-07  4.7477e-07  9.6552e-07
  1.9650e+02 -1.2455e-04 -7.8055e-05 -1.1748e-04  0.0000e+00  3.4846e-07 -9.5801e-05  1.1388e-07  4.8167e-09 -2.5535e-09 -2.2503e-09 -3.8321e-07 -4.1864e-07  4.5647e-07  9.4130e-07
  1.9750e+02 -1.2289e-04 -7.8849e-05 -1.1589e-04  0.0000e+00  3.6680e-07 -9.4860e-05  8.5128e-08  4.7032e-09 -2.7371e-09 -1.9609e-09 -3.8527e-07 -3.8489e-07  4.3981e-07  9.1735e-07
  1.9850e+02 -1.2128e-04 -8.1133e-05 -1.1431e-04  0.0000e+00  3.8136e-07 -9.4254e-05  6.1581e-08  4.6300e-09 -2.9726e-09 -1.4448e-09 -3.8638e-07 -3.5641e-07  4.2457e-07  8.9374e-07
  1.9950e+02 -1.1970e-04 -8.4607e-05 -1.1276e-04  0.0000e+00  3.9161e-07 -9.3900e-05  4.3979e-08  4.5883e-09 -3.2304e-09 -7.5463e-10 -3.8628e-07 -3.3381e-07  4.1054e-07  8.7051e-07
  2.0050e+02 -1.1816e-04 -8.8897e-05 -1.1123e-04  0.0000e+00  3.9713e-07 -9.3706e-05  3.2796e-08  4.5684e-09 -3.4901e-09  4.7372e-11 -3.8476e-07 -3.1752e-07  3.9750e-07  8.4774e-07
  2.0150e+02 -1.1664e-04 -9.3645e-05 -1.0972e-04  0.0000e+00  3.9764e-07 -9.3573e-05  2.8198e-08  4.5602e-09 -3.7285e-09  8.9272e-10 -3.8162e-07 -3.0769e-07  3.8524e-07  8.2549e-07
  2.0250e+02 -1.1514e-04 -9.8506e-05 -1.0823e-04  0.0000e+00  3.9294e-07 -9.3400e-05  3.0025e-08  4.5539e-09 -3.9220e-09  1.7113e-09 -3.7670e-07 -3.0423e-07  3.7354e-07  8.0383e-07
  2.0350e+02 -1.1365e-04 -1.0315e-04 -1.0677e-04  0.0000e+00  3.8297e-07 -9.3090e-05  3.7788e-08  4.5401e-09 -4.0524e-09  2.4353e-09 -3.6986e-07 -3.0674e-07  3.6221e-07  7.8283e-07
  2.0450e+02 -1.1217e-04 -1.0725e-04 -1.0533e-04  0.0000e+00  3.6773e-07 -9.2558e-05  5.0682e-08  4.5109e-09 -4.1085e-09  3.0034e-09 -3.6104e-07 -3.1453e-07  3.5108e-07  7.6255e-07
  2.0550e+02 -1.1069e-04 -1.1051e-04 -1.0391e-04  0.0000e+00  3.4736e-07 -9.1730e-05  6.7620e-08  4.4594e-09 -4.0647e-09  3.3640e-09 -3.5019e-07 -3.2660e-07  3.3999e-07  7.4303e-07
  2.0650e+02 -1.0920e-04 -1.1259e-04 -1.0252e-04  0.0000e+00  3.2212e-07 -9.0555e-05  8.7290e-08  4.3809e-09 -3.8856e-09  3.4778e-09 -3.3734e-07 -3.4172e-07  3.2884e-07  7.2430e-07
  2.0750e+02 -1.0770e-04 -1.1320e-04 -1.0115e-04  0.0000e+00  2.9242e-07 -8.9002e-05  1.0823e-07  4.2725e-09 -3.5872e-09  3.3201e-09 -3.2260e-07 -3.5842e-07  3.1755e-07  7.0638e-07
  2.0850e+02 -1.0619e-04 -1.1203e-04 -9.9793e-05  0.0000e+00  2.5881e-07 -8.7067e-05  1.2891e-07  4.1338e-09 -3.1798e-09  2.8819e-09 -3.0614e-07 -3.7513e-07  3.0609e-07  6.8925e-07
  2.0950e+02 -1.0468e-04 -1.0878e-04 -9.8459e-05  0.0000e+00  2.2205e-07 -8.4773e-05  1.4784e-07  3.9664e-09 -2.6845e-09  2.1696e-09 -2.8823e-07 -3.9024e-07  2.9445e-07  6.7288e-07
  2.1050e+02 -1.0316e-04 -1.0320e-04 -9.7143e-05  0.0000e+00  1.8305e-07 -8.2165e-05  1.6367e-07  3.7738e-09 -2.0954e-09  1.2051e-09 -2.6923e-07 -4.0220e-07  2.8270e-07  6.5722e-07
  2.1150e+02 -1.0163e-04 -9.5166e-05 -9.5843e-05  0.0000e+00  1.4290e-07 -7.9311e-05  1.7527e-07  3.5615e-09 -1.4341e-09  2.4377e-11 -2.4957e-07 -4.0965e-07  2.7092e-07  6.4221e-07
  2.1250e+02 -1.0011e-04 -8.5244e-05 -9.4559e-05  0.0000e+00  1.0285e-07 -7.6296e-05  1.8182e-07  3.3361e-09 -7.2603e-10 -1.3245e-09 -2.2977e-07 -4.1153e-07  2.5921e-07  6.2777e-07
  2.1350e+02 -9.8602e-05 -7.4329e-05 -9.3287e-05  0.0000e+00  6.4226e-08 -7.3217e-05  1.8287e-07  3.1050e-09 -4.4958e-12 -2.7833e-09 -2.1042e-07 -4.0714e-07  2.4770e-07  6.1380e-07
  2.1450e+02 -9.7105e-05 -6.3286e-05 -9.2027e-05  0.0000e+00  2.8406e-08 -7.0175e-05  1.7840e-07  2.8758e-09  7.0851e-10 -4.2867e-09 -1.9211e-07 -3.9625e-07  2.3655e-07  6.0023e-07
  2.1550e+02 -9.5630e-05 -5.2947e-05 -9.0778e-05  0.0000e+00 -3.2691e-09 -6.7265e-05  1.6876e-07  2.6560e-09  1.3786e-09 -5.7650e-09 -1.7545e-07 -3.7909e-07  2.2590e-07  5.8697e-07
  2.1650e+02 -9.4181e-05 -4.4114e-05 -8.9538e-05  0.0000e+00 -2.9579e-08 -6.4575e-05  1.5470e-07  2.4520e-09  1.9767e-09 -7.1471e-09 -1.6099e-07 -3.5642e-07  2.1587e-07  5.7393e-07
  2.1750e+02 -9.2763e-05 -3.7555e-05 -8.8305e-05  0.0000e+00 -4.9508e-08 -6.2172e-05  1.3727e-07  2.2690e-09  2.4819e-09 -8.3639e-09 -1.4921e-07 -3.2942e-07  2.0657e-07  5.6106e-07
  2.1850e+02 -9.1378e-05 -3.3700e-05 -8.7077e-05  0.0000e+00 -6.2314e-08 -6.0104e-05  1.1777e-07  2.1106e-09  2.9061e-09 -9.3507e-09 -1.4046e-07 -2.9965e-07  1.9808e-07  5.4830e-07
  2.1950e+02 -9.0028e-05 -3.2341e-05 -8.5855e-05  0.0000e+00 -6.7587e-08 -5.8390e-05  9.7639e-08  1.9788e-09  3.2094e-09 -1.0051e-08 -1.3498e-07 -2.6892e-07  1.9043e-07  5.3564e-07
  2.2050e+02 -8.8710e-05 -3.3213e-05 -8.4637e-05  0.0000e+00 -6.5279e-08 -5.7021e-05  7.8301e-08  1.8734e-09  3.3673e-09 -1.0418e-08 -1.3281e-07 -2.3917e-07  1.8361e-07  5.2305e-07
  2.2150e+02 -8.7422e-05 -3.5979e-05 -8.3423e-05  0.0000e+00 -5.5703e-08 -5.5963e-05  6.1104e-08  1.7928e-09  3.3847e-09 -1.0417e-08 -1.3387e-07 -2.1229e-07  1.7759e-07  5.1057e-07
  2.2250e+02 -8.6160e-05 -4.0355e-05 -8.2212e-05  0.0000e+00 -3.9503e-08 -5.5155e-05  4.7183e-08  1.7336e-09  3.2552e-09 -1.0029e-08 -1.3789e-07 -1.8998e-07  1.7226e-07  4.9821e-07
  2.2350e+02 -8.4916e-05 -4.6070e-05 -8.1005e-05  0.0000e+00 -1.7602e-08 -5.4520e-05  3.7380e-08  1.6913e-09  2.9886e-09 -9.2477e-09 -1.4452e-07 -1.7358e-07  1.6750e-07  4.8603e-07
  2.2450e+02 -8.3686e-05 -5.2825e-05 -7.9802e-05  0.0000e+00  8.8763e-09 -5.3964e-05  3.2179e-08  1.6607e-09  2.5810e-09 -8.0847e-09 -1.5326e-07 -1.6395e-07  1.6318e-07  4.7408e-07
  2.2550e+02 -8.2463e-05 -6.0030e-05 -7.8604e-05  0.0000e+00  3.8681e-08 -5.3393e-05  3.1675e-08  1.6363e-09  2.0403e-09 -6.5663e-09 -1.6359e-07 -1.6139e-07  1.5913e-07  4.6242e-07
  2.2650e+02 -8.1239e-05 -6.6894e-05 -7.7413e-05  0.0000e+00  7.0517e-08 -5.2712e-05  3.5571e-08  1.6125e-09  1.3784e-09 -4.7334e-09 -1.7495e-07 -1.6562e-07  1.5519e-07  4.5110e-07
  2.2750e+02 -8.0010e-05 -7.2651e-05 -7.6229e-05  0.0000e+00  1.0311e-07 -5.1841e-05  4.3214e-08  1.5846e-09  6.1410e-10 -2.6402e-09 -1.8677e-07 -1.7578e-07  1.5121e-07  4.4019e-07
  2.2850e+02 -7.8772e-05 -7.6556e-05 -7.5055e-05  0.0000e+00  1.3524e-07 -5.0715e-05  5.3657e-08  1.5486e-09 -2.3673e-10 -3.5181e-10 -1.9850e-07 -1.9049e-07  1.4709e-07  4.2970e-07
  2.2950e+02 -7.7523e-05 -7.7893e-05 -7.3891e-05  0.0000e+00  1.6581e-07 -4.9295e-05  6.5744e-08  1.5018e-09 -1.1407e-09  2.0583e-09 -2.0964e-07 -2.0802e-07  1.4271e-07  4.1968e-07
