# Contributions to xi_real.
# Order is r [Mpc/h], xi_L, 1, b1, b2, b1^2, b1.b2, b2^2, Aeft, d2xiLin, bs, b1.bs, b2.bs, bs^2
  5.0000e-01  1.3547e+00  4.1002e+00  3.1646e-01  0.0000e+00  3.3873e+00  9.7127e+00  7.1686e+00  6.2476e+00 -2.9862e+00  8.4385e-01 -2.4552e+00 -1.9875e+00  9.2156e+00  1.6958e+01
  1.5000e+00  1.3530e+00  1.4709e+00  1.3772e+00  0.0000e+00  1.4043e+00  3.7501e+00  1.9836e+00  1.0958e+00 -2.9124e-01  3.2155e-01 -6.1553e-01 -5.6205e-01  3.5298e+00  6.3596e+00
  2.5000e+00  1.0811e+00  8.6796e-01  1.0453e+00  0.0000e+00  4.7708e-01  1.6017e+00  7.1020e-01  3.6775e-01 -1.9592e-02  1.1542e-01 -1.4856e-01 -1.3850e-01  1.2878e+00  2.2158e+00
  3.5000e+00  7.2071e-01  5.9929e-01  6.8437e-01  0.0000e+00  1.4533e-01  8.1412e-01  2.9086e-01  1.6918e-01  4.6397e-03  3.4856e-02 -3.4908e-02 -2.9860e-02  4.1346e-01  6.2001e-01
  4.5000e+00  4.9670e-01  4.4120e-01  4.6376e-01  0.0000e+00  3.9092e-02  4.9744e-01  1.2886e-01  9.1603e-02  3.6205e-03  2.5836e-03 -9.6298e-03 -6.6958e-03  6.4553e-02 -3.1506e-04
  5.5000e+00  3.6388e-01  3.3624e-01  3.3636e-01  0.0000e+00  1.0045e-02  3.5124e-01  5.8104e-02  5.4427e-02  2.0201e-03 -8.2186e-03 -5.4064e-03 -4.6155e-03 -5.1697e-02 -1.9035e-01
  6.5000e+00  2.8058e-01  2.6325e-01  2.5808e-01  0.0000e+00  4.7415e-03  2.7091e-01  2.5205e-02  3.4327e-02  1.2299e-03 -9.2391e-03 -5.1622e-03 -5.8560e-03 -6.2963e-02 -1.8852e-01
  7.5000e+00  2.2411e-01  2.1053e-01  2.0577e-01  0.0000e+00  4.6685e-03  2.1803e-01  9.7371e-03  2.2600e-02  8.3756e-04 -6.5879e-03 -4.7101e-03 -6.0039e-03 -3.5801e-02 -1.1947e-01
  8.5000e+00  1.8333e-01  1.7204e-01  1.6823e-01  0.0000e+00  4.2707e-03  1.7826e-01  2.6189e-03  1.5390e-02  6.0791e-04 -3.4295e-03 -3.5107e-03 -4.7516e-03 -4.3909e-03 -4.6970e-02
  9.5000e+00  1.5251e-01  1.4304e-01  1.3990e-01  0.0000e+00  2.7637e-03  1.4649e-01 -5.2953e-04  1.0777e-02  4.5311e-04 -1.1080e-03 -1.9926e-03 -2.8686e-03  1.7088e-02  3.0331e-03
  1.0500e+01  1.2850e-01  1.2069e-01  1.1780e-01  0.0000e+00  7.9794e-04  1.2094e-01 -1.8554e-03  7.7289e-03  3.4232e-04  1.0398e-04 -6.3803e-04 -1.1021e-03  2.6161e-02  2.6756e-02
  1.1500e+01  1.0942e-01  1.0295e-01  1.0022e-01  0.0000e+00 -9.0193e-04  1.0071e-01 -2.3794e-03  5.6568e-03  2.6299e-04  4.5005e-04  2.9365e-04  1.4712e-04  2.5910e-02  3.0854e-02
  1.2500e+01  9.4045e-02  8.8597e-02  8.6066e-02  0.0000e+00 -1.9681e-03  8.4971e-02 -2.5569e-03  4.2133e-03  2.0744e-04  3.1729e-04  7.7246e-04  8.1054e-04  2.0845e-02  2.4534e-02
  1.3500e+01  8.1507e-02  7.6817e-02  7.4546e-02  0.0000e+00 -2.3865e-03  7.2781e-02 -2.5759e-03  3.1856e-03  1.6905e-04  3.2676e-05  9.0660e-04  1.0180e-03  1.4679e-02  1.5301e-02
  1.4500e+01  7.1172e-02  6.7004e-02  6.5075e-02  0.0000e+00 -2.3416e-03  6.3234e-02 -2.5094e-03  2.4398e-03  1.4203e-04 -2.0914e-04  8.4504e-04  9.6132e-04  9.5548e-03  7.5275e-03
  1.5500e+01  6.2558e-02  5.8806e-02  5.7198e-02  0.0000e+00 -2.0619e-03  5.5558e-02 -2.3885e-03  1.8898e-03  1.2193e-04 -3.3663e-04  7.1308e-04  8.0513e-04  6.1959e-03  2.7552e-03
  1.6500e+01  5.5299e-02  5.1866e-02  5.0571e-02  0.0000e+00 -1.7261e-03  4.9189e-02 -2.2320e-03  1.4782e-03  1.0582e-04 -3.5764e-04  5.8696e-04  6.5124e-04  4.4197e-03  7.2940e-04
  1.7500e+01  4.9120e-02  4.5981e-02  4.4932e-02  0.0000e+00 -1.4335e-03  4.3758e-02 -2.0551e-03  1.1665e-03  9.2101e-05 -3.1328e-04  4.9684e-04  5.4121e-04  3.6770e-03  4.5458e-04
  1.8500e+01  4.3813e-02  4.0935e-02  4.0088e-02  0.0000e+00 -1.2152e-03  3.9048e-02 -1.8710e-03  9.2777e-04  8.0122e-05 -2.4585e-04  4.4264e-04  4.7671e-04  3.4205e-03  9.2090e-04
  1.9500e+01  3.9222e-02  3.6583e-02  3.5896e-02  0.0000e+00 -1.0619e-03  3.4934e-02 -1.6900e-03  7.4323e-04  6.9646e-05 -1.8363e-04  4.1130e-04  4.4178e-04  3.2786e-03  1.4468e-03
  2.0500e+01  3.5229e-02  3.2811e-02  3.2246e-02  0.0000e+00 -9.5017e-04  3.1337e-02 -1.5186e-03  5.9931e-04  6.0630e-05 -1.3866e-04  3.8891e-04  4.1873e-04  3.0775e-03  1.7262e-03
  2.1500e+01  3.1737e-02  2.9514e-02  2.9056e-02  0.0000e+00 -8.5867e-04  2.8194e-02 -1.3606e-03  4.8617e-04  5.2977e-05 -1.1129e-04  3.6638e-04  3.9577e-04  2.7869e-03  1.7246e-03
  2.2500e+01  2.8673e-02  2.6632e-02  2.6254e-02  0.0000e+00 -7.7457e-04  2.5447e-02 -1.2173e-03  3.9658e-04  4.6536e-05 -9.6289e-05  3.4034e-04  3.6830e-04  2.4463e-03  1.5385e-03
  2.3500e+01  2.5972e-02  2.4091e-02  2.3786e-02  0.0000e+00 -6.9336e-04  2.3041e-02 -1.0884e-03  3.2516e-04  4.1118e-05 -8.7639e-05  3.1131e-04  3.3678e-04  2.1088e-03  1.2869e-03
  2.4500e+01  2.3584e-02  2.1849e-02  2.1602e-02  0.0000e+00 -6.1555e-04  2.0922e-02 -9.7317e-04  2.6786e-04  3.6514e-05 -8.1017e-05  2.8148e-04  3.0385e-04  1.8113e-03  1.0540e-03
  2.5500e+01  2.1463e-02  1.9860e-02  1.9664e-02  0.0000e+00 -5.4338e-04  1.9047e-02 -8.7029e-04  2.2162e-04  3.2559e-05 -7.4312e-05  2.5300e-04  2.7219e-04  1.5678e-03  8.7645e-04
  2.6500e+01  1.9574e-02  1.8091e-02  1.7936e-02  0.0000e+00 -4.7869e-04  1.7379e-02 -7.7856e-04  1.8412e-04  2.9119e-05 -6.7096e-05  2.2715e-04  2.4347e-04  1.3743e-03  7.5525e-04
  2.7500e+01  1.7886e-02  1.6514e-02  1.6392e-02  0.0000e+00 -4.2208e-04  1.5887e-02 -6.9680e-04  1.5354e-04  2.6098e-05 -5.9773e-05  2.0432e-04  2.1820e-04  1.2193e-03  6.7415e-04
  2.8500e+01  1.6373e-02  1.5099e-02  1.5008e-02  0.0000e+00 -3.7311e-04  1.4549e-02 -6.2398e-04  1.2850e-04  2.3435e-05 -5.2907e-05  1.8428e-04  1.9615e-04  1.0903e-03  6.1461e-04
  2.9500e+01  1.5012e-02  1.3832e-02  1.3763e-02  0.0000e+00 -3.3071e-04  1.3345e-02 -5.5913e-04  1.0790e-04  2.1085e-05 -4.6862e-05  1.6654e-04  1.7675e-04  9.7849e-04  5.6359e-04
  3.0500e+01  1.3786e-02  1.2689e-02  1.2641e-02  0.0000e+00 -2.9374e-04  1.2260e-02 -5.0140e-04  9.0889e-05  1.9006e-05 -4.1734e-05  1.5065e-04  1.5943e-04  8.7875e-04  5.1495e-04
  3.1500e+01  1.2679e-02  1.1660e-02  1.1628e-02  0.0000e+00 -2.6123e-04  1.1279e-02 -4.5000e-04  7.6783e-05  1.7169e-05 -3.7424e-05  1.3627e-04  1.4379e-04  7.8898e-04  4.6765e-04
  3.2500e+01  1.1676e-02  1.0729e-02  1.0710e-02  0.0000e+00 -2.3244e-04  1.0392e-02 -4.0423e-04  6.5046e-05  1.5543e-05 -3.3752e-05  1.2319e-04  1.2959e-04  7.0850e-04  4.2291e-04
  3.3500e+01  1.0767e-02  9.8864e-03  9.8776e-03  0.0000e+00 -2.0689e-04  9.5873e-03 -3.6344e-04  5.5247e-05  1.4098e-05 -3.0553e-05  1.1131e-04  1.1670e-04  6.3696e-04  3.8219e-04
  3.4500e+01  9.9407e-03  9.1217e-03  9.1209e-03  0.0000e+00 -1.8420e-04  8.8557e-03 -3.2707e-04  4.7039e-05  1.2808e-05 -2.7707e-05  1.0054e-04  1.0504e-04  5.7380e-04  3.4619e-04
  3.5500e+01  9.1883e-03  8.4253e-03  8.4318e-03  0.0000e+00 -1.6407e-04  8.1894e-03 -2.9462e-04  4.0144e-05  1.1656e-05 -2.5148e-05  9.0827e-05  9.4529e-05  5.1816e-04  3.1480e-04
  3.6500e+01  8.5021e-03  7.7916e-03  7.8032e-03  0.0000e+00 -1.4625e-04  7.5814e-03 -2.6564e-04  3.4335e-05  1.0627e-05 -2.2841e-05  8.2075e-05  8.5086e-05  4.6905e-04  2.8736e-04
  3.7500e+01  7.8752e-03  7.2121e-03  7.2288e-03  0.0000e+00 -1.3045e-04  7.0257e-03 -2.3974e-04  2.9427e-05  9.7036e-06 -2.0767e-05  7.4194e-05  7.6608e-05  4.2550e-04  2.6311e-04
  3.8500e+01  7.3015e-03  6.6827e-03  6.7030e-03  0.0000e+00 -1.1644e-04  6.5169e-03 -2.1656e-04  2.5271e-05  8.8709e-06 -1.8909e-05  6.7096e-05  6.8991e-05  3.8666e-04  2.4138e-04
  3.9500e+01  6.7758e-03  6.1978e-03  6.2211e-03  0.0000e+00 -1.0401e-04  6.0504e-03 -1.9581e-04  2.1741e-05  8.1206e-06 -1.7247e-05  6.0692e-05  6.2139e-05  3.5189e-04  2.2175e-04
  4.0500e+01  6.2933e-03  5.7532e-03  5.7788e-03  0.0000e+00 -9.2956e-05  5.6221e-03 -1.7720e-04  1.8738e-05  7.4450e-06 -1.5759e-05  5.4910e-05  5.5970e-05  3.2069e-04  2.0392e-04
  4.1500e+01  5.8500e-03  5.3454e-03  5.3723e-03  0.0000e+00 -8.3131e-05  5.2284e-03 -1.6051e-04  1.6176e-05  6.8345e-06 -1.4423e-05  4.9684e-05  5.0412e-05  2.9263e-04  1.8774e-04
  4.2500e+01  5.4420e-03  4.9701e-03  4.9982e-03  0.0000e+00 -7.4391e-05  4.8658e-03 -1.4552e-04  1.3986e-05  6.2795e-06 -1.3218e-05  4.4960e-05  4.5401e-05  2.6739e-04  1.7306e-04
  4.3500e+01  5.0661e-03  4.6252e-03  4.6535e-03  0.0000e+00 -6.6614e-05  4.5316e-03 -1.3204e-04  1.2111e-05  5.7765e-06 -1.2128e-05  4.0688e-05  4.0883e-05  2.4465e-04  1.5974e-04
  4.4500e+01  4.7194e-03  4.3068e-03  4.3354e-03  0.0000e+00 -5.9693e-05  4.2232e-03 -1.1992e-04  1.0502e-05  5.3204e-06 -1.1141e-05  3.6824e-05  3.6811e-05  2.2414e-04  1.4767e-04
  4.5500e+01  4.3993e-03  4.0132e-03  4.0417e-03  0.0000e+00 -5.3530e-05  3.9383e-03 -1.0900e-04  9.1191e-06  4.9043e-06 -1.0244e-05  3.3329e-05  3.3139e-05  2.0561e-04  1.3669e-04
  4.6500e+01  4.1033e-03  3.7418e-03  3.7701e-03  0.0000e+00 -4.8036e-05  3.6747e-03 -9.9164e-05  7.9281e-06  4.5252e-06 -9.4297e-06  3.0167e-05  2.9827e-05  1.8884e-04  1.2669e-04
  4.7500e+01  3.8294e-03  3.4906e-03  3.5188e-03  0.0000e+00 -4.3130e-05  3.4306e-03 -9.0289e-05  6.9007e-06  4.1799e-06 -8.6885e-06  2.7304e-05  2.6840e-05  1.7364e-04  1.1756e-04
  4.8500e+01  3.5757e-03  3.2582e-03  3.2860e-03  0.0000e+00 -3.8742e-05  3.2044e-03 -8.2276e-05  6.0131e-06  3.8635e-06 -8.0131e-06  2.4711e-05  2.4143e-05  1.5983e-04  1.0921e-04
  4.9500e+01  3.3404e-03  3.0426e-03  3.0700e-03  0.0000e+00 -3.4812e-05  2.9945e-03 -7.5035e-05  5.2451e-06  3.5730e-06 -7.3965e-06  2.2363e-05  2.1708e-05  1.4729e-04  1.0155e-04
  5.0500e+01  3.1221e-03  2.8429e-03  2.8695e-03  0.0000e+00 -3.1286e-05  2.7996e-03 -6.8487e-05  4.5796e-06  3.3070e-06 -6.8325e-06  2.0234e-05  1.9509e-05  1.3587e-04  9.4530e-05
  5.1500e+01  2.9192e-03  2.6572e-03  2.6833e-03  0.0000e+00 -2.8120e-05  2.6185e-03 -6.2560e-05  4.0021e-06  3.0622e-06 -6.3154e-06  1.8306e-05  1.7523e-05  1.2547e-04  8.8081e-05
  5.2500e+01  2.7305e-03  2.4850e-03  2.5100e-03  0.0000e+00 -2.5277e-05  2.4500e-03 -5.7193e-05  3.5004e-06  2.8360e-06 -5.8403e-06  1.6557e-05  1.5728e-05  1.1598e-04  8.2151e-05
  5.3500e+01  2.5549e-03  2.3247e-03  2.3488e-03  0.0000e+00 -2.2723e-05  2.2931e-03 -5.2329e-05  3.0638e-06  2.6274e-06 -5.4028e-06  1.4972e-05  1.4105e-05  1.0731e-04  7.6693e-05
  5.4500e+01  2.3914e-03  2.1755e-03  2.1986e-03  0.0000e+00 -2.0430e-05  2.1468e-03 -4.7918e-05  2.6836e-06  2.4340e-06 -4.9991e-06  1.3535e-05  1.2639e-05  9.9386e-05  7.1662e-05
  5.5500e+01  2.2389e-03  2.0365e-03  2.0585e-03  0.0000e+00 -1.8372e-05  2.0104e-03 -4.3915e-05  2.3520e-06  2.2547e-06 -4.6259e-06  1.2232e-05  1.1314e-05  9.2129e-05  6.7020e-05
  5.6500e+01  2.0965e-03  1.9067e-03  1.9278e-03  0.0000e+00 -1.6526e-05  1.8830e-03 -4.0282e-05  2.0624e-06  2.0886e-06 -4.2803e-06  1.1051e-05  1.0118e-05  8.5478e-05  6.2731e-05
  5.7500e+01  1.9635e-03  1.7855e-03  1.8056e-03  0.0000e+00 -1.4869e-05  1.7639e-03 -3.6982e-05  1.8093e-06  1.9336e-06 -3.9595e-06  9.9799e-06  9.0383e-06  7.9375e-05  5.8765e-05
  5.8500e+01  1.8392e-03  1.6721e-03  1.6914e-03  0.0000e+00 -1.3381e-05  1.6525e-03 -3.3984e-05  1.5879e-06  1.7893e-06 -3.6613e-06  9.0098e-06  8.0646e-06  7.3770e-05  5.5092e-05
  5.9500e+01  1.7229e-03  1.5662e-03  1.5845e-03  0.0000e+00 -1.2043e-05  1.5481e-03 -3.1258e-05  1.3939e-06  1.6548e-06 -3.3836e-06  8.1309e-06  7.1875e-06  6.8616e-05  5.1689e-05
  6.0500e+01  1.6139e-03  1.4671e-03  1.4843e-03  0.0000e+00 -1.0840e-05  1.4503e-03 -2.8780e-05  1.2238e-06  1.5289e-06 -3.1249e-06  7.3354e-06  6.3980e-06  6.3875e-05  4.8532e-05
  6.1500e+01  1.5116e-03  1.3744e-03  1.3904e-03  0.0000e+00 -9.7569e-06  1.3586e-03 -2.6526e-05  1.0745e-06  1.4114e-06 -2.8840e-06  6.6154e-06  5.6883e-06  5.9509e-05  4.5600e-05
  6.2500e+01  1.4156e-03  1.2875e-03  1.3022e-03  0.0000e+00 -8.7806e-06  1.2724e-03 -2.4475e-05  9.4336e-07  1.3022e-06 -2.6601e-06  5.9642e-06  5.0507e-06  5.5486e-05  4.2876e-05
  6.3500e+01  1.3254e-03  1.2058e-03  1.2192e-03  0.0000e+00 -7.9008e-06  1.1913e-03 -2.2608e-05  8.2804e-07  1.2008e-06 -2.4528e-06  5.3758e-06  4.4782e-06  5.1776e-05  4.0341e-05
  6.4500e+01  1.2405e-03  1.1290e-03  1.1412e-03  0.0000e+00 -7.1080e-06  1.1149e-03 -2.0907e-05  7.2656e-07  1.1074e-06 -2.2623e-06  4.8442e-06  3.9644e-06  4.8353e-05  3.7982e-05
  6.5500e+01  1.1606e-03  1.0566e-03  1.0677e-03  0.0000e+00 -6.3943e-06  1.0429e-03 -1.9357e-05  6.3718e-07  1.0224e-06 -2.0894e-06  4.3641e-06  3.5034e-06  4.5192e-05  3.5783e-05
  6.6500e+01  1.0851e-03  9.8825e-04  9.9838e-04  0.0000e+00 -5.7523e-06  9.7491e-04 -1.7942e-05  5.5839e-07  9.4619e-07 -1.9350e-06  3.9309e-06  3.0897e-06  4.2270e-05  3.3733e-05
  6.7500e+01  1.0139e-03  9.2370e-04  9.3293e-04  0.0000e+00 -5.1753e-06  9.1063e-04 -1.6649e-05  4.8891e-07  8.7988e-07 -1.8010e-06  3.5397e-06  2.7184e-06  3.9567e-05  3.1820e-05
  6.8500e+01  9.4658e-04  8.6269e-04  8.7105e-04  0.0000e+00 -4.6565e-06  8.4978e-04 -1.5463e-05  4.2760e-07  8.2451e-07 -1.6899e-06  3.1863e-06  2.3851e-06  3.7065e-05  3.0033e-05
  6.9500e+01  8.8291e-04  8.0497e-04  8.1253e-04  0.0000e+00 -4.1887e-06  7.9212e-04 -1.4371e-05  3.7348e-07  7.8147e-07 -1.6048e-06  2.8662e-06  2.0858e-06  3.4746e-05  2.8363e-05
  7.0500e+01  8.2265e-04  7.5024e-04  7.5716e-04  0.0000e+00 -3.7644e-06  7.3744e-04 -1.3362e-05  3.2572e-07  7.5271e-07 -1.5493e-06  2.5753e-06  1.8167e-06  3.2595e-05  2.6801e-05
  7.1500e+01  7.6563e-04  6.9831e-04  7.0476e-04  0.0000e+00 -3.3752e-06  6.8555e-04 -1.2422e-05  2.8356e-07  7.4051e-07 -1.5279e-06  2.3095e-06  1.5743e-06  3.0598e-05  2.5339e-05
  7.2500e+01  7.1169e-04  6.4888e-04  6.5522e-04  0.0000e+00 -3.0114e-06  6.3634e-04 -1.1539e-05  2.4640e-07  7.4736e-07 -1.5454e-06  2.0642e-06  1.3548e-06  2.8742e-05  2.3971e-05
  7.3500e+01  6.6076e-04  6.0182e-04  6.0845e-04  0.0000e+00 -2.6629e-06  5.8973e-04 -1.0701e-05  2.1366e-07  7.7596e-07 -1.6065e-06  1.8350e-06  1.1542e-06  2.7016e-05  2.2690e-05
  7.4500e+01  6.1280e-04  5.5697e-04  5.6442e-04  0.0000e+00 -2.3184e-06  5.4567e-04 -9.8949e-06  1.8489e-07  8.2893e-07 -1.7159e-06  1.6174e-06  9.6783e-07  2.5409e-05  2.1489e-05
  7.5500e+01  5.6783e-04  5.1422e-04  5.2316e-04  0.0000e+00 -1.9663e-06  5.0420e-04 -9.1080e-06  1.5969e-07  9.0813e-07 -1.8769e-06  1.4064e-06  7.9049e-07  2.3910e-05  2.0363e-05
  7.6500e+01  5.2594e-04  4.7350e-04  4.8475e-04  0.0000e+00 -1.5954e-06  4.6541e-04 -8.3279e-06  1.3770e-07  1.0153e-06 -2.0914e-06  1.1972e-06  6.1625e-07  2.2511e-05  1.9308e-05
  7.7500e+01  4.8728e-04  4.3475e-04  4.4932e-04  0.0000e+00 -1.1952e-06  4.2946e-04 -7.5425e-06  1.1864e-07  1.1503e-06 -2.3586e-06  9.8497e-07  4.3857e-07  2.1202e-05  1.8319e-05
  7.8500e+01  4.5206e-04  3.9822e-04  4.1708e-04  0.0000e+00 -7.5657e-07  3.9658e-04 -6.7410e-06  1.0228e-07  1.3115e-06 -2.6743e-06  7.6491e-07  2.5060e-07  1.9975e-05  1.7392e-05
  7.9500e+01  4.2055e-04  3.6401e-04  3.8826e-04  0.0000e+00 -2.7315e-07  3.6706e-04 -5.9138e-06  8.8420e-08  1.4952e-06 -3.0301e-06  5.3297e-07  4.5545e-08  1.8819e-05  1.6523e-05
  8.0500e+01  3.9305e-04  3.3237e-04  3.6315e-04  0.0000e+00  2.5877e-07  3.4125e-04 -5.0539e-06  7.6907e-08  1.6946e-06 -3.4125e-06  2.8543e-07 -1.8269e-07  1.7728e-05  1.5709e-05
  8.1500e+01  3.6993e-04  3.0353e-04  3.4205e-04  0.0000e+00  8.3908e-07  3.1954e-04 -4.1574e-06  6.7632e-08  1.9006e-06 -3.8029e-06  2.0072e-08 -4.3882e-07  1.6691e-05  1.4947e-05
  8.2500e+01  3.5152e-04  2.7815e-04  3.2529e-04  0.0000e+00  1.4637e-06  3.0236e-04 -3.2246e-06  6.0516e-08  2.1009e-06 -4.1775e-06 -2.6417e-07 -7.2548e-07  1.5702e-05  1.4234e-05
  8.3500e+01  3.3816e-04  2.5685e-04  3.1317e-04  0.0000e+00  2.1241e-06  2.9010e-04 -2.2606e-06  5.5510e-08  2.2804e-06 -4.5083e-06 -5.6657e-07 -1.0425e-06  1.4754e-05  1.3567e-05
  8.4500e+01  3.3015e-04  2.4012e-04  3.0592e-04  0.0000e+00  2.8073e-06  2.8313e-04 -1.2758e-06  5.2586e-08  2.4232e-06 -4.7644e-06 -8.8415e-07 -1.3865e-06  1.3839e-05  1.2943e-05
  8.5500e+01  3.2769e-04  2.2881e-04  3.0375e-04  0.0000e+00  3.4962e-06  2.8173e-04 -2.8640e-07  5.1727e-08  2.5117e-06 -4.9140e-06 -1.2121e-06 -1.7504e-06  1.2953e-05  1.2359e-05
  8.6500e+01  3.3084e-04  2.2394e-04  3.0669e-04  0.0000e+00  4.1696e-06  2.8605e-04  6.8610e-07  5.2912e-08  2.5296e-06 -4.9272e-06 -1.5434e-06 -2.1241e-06  1.2092e-05  1.1814e-05
  8.7500e+01  3.3955e-04  2.2687e-04  3.1468e-04  0.0000e+00  4.8036e-06  2.9607e-04  1.6157e-06  5.6102e-08  2.4629e-06 -4.7790e-06 -1.8690e-06 -2.4943e-06  1.1256e-05  1.1304e-05
  8.8500e+01  3.5354e-04  2.3849e-04  3.2747e-04  0.0000e+00  5.3721e-06  3.1157e-04  2.4734e-06  6.1221e-08  2.3016e-06 -4.4521e-06 -2.1788e-06 -2.8462e-06  1.0444e-05  1.0825e-05
  8.9500e+01  3.7236e-04  2.5941e-04  3.4462e-04  0.0000e+00  5.8486e-06  3.3207e-04  3.2292e-06  6.8142e-08  2.0417e-06 -3.9396e-06 -2.4616e-06 -3.1640e-06  9.6588e-06  1.0375e-05
  9.0500e+01  3.9534e-04  2.8923e-04  3.6553e-04  0.0000e+00  6.2082e-06  3.5690e-04  3.8542e-06  7.6668e-08  1.6851e-06 -3.2469e-06 -2.7064e-06 -3.4331e-06  8.9027e-06  9.9497e-06
  9.1500e+01  4.2160e-04  3.2722e-04  3.8939e-04  0.0000e+00  6.4286e-06  3.8513e-04  4.3233e-06  8.6526e-08  1.2416e-06 -2.3925e-06 -2.9032e-06 -3.6410e-06  8.1803e-06  9.5465e-06
  9.2500e+01  4.5010e-04  3.7305e-04  4.1526e-04  0.0000e+00  6.4927e-06  4.1563e-04  4.6175e-06  9.7366e-08  7.2781e-07 -1.4075e-06 -3.0434e-06 -3.7786e-06  7.4966e-06  9.1615e-06
  9.3500e+01  4.7966e-04  4.2479e-04  4.4207e-04  0.0000e+00  6.3899e-06  4.4715e-04  4.7252e-06  1.0876e-07  1.6606e-07 -3.3391e-07 -3.1212e-06 -3.8411e-06  6.8564e-06  8.7914e-06
  9.4500e+01  5.0901e-04  4.7806e-04  4.6865e-04  0.0000e+00  6.1172e-06  4.7834e-04  4.6438e-06  1.2022e-07 -4.1625e-07  7.7832e-07 -3.1334e-06 -3.8279e-06  6.2639e-06  8.4332e-06
  9.5500e+01  5.3686e-04  5.2820e-04  4.9385e-04  0.0000e+00  5.6802e-06  5.0784e-04  4.3798e-06  1.3124e-07 -9.9016e-07  1.8749e-06 -3.0805e-06 -3.7427e-06  5.7227e-06  8.0840e-06
  9.6500e+01  5.6197e-04  5.7096e-04  5.1653e-04  0.0000e+00  5.0926e-06  5.3434e-04  3.9481e-06  1.4127e-07 -1.5262e-06  2.9017e-06 -2.9659e-06 -3.5927e-06  5.2348e-06  7.7417e-06
  9.7500e+01  5.8319e-04  6.0368e-04  5.3565e-04  0.0000e+00  4.3759e-06  5.5668e-04  3.3712e-06  1.4983e-07 -1.9974e-06  3.8088e-06 -2.7958e-06 -3.3873e-06  4.8011e-06  7.4045e-06
  9.8500e+01  5.9955e-04  6.2734e-04  5.5035e-04  0.0000e+00  3.5582e-06  5.7387e-04  2.6769e-06  1.5646e-07 -2.3819e-06  4.5548e-06 -2.5791e-06 -3.1372e-06  4.4210e-06  7.0714e-06
  9.9500e+01  6.1029e-04  6.4306e-04  5.5991e-04  0.0000e+00  2.6717e-06  5.8516e-04  1.8973e-06  1.6083e-07 -2.6635e-06  5.1091e-06 -2.3260e-06 -2.8537e-06  4.0928e-06  6.7419e-06
  1.0050e+02  6.1487e-04  6.5233e-04  5.6387e-04  0.0000e+00  1.7514e-06  5.9006e-04  1.0658e-06  1.6268e-07 -2.8334e-06  5.4542e-06 -2.0477e-06 -2.5474e-06  3.8138e-06  6.4162e-06
  1.0150e+02  6.1303e-04  6.5534e-04  5.6198e-04  0.0000e+00  8.3207e-07  5.8833e-04  2.1608e-07  1.6192e-07 -2.8903e-06  5.5860e-06 -1.7553e-06 -2.2285e-06  3.5804e-06  6.0950e-06
  1.0250e+02  6.0476e-04  6.5050e-04  5.5424e-04  0.0000e+00 -5.3522e-08  5.8001e-04 -6.2005e-07  1.5856e-07 -2.8398e-06  5.5135e-06 -1.4595e-06 -1.9059e-06  3.3887e-06  5.7792e-06
  1.0350e+02  5.9028e-04  6.3581e-04  5.4085e-04  0.0000e+00 -8.7657e-07  5.6540e-04 -1.4141e-06  1.5277e-07 -2.6934e-06  5.2566e-06 -1.1694e-06 -1.5874e-06  3.2343e-06  5.4704e-06
  1.0450e+02  5.7004e-04  6.0945e-04  5.2222e-04  0.0000e+00 -1.6137e-06  5.4496e-04 -2.1419e-06  1.4483e-07 -2.4668e-06  4.8438e-06 -8.9271e-07 -1.2796e-06  3.1127e-06  5.1699e-06
  1.0550e+02  5.4463e-04  5.7157e-04  4.9891e-04  0.0000e+00 -2.2478e-06  5.1936e-04 -2.7845e-06  1.3508e-07 -2.1792e-06  4.3091e-06 -6.3537e-07 -9.8825e-07  3.0194e-06  4.8795e-06
  1.0650e+02  5.1481e-04  5.2619e-04  4.7158e-04  0.0000e+00 -2.7683e-06  4.8937e-04 -3.3289e-06  1.2398e-07 -1.8500e-06  3.6895e-06 -4.0137e-07 -7.1760e-07  2.9500e-06  4.6007e-06
  1.0750e+02  4.8138e-04  4.7823e-04  4.4098e-04  0.0000e+00 -3.1712e-06  4.5584e-04 -3.7675e-06  1.1196e-07 -1.4990e-06  3.0212e-06 -1.9314e-07 -4.7088e-07  2.9002e-06  4.3348e-06
  1.0850e+02  4.4520e-04  4.3203e-04  4.0788e-04  0.0000e+00 -3.4579e-06  4.1964e-04 -4.0981e-06  9.9494e-08 -1.1439e-06  2.3382e-06 -1.1621e-08 -2.5011e-07  2.8659e-06  4.0830e-06
  1.0950e+02  4.0710e-04  3.9007e-04  3.7305e-04  0.0000e+00 -3.6348e-06  3.8163e-04 -4.3230e-06  8.7001e-08 -7.9949e-07  1.6700e-06  1.4346e-07 -5.6253e-08  2.8434e-06  3.8461e-06
  1.1050e+02  3.6791e-04  3.5054e-04  3.3724e-04  0.0000e+00 -3.7119e-06  3.4261e-04 -4.4486e-06  7.4860e-08 -4.7823e-07  1.0406e-06  2.7314e-07  1.1061e-07  2.8293e-06  3.6246e-06
  1.1150e+02  3.2835e-04  3.1095e-04  3.0109e-04  0.0000e+00 -3.7014e-06  3.0333e-04 -4.4837e-06  6.3382e-08 -1.8852e-07  4.6776e-07  3.7915e-07  2.5113e-07  2.8205e-06  3.4186e-06
  1.1250e+02  2.8908e-04  2.6901e-04  2.6522e-04  0.0000e+00 -3.6170e-06  2.6444e-04 -4.4391e-06  5.2803e-08  6.3943e-08 -3.6428e-08  4.6349e-07  3.6647e-07  2.8142e-06  3.2282e-06
  1.1350e+02  2.5066e-04  2.2381e-04  2.3014e-04  0.0000e+00 -3.4725e-06  2.2650e-04 -4.3268e-06  4.3289e-08  2.7653e-07 -4.6553e-07  5.2832e-07  4.5820e-07  2.8082e-06  3.0528e-06
  1.1450e+02  2.1355e-04  1.7823e-04  1.9625e-04  0.0000e+00 -3.2816e-06  1.8997e-04 -4.1592e-06  3.4932e-08  4.4914e-07 -8.1783e-07  5.7584e-07  5.2813e-07  2.8005e-06  2.8918e-06
  1.1550e+02  1.7812e-04  1.3560e-04  1.6390e-04  0.0000e+00 -3.0567e-06  1.5519e-04 -3.9486e-06  2.7765e-08  5.8313e-07 -1.0954e-06  6.0810e-07  5.7831e-07  2.7895e-06  2.7444e-06
  1.1650e+02  1.4463e-04  9.8957e-05  1.3330e-04  0.0000e+00 -2.8090e-06  1.2243e-04 -3.7068e-06  2.1767e-08  6.8190e-07 -1.3033e-06  6.2709e-07  6.1086e-07  2.7741e-06  2.6098e-06
  1.1750e+02  1.1325e-04  6.9949e-05  1.0465e-04  0.0000e+00 -2.5482e-06  9.1874e-05 -3.4442e-06  1.6878e-08  7.4905e-07 -1.4484e-06  6.3458e-07  6.2789e-07  2.7533e-06  2.4869e-06
  1.1850e+02  8.4114e-05  4.6671e-05  7.8031e-05  0.0000e+00 -2.2825e-06  6.3610e-05 -3.1701e-06  1.3007e-08  7.8904e-07 -1.5387e-06  6.3220e-07  6.3140e-07  2.7268e-06  2.3747e-06
  1.1950e+02  5.7253e-05  2.6584e-05  5.3484e-05  0.0000e+00 -2.0187e-06  3.7684e-05 -2.8920e-06  1.0044e-08  8.0637e-07 -1.5826e-06  6.2148e-07  6.2311e-07  2.6942e-06  2.2723e-06
  1.2050e+02  3.2662e-05  7.4125e-06  3.1007e-05  0.0000e+00 -1.7622e-06  1.4089e-05 -2.6155e-06  7.8676e-09  8.0514e-07 -1.5886e-06  6.0373e-07  6.0450e-07  2.6556e-06  2.1785e-06
  1.2150e+02  1.0301e-05 -1.2415e-05  1.0551e-05  0.0000e+00 -1.5171e-06 -7.2121e-06 -2.3446e-06  6.3521e-09  7.8971e-07 -1.5645e-06  5.8024e-07  5.7677e-07  2.6112e-06  2.0926e-06
  1.2250e+02 -9.9124e-06 -3.2608e-05 -7.9485e-06  0.0000e+00 -1.2867e-06 -2.6279e-05 -2.0824e-06  5.3756e-09  7.6320e-07 -1.5173e-06  5.5209e-07  5.4098e-07  2.5611e-06  2.0137e-06
  1.2350e+02 -2.8072e-05 -5.2534e-05 -2.4589e-05  0.0000e+00 -1.0730e-06 -4.3185e-05 -1.8307e-06  4.8235e-09  7.2894e-07 -1.4534e-06  5.2029e-07  4.9823e-07  2.5057e-06  1.9409e-06
  1.2450e+02 -4.4294e-05 -7.1606e-05 -3.9475e-05  0.0000e+00 -8.7744e-07 -5.8019e-05 -1.5915e-06  4.5924e-09  6.8939e-07 -1.3780e-06  4.8573e-07  4.4979e-07  2.4454e-06  1.8736e-06
  1.2550e+02 -5.8700e-05 -8.9034e-05 -5.2718e-05  0.0000e+00 -7.0038e-07 -7.0880e-05 -1.3664e-06  4.5925e-09  6.4653e-07 -1.2954e-06  4.4917e-07  3.9720e-07  2.3806e-06  1.8113e-06
  1.2650e+02 -7.1418e-05 -1.0348e-04 -6.4443e-05  0.0000e+00 -5.4172e-07 -8.1886e-05 -1.1573e-06  4.7488e-09  6.0228e-07 -1.2091e-06  4.1130e-07  3.4228e-07  2.3119e-06  1.7532e-06
  1.2750e+02 -8.2581e-05 -1.1338e-04 -7.4762e-05  0.0000e+00 -4.0077e-07 -9.1173e-05 -9.6626e-07  5.0013e-09  5.5756e-07 -1.1218e-06  3.7267e-07  2.8698e-07  2.2398e-06  1.6990e-06
  1.2850e+02 -9.2315e-05 -1.1755e-04 -8.3796e-05  0.0000e+00 -2.7645e-07 -9.8894e-05 -7.9474e-07  5.3039e-09  5.1367e-07 -1.0356e-06  3.3378e-07  2.3313e-07  2.1651e-06  1.6481e-06
  1.2950e+02 -1.0075e-04 -1.1568e-04 -9.1656e-05  0.0000e+00 -1.6741e-07 -1.0522e-04 -6.4379e-07  5.6232e-09  4.7109e-07 -9.5180e-07  2.9508e-07  1.8228e-07  2.0886e-06  1.6002e-06
  1.3050e+02 -1.0801e-04 -1.1097e-04 -9.8449e-05  0.0000e+00 -7.2228e-08 -1.1031e-04 -5.1351e-07  5.9361e-09  4.3032e-07 -8.7147e-07  2.5693e-07  1.3545e-07  2.0110e-06  1.5550e-06
  1.3150e+02 -1.1421e-04 -1.0694e-04 -1.0428e-04  0.0000e+00  1.0515e-08 -1.1435e-04 -4.0298e-07  6.2274e-09  3.9187e-07 -7.9523e-07  2.1971e-07  9.3085e-08  1.9333e-06  1.5120e-06
  1.3250e+02 -1.1946e-04 -1.0699e-04 -1.0923e-04  0.0000e+00  8.2107e-08 -1.1750e-04 -3.1037e-07  6.4880e-09  3.5565e-07 -7.2342e-07  1.8368e-07  5.5081e-08  1.8561e-06  1.4710e-06
  1.3350e+02 -1.2385e-04 -1.1274e-04 -1.1341e-04  0.0000e+00  1.4364e-07 -1.1989e-04 -2.3323e-07  6.7124e-09  3.2209e-07 -6.5622e-07  1.4914e-07  2.0941e-08  1.7801e-06  1.4317e-06
  1.3450e+02 -1.2749e-04 -1.2146e-04 -1.1688e-04  0.0000e+00  1.9602e-07 -1.2165e-04 -1.6886e-07  6.8976e-09  2.9090e-07 -5.9366e-07  1.1626e-07 -1.0019e-08  1.7058e-06  1.3940e-06
  1.3550e+02 -1.3045e-04 -1.2952e-04 -1.1972e-04  0.0000e+00  2.3996e-07 -1.2285e-04 -1.1466e-07  7.0421e-09  2.6221e-07 -5.3567e-07  8.5208e-08 -3.8470e-08  1.6335e-06  1.3577e-06
  1.3650e+02 -1.3280e-04 -1.3346e-04 -1.2200e-04  0.0000e+00  2.7608e-07 -1.2359e-04 -6.8454e-08  7.1454e-09  2.3595e-07 -4.8216e-07  5.6056e-08 -6.4922e-08  1.5634e-06  1.3226e-06
  1.3750e+02 -1.3461e-04 -1.3154e-04 -1.2378e-04  0.0000e+00  3.0493e-07 -1.2390e-04 -2.8624e-08  7.2080e-09  2.1184e-07 -4.3298e-07  2.8819e-08 -8.9661e-08  1.4956e-06  1.2887e-06
  1.3850e+02 -1.3595e-04 -1.2607e-04 -1.2512e-04  0.0000e+00  3.2709e-07 -1.2384e-04  5.8856e-09  7.2310e-09  1.9004e-07 -3.8797e-07  3.4844e-09 -1.1276e-07  1.4303e-06  1.2558e-06
  1.3950e+02 -1.3686e-04 -1.2020e-04 -1.2606e-04  0.0000e+00  3.4326e-07 -1.2345e-04  3.5668e-08  7.2169e-09  1.7012e-07 -3.4694e-07 -2.0033e-08 -1.3416e-07  1.3673e-06  1.2240e-06
  1.4050e+02 -1.3740e-04 -1.1683e-04 -1.2665e-04  0.0000e+00  3.5421e-07 -1.2277e-04  6.1000e-08  7.1689e-09  1.5220e-07 -3.0970e-07 -4.1805e-08 -1.5371e-07  1.3067e-06  1.1931e-06
  1.4150e+02 -1.3761e-04 -1.1774e-04 -1.2694e-04  0.0000e+00  3.6083e-07 -1.2184e-04  8.1994e-08  7.0910e-09  1.3597e-07 -2.7601e-07 -6.1926e-08 -1.7128e-07  1.2485e-06  1.1630e-06
  1.4250e+02 -1.3753e-04 -1.2086e-04 -1.2696e-04  0.0000e+00  3.6407e-07 -1.2070e-04  9.8724e-08  6.9880e-09  1.2130e-07 -2.4564e-07 -8.0471e-08 -1.8676e-07  1.1926e-06  1.1338e-06
  1.4350e+02 -1.3719e-04 -1.2362e-04 -1.2674e-04  0.0000e+00  3.6488e-07 -1.1940e-04  1.1131e-07  6.8648e-09  1.0822e-07 -2.1830e-07 -9.7486e-08 -2.0009e-07  1.1391e-06  1.1053e-06
  1.4450e+02 -1.3664e-04 -1.2357e-04 -1.2630e-04  0.0000e+00  3.6412e-07 -1.1798e-04  1.1995e-07  6.7266e-09  9.6274e-08 -1.9373e-07 -1.1302e-07 -2.1125e-07  1.0879e-06  1.0776e-06
  1.4550e+02 -1.3590e-04 -1.1936e-04 -1.2569e-04  0.0000e+00  3.6250e-07 -1.1647e-04  1.2501e-07  6.5785e-09  8.5666e-08 -1.7166e-07 -1.2706e-07 -2.2027e-07  1.0391e-06  1.0505e-06
  1.4650e+02 -1.3499e-04 -1.1287e-04 -1.2492e-04  0.0000e+00  3.6046e-07 -1.1493e-04  1.2696e-07  6.4250e-09  7.6015e-08 -1.5183e-07 -1.3965e-07 -2.2725e-07  9.9246e-07  1.0240e-06
  1.4750e+02 -1.3395e-04 -1.0660e-04 -1.2402e-04  0.0000e+00  3.5820e-07 -1.1337e-04  1.2642e-07  6.2699e-09  6.7339e-08 -1.3400e-07 -1.5081e-07 -2.3233e-07  9.4811e-07  9.9816e-07
  1.4850e+02 -1.3279e-04 -1.0299e-04 -1.2299e-04  0.0000e+00  3.5561e-07 -1.1183e-04  1.2414e-07  6.1163e-09  5.9532e-08 -1.1798e-07 -1.6058e-07 -2.3578e-07  9.0596e-07  9.7284e-07
  1.4950e+02 -1.3153e-04 -1.0330e-04 -1.2187e-04  0.0000e+00  3.5240e-07 -1.1031e-04  1.2091e-07  5.9660e-09  5.2374e-08 -1.0361e-07 -1.6904e-07 -2.3798e-07  8.6595e-07  9.4806e-07
  1.5050e+02 -1.3019e-04 -1.0601e-04 -1.2066e-04  0.0000e+00  3.4813e-07 -1.0883e-04  1.1751e-07  5.8196e-09  4.6070e-08 -9.0738e-08 -1.7630e-07 -2.3937e-07  8.2800e-07  9.2381e-07
  1.5150e+02 -1.2878e-04 -1.0891e-04 -1.1937e-04  0.0000e+00  3.4235e-07 -1.0737e-04  1.1464e-07  5.6768e-09  4.0256e-08 -7.9257e-08 -1.8250e-07 -2.4047e-07  7.9201e-07  9.0008e-07
  1.5250e+02 -1.2731e-04 -1.0994e-04 -1.1803e-04  0.0000e+00  3.3474e-07 -1.0592e-04  1.1282e-07  5.5362e-09  3.5115e-08 -6.9051e-08 -1.8775e-07 -2.4185e-07  7.5786e-07  8.7688e-07
  1.5350e+02 -1.2579e-04 -1.0785e-04 -1.1664e-04  0.0000e+00  3.2517e-07 -1.0446e-04  1.1239e-07  5.3960e-09  3.0477e-08 -6.0007e-08 -1.9220e-07 -2.4399e-07  7.2539e-07  8.5421e-07
  1.5450e+02 -1.2422e-04 -1.0395e-04 -1.1520e-04  0.0000e+00  3.1378e-07 -1.0296e-04  1.1344e-07  5.2540e-09  2.6292e-08 -5.2002e-08 -1.9594e-07 -2.4732e-07  6.9446e-07  8.3210e-07
  1.5550e+02 -1.2262e-04 -9.9958e-05 -1.1374e-04  0.0000e+00  3.0092e-07 -1.0140e-04  1.1588e-07  5.1080e-09  2.2640e-08 -4.4907e-08 -1.9904e-07 -2.5205e-07  6.6488e-07  8.1054e-07
  1.5650e+02 -1.2099e-04 -9.7543e-05 -1.1225e-04  0.0000e+00  2.8701e-07 -9.9767e-05  1.1938e-07  4.9563e-09  1.9262e-08 -3.8585e-08 -2.0152e-07 -2.5819e-07  6.3649e-07  7.8955e-07
  1.5750e+02 -1.1933e-04 -9.7699e-05 -1.1075e-04  0.0000e+00  2.7238e-07 -9.8035e-05  1.2346e-07  4.7976e-09  1.6379e-08 -3.2908e-08 -2.0337e-07 -2.6545e-07  6.0913e-07  7.6912e-07
  1.5850e+02 -1.1765e-04 -9.9112e-05 -1.0923e-04  0.0000e+00  2.5704e-07 -9.6205e-05  1.2752e-07  4.6319e-09  1.3711e-08 -2.7757e-08 -2.0457e-07 -2.7320e-07  5.8269e-07  7.4926e-07
  1.5950e+02 -1.1596e-04 -1.0008e-04 -1.0770e-04  0.0000e+00  2.4057e-07 -9.4286e-05  1.3082e-07  4.4598e-09  1.1356e-08 -2.3041e-08 -2.0509e-07 -2.8056e-07  5.5708e-07  7.2995e-07
  1.6050e+02 -1.1425e-04 -9.8940e-05 -1.0618e-04  0.0000e+00  2.2206e-07 -9.2301e-05  1.3261e-07  4.2835e-09  9.2696e-09 -1.8695e-08 -2.0490e-07 -2.8637e-07  5.3225e-07  7.1117e-07
  1.6150e+02 -1.1255e-04 -9.4810e-05 -1.0465e-04  0.0000e+00  2.0037e-07 -9.0289e-05  1.3211e-07  4.1062e-09  7.3280e-09 -1.4684e-08 -2.0402e-07 -2.8940e-07  5.0825e-07  6.9288e-07
  1.6250e+02 -1.1086e-04 -8.8884e-05 -1.0314e-04  0.0000e+00  1.7441e-07 -8.8303e-05  1.2864e-07  3.9323e-09  5.7085e-09 -1.0998e-08 -2.0249e-07 -2.8845e-07  4.8513e-07  6.7505e-07
  1.6350e+02 -1.0918e-04 -8.2913e-05 -1.0163e-04  0.0000e+00  1.4371e-07 -8.6409e-05  1.2161e-07  3.7675e-09  4.1544e-09 -7.6425e-09 -2.0042e-07 -2.8250e-07  4.6305e-07  6.5763e-07
  1.6450e+02 -1.0752e-04 -7.8549e-05 -1.0013e-04  0.0000e+00  1.0895e-07 -8.4679e-05  1.1069e-07  3.6181e-09  2.8603e-09 -4.6318e-09 -1.9793e-07 -2.7091e-07  4.4216e-07  6.4056e-07
  1.6550e+02 -1.0590e-04 -7.6755e-05 -9.8643e-05  0.0000e+00  7.2319e-08 -8.3192e-05  9.5770e-08  3.4908e-09  1.6611e-09 -1.9776e-09 -1.9520e-07 -2.5344e-07  4.2265e-07  6.2379e-07
  1.6650e+02 -1.0432e-04 -7.6547e-05 -9.7173e-05  0.0000e+00  3.7602e-08 -8.2021e-05  7.7061e-08  3.3924e-09  5.8638e-10  3.1624e-10 -1.9243e-07 -2.3035e-07  4.0469e-07  6.0726e-07
  1.6750e+02 -1.0280e-04 -7.6480e-05 -9.5722e-05  0.0000e+00  9.8611e-09 -8.1233e-05  5.5110e-08  3.3290e-09 -3.1691e-10  2.2567e-09 -1.8984e-07 -2.0237e-07  3.8845e-07  5.9093e-07
  1.6850e+02 -1.0133e-04 -7.5196e-05 -9.4288e-05  0.0000e+00 -5.3230e-09 -8.0880e-05  3.0799e-08  3.3057e-09 -1.2167e-09  3.8612e-09 -1.8765e-07 -1.7065e-07  3.7404e-07  5.7474e-07
  1.6950e+02 -9.9925e-05 -7.1953e-05 -9.2877e-05  0.0000e+00 -2.9381e-09 -8.0994e-05  5.3304e-09  3.3259e-09 -1.9023e-09  5.1547e-09 -1.8601e-07 -1.3668e-07  3.6152e-07  5.5867e-07
  1.7050e+02 -9.8588e-05 -6.8335e-05 -9.1486e-05  0.0000e+00  2.0287e-08 -8.1584e-05 -1.9838e-08  3.3906e-09 -2.6045e-09  6.1653e-09 -1.8507e-07 -1.0224e-07  3.5088e-07  5.4271e-07
  1.7150e+02 -9.7317e-05 -6.6389e-05 -9.0117e-05  0.0000e+00  6.4846e-08 -8.2629e-05 -4.3084e-08  3.4980e-09 -3.1614e-09  6.9203e-09 -1.8485e-07 -6.9319e-08  3.4204e-07  5.2686e-07
  1.7250e+02 -9.6107e-05 -6.8011e-05 -8.8772e-05  0.0000e+00  1.2786e-07 -8.4079e-05 -6.2749e-08  3.6436e-09 -3.6266e-09  7.4439e-09 -1.8527e-07 -4.0021e-08  3.3484e-07  5.1116e-07
  1.7350e+02 -9.4951e-05 -7.4305e-05 -8.7449e-05  0.0000e+00  2.0312e-07 -8.5853e-05 -7.7291e-08  3.8194e-09 -4.0241e-09  7.7562e-09 -1.8608e-07 -1.6524e-08  3.2906e-07  4.9565e-07
  1.7450e+02 -9.3838e-05 -8.3487e-05 -8.6150e-05  0.0000e+00  2.8176e-07 -8.7843e-05 -8.5440e-08  4.0147e-09 -4.2228e-09  7.8747e-09 -1.8693e-07 -9.4415e-10  3.2438e-07  4.8040e-07
  1.7550e+02 -9.2755e-05 -9.3113e-05 -8.4874e-05  0.0000e+00  3.5355e-07 -8.9914e-05 -8.6332e-08  4.2167e-09 -4.3946e-09  7.8162e-09 -1.8737e-07  4.8173e-09  3.2042e-07  4.6550e-07
  1.7650e+02 -9.1686e-05 -1.0082e-04 -8.3622e-05  0.0000e+00  4.0858e-07 -9.1918e-05 -7.9612e-08  4.4108e-09 -4.3309e-09  7.5984e-09 -1.8689e-07 -7.2487e-10  3.1675e-07  4.5102e-07
  1.7750e+02 -9.0618e-05 -1.0511e-04 -8.2392e-05  0.0000e+00  4.3885e-07 -9.3697e-05 -6.5476e-08  4.5822e-09 -4.2052e-09  7.2433e-09 -1.8503e-07 -1.8398e-08  3.1292e-07  4.3705e-07
  1.7850e+02 -8.9533e-05 -1.0682e-04 -8.1185e-05  0.0000e+00  4.3977e-07 -9.5096e-05 -4.4671e-08  4.7165e-09 -3.9370e-09  6.7762e-09 -1.8146e-07 -4.8128e-08  3.0844e-07  4.2368e-07
  1.7950e+02 -8.8420e-05 -1.0751e-04 -8.0000e-05  0.0000e+00  4.1090e-07 -9.5971e-05 -1.8433e-08  4.8013e-09 -3.5374e-09  6.2272e-09 -1.7608e-07 -8.8748e-08  3.0290e-07  4.1097e-07
  1.8050e+02 -8.7267e-05 -1.0860e-04 -7.8833e-05  0.0000e+00  3.5610e-07 -9.6203e-05  1.1611e-08  4.8271e-09 -3.1257e-09  5.6296e-09 -1.6904e-07 -1.3791e-07  2.9593e-07  3.9898e-07
  1.8150e+02 -8.6067e-05 -1.1092e-04 -7.7688e-05  0.0000e+00  2.8297e-07 -9.5707e-05  4.3569e-08  4.7878e-09 -2.5686e-09  5.0200e-09 -1.6080e-07 -1.9216e-07  2.8728e-07  3.8772e-07
  1.8250e+02 -8.4816e-05 -1.1308e-04 -7.6559e-05  0.0000e+00  2.0163e-07 -9.4436e-05  7.5442e-08  4.6819e-09 -2.0909e-09  4.4365e-09 -1.5210e-07 -2.4720e-07  2.7686e-07  3.7719e-07
  1.8350e+02 -8.3515e-05 -1.1311e-04 -7.5449e-05  0.0000e+00  1.2315e-07 -9.2393e-05  1.0528e-07  4.5118e-09 -1.5628e-09  3.9190e-09 -1.4382e-07 -2.9834e-07  2.6473e-07  3.6738e-07
  1.8450e+02 -8.2169e-05 -1.0926e-04 -7.4353e-05  0.0000e+00  5.7971e-08 -8.9624e-05  1.3136e-07  4.2845e-09 -1.1324e-09  3.5081e-09 -1.3692e-07 -3.4104e-07  2.5112e-07  3.5823e-07
  1.8550e+02 -8.0785e-05 -1.0040e-04 -7.3272e-05  0.0000e+00  1.4356e-08 -8.6218e-05  1.5231e-07  4.0100e-09 -8.0977e-10  3.2431e-09 -1.3225e-07 -3.7158e-07  2.3642e-07  3.4967e-07
  1.8650e+02 -7.9374e-05 -8.8501e-05 -7.2204e-05  0.0000e+00 -2.6594e-09 -8.2301e-05  1.6723e-07  3.7011e-09 -5.6697e-10  3.1600e-09 -1.3043e-07 -3.8754e-07  2.2112e-07  3.4163e-07
  1.8750e+02 -7.7949e-05 -7.6119e-05 -7.1148e-05  0.0000e+00  8.1518e-09 -7.8022e-05  1.7577e-07  3.3717e-09 -5.5521e-10  3.2875e-09 -1.3170e-07 -3.8819e-07  2.0574e-07  3.3402e-07
  1.8850e+02 -7.6522e-05 -6.5748e-05 -7.0107e-05  0.0000e+00  4.4210e-08 -7.3540e-05  1.7810e-07  3.0357e-09 -5.9438e-10  3.6422e-09 -1.3588e-07 -3.7452e-07  1.9081e-07  3.2674e-07
  1.8950e+02 -7.5107e-05 -5.9106e-05 -6.9076e-05  0.0000e+00  9.9663e-08 -6.9012e-05  1.7484e-07  2.7056e-09 -8.6219e-10  4.2234e-09 -1.4237e-07 -3.4907e-07  1.7679e-07  3.1972e-07
  1.9050e+02 -7.3715e-05 -5.5549e-05 -6.8058e-05  0.0000e+00  1.6634e-07 -6.4584e-05  1.6694e-07  2.3923e-09 -1.2161e-09  5.0100e-09 -1.5021e-07 -3.1543e-07  1.6401e-07  3.1287e-07
  1.9150e+02 -7.2354e-05 -5.3626e-05 -6.7053e-05  0.0000e+00  2.3495e-07 -6.0374e-05  1.5554e-07  2.1035e-09 -1.6750e-09  5.9570e-09 -1.5819e-07 -2.7765e-07  1.5269e-07  3.0614e-07
  1.9250e+02 -7.1034e-05 -5.2048e-05 -6.6061e-05  0.0000e+00  2.9642e-07 -5.6478e-05  1.4177e-07  1.8446e-09 -2.2293e-09  6.9974e-09 -1.6507e-07 -2.3962e-07  1.4289e-07  2.9949e-07
  1.9350e+02 -6.9759e-05 -4.9805e-05 -6.5086e-05  0.0000e+00  3.4302e-07 -5.2960e-05  1.2669e-07  1.6181e-09 -2.7353e-09  8.0455e-09 -1.6970e-07 -2.0448e-07  1.3453e-07  2.9287e-07
  1.9450e+02 -6.8533e-05 -4.6977e-05 -6.4125e-05  0.0000e+00  3.6927e-07 -4.9858e-05  1.1115e-07  1.4243e-09 -3.2889e-09  9.0045e-09 -1.7122e-07 -1.7441e-07  1.2748e-07  2.8628e-07
  1.9550e+02 -6.7356e-05 -4.3943e-05 -6.3182e-05  0.0000e+00  3.7250e-07 -4.7186e-05  9.5801e-08  1.2620e-09 -3.6766e-09  9.7755e-09 -1.6913e-07 -1.5048e-07  1.2151e-07  2.7970e-07
  1.9650e+02 -6.6230e-05 -4.1066e-05 -6.2255e-05  0.0000e+00  3.5289e-07 -4.4941e-05  8.1079e-08  1.1289e-09 -4.0049e-09  1.0269e-08 -1.6340e-07 -1.3281e-07  1.1639e-07  2.7313e-07
  1.9750e+02 -6.5154e-05 -3.8652e-05 -6.1346e-05  0.0000e+00  3.1320e-07 -4.3105e-05  6.7271e-08  1.0221e-09 -4.1686e-09  1.0415e-08 -1.5438e-07 -1.2090e-07  1.1192e-07  2.6657e-07
  1.9850e+02 -6.4127e-05 -3.6756e-05 -6.0456e-05  0.0000e+00  2.5815e-07 -4.1652e-05  5.4553e-08  9.3855e-10 -4.1569e-09  1.0170e-08 -1.4281e-07 -1.1387e-07  1.0789e-07  2.6004e-07
  1.9950e+02 -6.3146e-05 -3.5395e-05 -5.9582e-05  0.0000e+00  1.9368e-07 -4.0546e-05  4.3018e-08  8.7542e-10 -4.0256e-09  9.5242e-09 -1.2963e-07 -1.1074e-07  1.0415e-07  2.5353e-07
  2.0050e+02 -6.2207e-05 -3.4563e-05 -5.8725e-05  0.0000e+00  1.2614e-07 -3.9749e-05  3.2702e-08  8.3000e-10 -3.6682e-09  8.5023e-09 -1.1593e-07 -1.1051e-07  1.0059e-07  2.4707e-07
  2.0150e+02 -6.1309e-05 -3.4287e-05 -5.7884e-05  0.0000e+00  6.1594e-08 -3.9225e-05  2.3572e-08  8.0006e-10 -3.2441e-09  7.1599e-09 -1.0276e-07 -1.1221e-07  9.7116e-08  2.4067e-07
  2.0250e+02 -6.0448e-05 -3.4673e-05 -5.7058e-05  0.0000e+00  5.2673e-09 -3.8937e-05  1.5518e-08  7.8380e-10 -2.6465e-09  5.5775e-09 -9.1089e-08 -1.1478e-07  9.3687e-08  2.3433e-07
  2.0350e+02 -5.9620e-05 -3.5834e-05 -5.6244e-05  0.0000e+00 -3.8822e-08 -3.8857e-05  8.3530e-09  7.8000e-10 -2.0120e-09  3.8519e-09 -8.1681e-08 -1.1704e-07  9.0286e-08  2.2806e-07
  2.0450e+02 -5.8822e-05 -3.7914e-05 -5.5443e-05  0.0000e+00 -6.8093e-08 -3.8966e-05  1.8296e-09  7.8795e-10 -1.3421e-09  2.0864e-09 -7.5050e-08 -1.1773e-07  8.6931e-08  2.2189e-07
  2.0550e+02 -5.8053e-05 -4.0763e-05 -5.4652e-05  0.0000e+00 -8.1503e-08 -3.9253e-05 -4.3032e-09  8.0747e-10 -6.3961e-10  3.8120e-10 -7.1423e-08 -1.1562e-07  8.3672e-08  2.1580e-07
  2.0650e+02 -5.7312e-05 -4.3241e-05 -5.3869e-05  0.0000e+00 -7.9550e-08 -3.9718e-05 -1.0223e-08  8.3866e-10 -2.2345e-11 -1.1750e-09 -7.0726e-08 -1.0981e-07  8.0584e-08  2.0980e-07
  2.0750e+02 -5.6595e-05 -4.3953e-05 -5.3094e-05  0.0000e+00 -6.4183e-08 -4.0363e-05 -1.5949e-08  8.8161e-10  6.0254e-10 -2.5093e-09 -7.2583e-08 -1.0001e-07  7.7756e-08  2.0388e-07
  2.0850e+02 -5.5902e-05 -4.1529e-05 -5.2325e-05  0.0000e+00 -3.8602e-08 -4.1187e-05 -2.1274e-08  9.3601e-10  1.0865e-09 -3.5690e-09 -7.6361e-08 -8.6734e-08  7.5275e-08  1.9806e-07
  2.0950e+02 -5.5228e-05 -3.5452e-05 -5.1561e-05  0.0000e+00 -6.9290e-09 -4.2175e-05 -2.5758e-08  1.0007e-09  1.5234e-09 -4.3212e-09 -8.1225e-08 -7.1386e-08  7.3198e-08  1.9233e-07
  2.1050e+02 -5.4570e-05 -2.8714e-05 -5.0800e-05  0.0000e+00  2.6275e-08 -4.3291e-05 -2.8787e-08  1.0731e-09  1.8316e-09 -4.7518e-09 -8.6252e-08 -5.6054e-08  7.1542e-08  1.8671e-07
  2.1150e+02 -5.3921e-05 -2.5323e-05 -5.0043e-05  0.0000e+00  5.6589e-08 -4.4472e-05 -2.9704e-08  1.1495e-09  2.0135e-09 -4.8637e-09 -9.0552e-08 -4.3127e-08  7.0265e-08  1.8121e-07
  2.1250e+02 -5.3271e-05 -2.8922e-05 -4.9288e-05  0.0000e+00  8.0354e-08 -4.5633e-05 -2.7997e-08  1.2249e-09  2.1250e-09 -4.6731e-09 -9.3404e-08 -3.4756e-08  6.9269e-08  1.7586e-07
  2.1350e+02 -5.2613e-05 -4.1912e-05 -4.8536e-05  0.0000e+00  9.5208e-08 -4.6672e-05 -2.3483e-08  1.2936e-09  2.0603e-09 -4.2076e-09 -9.4374e-08 -3.2319e-08  6.8414e-08  1.7070e-07
  2.1450e+02 -5.1936e-05 -5.9574e-05 -4.7787e-05  0.0000e+00  1.0042e-07 -4.7490e-05 -1.6435e-08  1.3501e-09  1.9294e-09 -3.5026e-09 -9.3382e-08 -3.6023e-08  6.7543e-08  1.6575e-07
  2.1550e+02 -5.1234e-05 -7.5524e-05 -4.7040e-05  0.0000e+00  9.6920e-08 -4.8004e-05 -7.6176e-09  1.3900e-09  1.6189e-09 -2.5992e-09 -9.0709e-08 -4.4789e-08  6.6511e-08  1.6105e-07
  2.1650e+02 -5.0505e-05 -8.3500e-05 -4.6298e-05  0.0000e+00  8.7003e-08 -4.8172e-05  1.8228e-09  1.4111e-09  1.2143e-09 -1.5415e-09 -8.6909e-08 -5.6450e-08  6.5218e-08  1.5660e-07
  2.1750e+02 -4.9749e-05 -7.9262e-05 -4.5560e-05  0.0000e+00  7.3729e-08 -4.7996e-05  1.0574e-08  1.4135e-09  6.8194e-10 -3.7433e-10 -8.2676e-08 -6.8252e-08  6.3627e-08  1.5240e-07
  2.1850e+02 -4.8974e-05 -6.5571e-05 -4.4826e-05  0.0000e+00  6.0177e-08 -4.7530e-05  1.7449e-08  1.4002e-09  2.3456e-11  8.5924e-10 -7.8660e-08 -7.7518e-08  6.1771e-08  1.4843e-07
  2.1950e+02 -4.8188e-05 -4.7875e-05 -4.4100e-05  0.0000e+00  4.8714e-08 -4.6863e-05  2.1673e-08  1.3757e-09 -6.5802e-10  2.1195e-09 -7.5294e-08 -8.2319e-08  5.9744e-08  1.4465e-07
  2.2050e+02 -4.7402e-05 -3.1171e-05 -4.3381e-05  0.0000e+00  4.0456e-08 -4.6102e-05  2.3084e-08  1.3459e-09 -1.4355e-09  3.3715e-09 -7.2685e-08 -8.1967e-08  5.7672e-08  1.4102e-07
  2.2150e+02 -4.6625e-05 -1.9692e-05 -4.2672e-05  0.0000e+00  3.5079e-08 -4.5345e-05  2.2196e-08  1.3160e-09 -2.1687e-09  4.5858e-09 -7.0572e-08 -7.7190e-08  5.5685e-08  1.3751e-07
  2.2250e+02 -4.5865e-05 -1.4838e-05 -4.1973e-05  0.0000e+00  3.1010e-08 -4.4652e-05  2.0083e-08  1.2896e-09 -2.9174e-09  5.7379e-09 -6.8409e-08 -6.9947e-08  5.3876e-08  1.3408e-07
  2.2350e+02 -4.5123e-05 -1.7035e-05 -4.1286e-05  0.0000e+00  2.5967e-08 -4.4034e-05  1.8129e-08  1.2682e-09 -3.5883e-09  6.8069e-09 -6.5514e-08 -6.2920e-08  5.2286e-08  1.3073e-07
  2.2450e+02 -4.4396e-05 -2.6564e-05 -4.0612e-05  0.0000e+00  1.7698e-08 -4.3441e-05  1.7681e-08  1.2501e-09 -4.1733e-09  7.7742e-09 -6.1284e-08 -5.8820e-08  5.0884e-08  1.2747e-07
  2.2550e+02 -4.3677e-05 -4.3068e-05 -3.9953e-05  0.0000e+00  4.7255e-09 -4.2774e-05  1.9715e-08  1.2316e-09 -4.6915e-09  8.6210e-09 -5.5394e-08 -5.9685e-08  4.9582e-08  1.2431e-07
  2.2650e+02 -4.2955e-05 -6.1546e-05 -3.9309e-05  0.0000e+00 -1.3115e-08 -4.1912e-05  2.4580e-08  1.2075e-09 -5.0436e-09  9.3274e-09 -4.7937e-08 -6.6337e-08  4.8254e-08  1.2130e-07
  2.2750e+02 -4.2222e-05 -7.5841e-05 -3.8681e-05  0.0000e+00 -3.4481e-08 -4.0732e-05  3.1897e-08  1.1728e-09 -5.3250e-09  9.8711e-09 -3.9466e-08 -7.8151e-08  4.6765e-08  1.1847e-07
  2.2850e+02 -4.1470e-05 -8.0151e-05 -3.8071e-05  0.0000e+00 -5.6753e-08 -3.9150e-05  4.0619e-08  1.1237e-09 -5.4368e-09  1.0229e-08 -3.0897e-08 -9.3149e-08  4.5010e-08  1.1584e-07
  2.2950e+02 -4.0699e-05 -7.0398e-05 -3.7477e-05  0.0000e+00 -7.6631e-08 -3.7144e-05  4.9234e-08  1.0589e-09 -5.4502e-09  1.0377e-08 -2.3317e-08 -1.0841e-07  4.2939e-08  1.1341e-07
